episode,omega1,omega2,omega3,omega4,omega5,omega
1,0.166666666667,0.166666666667,0.166666666667,0.166666666667,0.166666666667,0.166666666667
2,0.166666666667,0.166666666667,0.166666666667,0.166666666667,0.166666666667,0.166666666667
3,0.166666666667,0.166666666667,0.166666666667,0.166666666667,0.166666666667,0.166666666667
4,0.166666666667,0.166666666667,0.166666666667,0.166666666667,0.166666666667,0.166666666667
5,0.16629854913,0.16629854913,0.16629854913,0.16629854913,0.168507254349,0.16629854913
6,0.166206014799,0.166206014799,0.166206014799,0.166206014799,0.168969926003,0.166206014799
7,0.166113278169,0.166113278169,0.166113278169,0.166113278169,0.169433609155,0.166113278169
8,0.166020339081,0.166020339081,0.166020339081,0.166020339081,0.169898304596,0.166020339081
9,0.165927197378,0.165927197378,0.165927197378,0.165927197378,0.170364013109,0.165927197378
10,0.165833852906,0.165833852906,0.165833852906,0.165833852906,0.170830735468,0.165833852906
11,0.166206014799,0.166206014799,0.166206014799,0.166206014799,0.168969926003,0.166206014799
12,0.166159671782,0.166159671782,0.166159671782,0.166159671782,0.169201641092,0.166159671782
13,0.166064882396,0.166064882396,0.166064882396,0.166064882396,0.16967558802,0.166064882396
14,0.166014345548,0.166014345548,0.166014345548,0.166014345548,0.169928272261,0.166014345548
15,0.165963748865,0.165963748865,0.165963748865,0.165963748865,0.170181255677,0.165963748865
16,0.16610274578,0.16610274578,0.16610274578,0.16610274578,0.169486271099,0.16610274578
17,0.166048304366,0.166048304366,0.166048304366,0.166048304366,0.169758478168,0.166048304366
18,0.166009355354,0.166009355354,0.166009355354,0.166009355354,0.169953223232,0.166009355354
19,0.165970370816,0.165970370816,0.165970370816,0.165970370816,0.17014814592,0.165970370816
20,0.165931350742,0.165931350742,0.165931350742,0.165931350742,0.170343246289,0.165931350742
21,0.165892295121,0.165892295121,0.165892295121,0.165892295121,0.170538524396,0.165892295121
22,0.16585320394,0.16585320394,0.16585320394,0.16585320394,0.170733980298,0.16585320394
23,0.165286645841,0.165286645841,0.165286645841,0.165286645841,0.173566770795,0.165286645841
24,0.165222857975,0.165222857975,0.165222857975,0.165222857975,0.173885710126,0.165222857975
25,0.165158977602,0.165158977602,0.165158977602,0.165158977602,0.174205111988,0.165158977602
26,0.16509500468,0.16509500468,0.16509500468,0.16509500468,0.174524976599,0.16509500468
27,0.165030939165,0.165030939165,0.165030939165,0.165030939165,0.174845304173,0.165030939165
28,0.164966781015,0.164966781015,0.164966781015,0.164966781015,0.175166094925,0.164966781015
29,0.164902530187,0.164902530187,0.164902530187,0.164902530187,0.175487349064,0.164902530187
30,0.164838186639,0.164838186639,0.164838186639,0.164838186639,0.175809066803,0.164838186639
31,0.165049253049,0.165049253049,0.165049253049,0.165049253049,0.174753734756,0.165049253049
32,0.165206896556,0.165206896556,0.165206896556,0.165206896556,0.173965517221,0.165206896556
33,0.165158977602,0.165158977602,0.165158977602,0.165158977602,0.174205111988,0.165158977602
34,0.16511100659,0.16511100659,0.16511100659,0.16511100659,0.174444967052,0.16511100659
35,0.164001514508,0.164001514508,0.164001514508,0.164001514508,0.179992427462,0.164001514508
36,0.163920666568,0.163920666568,0.163920666568,0.163920666568,0.180396667162,0.163920666568
37,0.163839677088,0.163839677088,0.163839677088,0.163839677088,0.180801614559,0.163839677088
38,0.163758546002,0.163758546002,0.163758546002,0.163758546002,0.181207269991,0.163758546002
39,0.163677273241,0.163677273241,0.163677273241,0.163677273241,0.181613633794,0.163677273241
40,0.16359585874,0.16359585874,0.16359585874,0.16359585874,0.182020706301,0.16359585874
41,0.163839677088,0.163839677088,0.163839677088,0.163839677088,0.180801614559,0.163839677088
42,0.1640382168,0.1640382168,0.1640382168,0.1640382168,0.179808916,0.1640382168
43,0.163972131629,0.163972131629,0.163972131629,0.163972131629,0.180139341856,0.163972131629
44,0.163905951737,0.163905951737,0.163905951737,0.163905951737,0.180470241313,0.163905951737
45,0.163839677088,0.163839677088,0.163839677088,0.163839677088,0.180801614559,0.163839677088
46,0.163773307644,0.163773307644,0.163773307644,0.163773307644,0.181133461779,0.163773307644
47,0.163706843369,0.163706843369,0.163706843369,0.163706843369,0.181465783157,0.163706843369
48,0.163640284225,0.163640284225,0.163640284225,0.163640284225,0.181798578876,0.163640284225
49,0.163573630177,0.163573630177,0.163573630177,0.163573630177,0.182131849117,0.163573630177
50,0.163506881189,0.163506881189,0.163506881189,0.163506881189,0.182465594057,0.163506881189
51,0.163440037225,0.163440037225,0.163440037225,0.163440037225,0.182799813874,0.163440037225
52,0.163373098252,0.163373098252,0.163373098252,0.163373098252,0.183134508742,0.163373098252
53,0.163306064233,0.163306064233,0.163306064233,0.163306064233,0.183469678834,0.163306064233
54,0.163238935136,0.163238935136,0.163238935136,0.163238935136,0.183805324321,0.163238935136
55,0.163171710925,0.163171710925,0.163171710925,0.163171710925,0.184141445373,0.163171710925
56,0.163104391569,0.163104391569,0.163104391569,0.163104391569,0.184478042156,0.163104391569
57,0.163036977033,0.163036977033,0.163036977033,0.163036977033,0.184815114836,0.163036977033
58,0.162969467285,0.162969467285,0.162969467285,0.162969467285,0.185152663576,0.162969467285
59,0.162901862292,0.162901862292,0.162901862292,0.162901862292,0.185490688538,0.162901862292
60,0.162834162024,0.162834162024,0.162834162024,0.162834162024,0.18582918988,0.162834162024
61,0.163104391569,0.163104391569,0.163104391569,0.163104391569,0.184478042156,0.163104391569
62,0.163042598547,0.163042598547,0.163042598547,0.163042598547,0.184787007265,0.163042598547
63,0.162980725523,0.162980725523,0.162980725523,0.162980725523,0.185096372386,0.162980725523
64,0.163115158612,0.163115158612,0.163115158612,0.163115158612,0.184424206939,0.163115158612
65,0.163324085426,0.163324085426,0.163324085426,0.163324085426,0.18337957287,0.163324085426
66,0.163269852888,0.163269852888,0.163269852888,0.163269852888,0.183650735558,0.163269852888
67,0.163215558219,0.163215558219,0.163215558219,0.163215558219,0.183922208905,0.163215558219
68,0.162588036761,0.162588036761,0.162588036761,0.162588036761,0.183546942828,0.166100910129
69,0.162525388102,0.162525388102,0.162525388102,0.162525388102,0.183808558353,0.166089889238
70,0.162462687197,0.162462687197,0.162462687197,0.162462687197,0.184070460222,0.166078790991
71,0.162399934044,0.162399934044,0.162399934044,0.162399934044,0.184332648504,0.166067615322
72,0.162337128641,0.162337128641,0.162337128641,0.162337128641,0.184595123269,0.166056362165
73,0.16227427099,0.16227427099,0.16227427099,0.16227427099,0.184857884587,0.166045031453
74,0.162475099145,0.162475099145,0.162475099145,0.162475099145,0.183796027659,0.16630357576
75,0.159119304312,0.159119304312,0.159119304312,0.159119304312,0.180304154516,0.183218628235
76,0.159015259712,0.159015259712,0.159015259712,0.159015259712,0.180490861329,0.183448099823
77,0.159140929398,0.159140929398,0.159140929398,0.159140929398,0.179492986608,0.1839432958
78,0.155708905983,0.155708905983,0.155708905983,0.155708905983,0.175900369756,0.201264006313
79,0.186381909725,0.149883251878,0.149883251878,0.149883251878,0.169587606689,0.194380727951
80,0.186867185301,0.149854201493,0.149854201493,0.149854201493,0.168578360891,0.194991849328
81,0.187331849263,0.149807663404,0.149807663404,0.149807663404,0.167663106991,0.195582053534
82,0.186962201795,0.149712013044,0.149712013044,0.149712013044,0.167792066621,0.196109692452
83,0.18721280676,0.149502022318,0.149502022318,0.149502022318,0.167792727653,0.196488398633
84,0.187463381924,0.149292034885,0.149292034885,0.149292034885,0.167793061348,0.196867452072
85,0.187707768399,0.149077160991,0.149077160991,0.149077160991,0.167820367263,0.197240381365
86,0.186092313864,0.149209193459,0.149209193459,0.149209193459,0.16820598352,0.198074122238
87,0.186318906882,0.149003151017,0.149003151017,0.149003151017,0.168210698703,0.198460941365
88,0.184836076148,0.149109786553,0.149109786553,0.149109786553,0.168568574738,0.199265989455
89,0.182979545368,0.147248121027,0.147248121027,0.147248121027,0.166698822507,0.208577269044
90,0.183154475004,0.147025464769,0.147025464769,0.147025464769,0.16668159041,0.20908754028
91,0.182964722618,0.14651098819,0.14651098819,0.14651098819,0.16832038184,0.209181930972
92,0.170838950818,0.136463825243,0.136463825243,0.136463825243,0.1570195321,0.262750041352
93,0.170823412852,0.136114956561,0.136114956561,0.136114956561,0.156859784767,0.263971932699
94,0.17311100505,0.137597626221,0.137597626221,0.137597626221,0.158813104487,0.2552830118
95,0.173316871155,0.137421572365,0.137421572365,0.137421572365,0.15776205439,0.256656357359
96,0.17111825921,0.135343759518,0.135343759518,0.135343759518,0.155605024561,0.267245437676
97,0.171101096688,0.134996492565,0.134996492565,0.134996492565,0.155433850699,0.268475574919
98,0.166556394169,0.131086754491,0.131086754491,0.131086754491,0.151154010056,0.289029332302
99,0.165228612339,0.130889204287,0.130889204287,0.130889204287,0.151148008918,0.290955765881
100,0.165127042922,0.130498137133,0.130498137133,0.130498137133,0.150917866159,0.292460679519
101,0.165023604835,0.130106715891,0.130106715891,0.130106715891,0.150686310491,0.293969937002
102,0.164918296919,0.129714947032,0.129714947032,0.129714947032,0.150453345164,0.295483516822
103,0.164811118119,0.129322837078,0.129322837078,0.129322837078,0.150218973518,0.297001397128
104,0.164702067483,0.128930392601,0.128930392601,0.128930392601,0.149983198984,0.298523555729
105,0.167179709228,0.130559162716,0.130559162716,0.130559162716,0.152101117336,0.289041685289
106,0.167103270767,0.130189595527,0.130189595527,0.130189595527,0.151893457081,0.29043448557
107,0.160991791143,0.125130331712,0.125130331712,0.125130331712,0.146205303174,0.317411910548
108,0.159274140953,0.124937611408,0.124937611408,0.124937611408,0.146194646472,0.31971837835
109,0.159262511907,0.124645313756,0.124645313756,0.124645313756,0.145017775461,0.321783771363
110,0.159060319297,0.124204894559,0.124204894559,0.124204894559,0.14485003378,0.323474963246
111,0.157893288881,0.123014129655,0.123014129655,0.123014129655,0.143663865672,0.329400456482
112,0.156246978286,0.122793022859,0.122793022859,0.122793022859,0.143608088045,0.331765865093
113,0.14600497216,0.114495132842,0.114495132842,0.114495132842,0.134092625519,0.376417003795
114,0.145662693566,0.113979049766,0.113979049766,0.113979049766,0.133676652184,0.378723504952
115,0.148347134079,0.115827897165,0.115827897165,0.115827897165,0.136036785117,0.368132389309
116,0.148173147501,0.115441200239,0.115441200239,0.115441200239,0.134859337153,0.370643914628
117,0.147861815244,0.114948862143,0.114948862143,0.114948862143,0.134465848285,0.372825750043
118,0.147604152956,0.11449974931,0.11449974931,0.11449974931,0.13374142344,0.375155175672
119,0.147406229355,0.114098283768,0.114098283768,0.114098283768,0.132647865036,0.377651054306
120,0.147088193404,0.113605250734,0.113605250734,0.113605250734,0.132243389975,0.379852664418
121,0.146739171521,0.113089938883,0.113089938883,0.113089938883,0.132006349845,0.381984661984
122,0.146523329269,0.112678744823,0.112678744823,0.112678744823,0.130964521441,0.384475914821
123,0.152474796108,0.111360324853,0.111360324853,0.111360324853,0.129593110731,0.383851118602
124,0.150560236147,0.11107787808,0.11107787808,0.11107787808,0.129425176577,0.386780953036
125,0.147561567684,0.10859671916,0.10859671916,0.10859671916,0.12669155364,0.399956721197
126,0.14722753179,0.108083309077,0.108083309077,0.108083309077,0.126249409496,0.402273131484
127,0.14689087404,0.107569852473,0.107569852473,0.107569852473,0.125805915273,0.40459365327
128,0.145047431792,0.107245053295,0.107245053295,0.107245053295,0.125582037176,0.407635371147
129,0.143307385529,0.106905061783,0.106905061783,0.106905061783,0.125339595587,0.410637833534
130,0.142946213555,0.106391774544,0.106391774544,0.106391774544,0.124892925518,0.412985537296
131,0.142681278099,0.1059517388,0.1059517388,0.1059517388,0.123839160852,0.415624344649
132,0.141378909486,0.104744547671,0.104744547671,0.104744547671,0.129155830858,0.415231616643
133,0.141009270697,0.104231782626,0.104231782626,0.104231782626,0.128729262423,0.417566119002
134,0.140637359347,0.103719139031,0.103719139031,0.103719139031,0.128301147957,0.419904075603
135,0.138947133447,0.10336462278,0.10336462278,0.10336462278,0.12806725083,0.422891747383
136,0.138563936896,0.102852240837,0.102852240837,0.102852240837,0.127636370041,0.425242970554
137,0.138178591585,0.102340024635,0.102340024635,0.102340024635,0.127203987981,0.427597346529
138,0.137791117832,0.101827994459,0.101827994459,0.101827994459,0.12677012653,0.429954772262
139,0.136161127821,0.101461862308,0.101461862308,0.101461862308,0.12651647601,0.432936809245
140,0.139671101726,0.103855744031,0.103855744031,0.103855744031,0.129708758387,0.419052907795
141,0.139309868401,0.103366572911,0.103366572911,0.103366572911,0.129304435297,0.421285977569
142,0.136725196669,0.101232757185,0.101232757185,0.101232757185,0.126837856327,0.432738675449
143,0.135154811419,0.100869546131,0.100869546131,0.100869546131,0.126585050225,0.435651499964
144,0.133247425375,0.099241315568,0.099241315568,0.099241315568,0.124741047857,0.444287580063
145,0.132837360262,0.0987322544684,0.0987322544684,0.0987322544684,0.124299806521,0.446666069811
146,0.131003675037,0.0971689314467,0.0971689314467,0.0971689314467,0.122527437031,0.454962093592
147,0.128992043006,0.0954799097352,0.0954799097352,0.0954799097352,0.120590319478,0.463977908311
148,0.128549743283,0.0949566583572,0.0949566583572,0.0949566583572,0.120121401997,0.466458879649
149,0.127332320974,0.0938637703655,0.0938637703655,0.0938637703655,0.118928923643,0.472147444287
150,0.126880019417,0.0933378315363,0.0933378315363,0.0933378315363,0.118451816108,0.474654669866
151,0.126426078442,0.0928124566476,0.0928124566476,0.0928124566476,0.117973593555,0.477162958061
152,0.126371151994,0.0925811724479,0.0925811724479,0.0925811724479,0.11786795276,0.478017377902
153,0.125917316281,0.0920588025201,0.0920588025201,0.0920588025201,0.11739048826,0.480515787899
154,0.125461915627,0.0915370490294,0.0915370490294,0.0915370490294,0.116911980812,0.483014956473
155,0.123889658192,0.0911319490133,0.0911319490133,0.0911319490133,0.116580870354,0.486133624414
156,0.126618799771,0.0929539380592,0.0929539380592,0.0929539380592,0.119101971951,0.475417414101
157,0.123860487654,0.0907478582862,0.0907478582862,0.0907478582862,0.116461415994,0.487434521493
158,0.123580325941,0.090362228393,0.090362228393,0.090362228393,0.116152119211,0.489180869669
159,0.118261597424,0.0863009019069,0.0863009019069,0.0863009019069,0.111109211001,0.511726485855
160,0.121055644248,0.0881638677106,0.0881638677106,0.0881638677106,0.113689377108,0.500763375512
161,0.120695252008,0.0877262922285,0.0877262922285,0.0877262922285,0.112374795044,0.503751076263
162,0.123369854424,0.0894916752582,0.0894916752582,0.0894916752582,0.114813748459,0.493341371343
163,0.121833420483,0.08909599011,0.08909599011,0.08909599011,0.114483140936,0.49639546825
164,0.121463566479,0.0886540969167,0.0886540969167,0.0886540969167,0.113375712893,0.499198429877
165,0.113577805503,0.0827384373764,0.0827384373764,0.0827384373764,0.105970230751,0.532236651617
166,0.112369524031,0.0817002607378,0.0817002607378,0.0817002607378,0.104798569133,0.537731124622
167,0.111748607321,0.0810920128709,0.0810920128709,0.0810920128709,0.105117455639,0.539857898427
168,0.111232656909,0.0805618317275,0.0805618317275,0.0805618317275,0.104593570317,0.542488277592
169,0.109751404466,0.0801196668971,0.0801196668971,0.0801196668971,0.104182239057,0.545707355785
170,0.110868184327,0.0794452889026,0.0794452889026,0.0794452889026,0.103466937997,0.547329010969
171,0.111220729524,0.0795409017701,0.0795409017701,0.0795409017701,0.103753523539,0.546403041627
172,0.113815888976,0.0812365036181,0.0812365036181,0.0812365036181,0.106131050669,0.536343549501
173,0.113194529043,0.0806338363314,0.0806338363314,0.0806338363314,0.10663085677,0.538273105193
174,0.115689446265,0.0822487271625,0.0822487271625,0.0822487271625,0.108943262165,0.528621110083
175,0.115212571062,0.0817483262009,0.0817483262009,0.0817483262009,0.108456521874,0.531085928461
176,0.114884580741,0.0813550098533,0.0813550098533,0.0813550098533,0.108110212102,0.532940177597
177,0.112755318912,0.0796898764421,0.0796898764421,0.0796898764421,0.10606966193,0.542105389832
178,0.112266914403,0.0791883802359,0.0791883802359,0.0791883802359,0.105573545002,0.544594399887
179,0.112139147614,0.0786560341717,0.0786560341717,0.0786560341717,0.105034338438,0.546858411433
180,0.113681635921,0.079579242231,0.079579242231,0.079579242231,0.10643995249,0.541140684896
181,0.112568389867,0.078643100788,0.078643100788,0.078643100788,0.105358872711,0.546143435058
182,0.112085904446,0.0781501588427,0.0781501588427,0.0781501588427,0.104868719561,0.548594899464
183,0.110228124595,0.0767018736335,0.0767018736335,0.0767018736335,0.103092646096,0.556573608409
184,0.109736724708,0.0762079427572,0.0762079427572,0.0762079427572,0.102595323648,0.559044123373
185,0.108993531674,0.0755411616756,0.0755411616756,0.0755411616756,0.101863032431,0.562519950868
186,0.108509784205,0.0750561915078,0.0750561915078,0.0750561915078,0.101281012346,0.565040628925
187,0.106227481507,0.0733312687256,0.0733312687256,0.0733312687256,0.115666875093,0.558111837224
188,0.105060898128,0.0729043663773,0.0729043663773,0.0729043663773,0.115275609856,0.560950392884
189,0.103645740948,0.0724981764574,0.0724981764574,0.0724981764574,0.114914559491,0.563945170189
190,0.102283783377,0.0720880577348,0.0720880577348,0.0720880577348,0.114544801284,0.566907242134
191,0.101792278668,0.0716089727065,0.0716089727065,0.0716089727065,0.114062684083,0.569318119129
192,0.103932807166,0.0729795751712,0.0729795751712,0.0729795751712,0.116531023118,0.560597444202
193,0.104384820898,0.0731614139376,0.0731614139376,0.0731614139376,0.117107956765,0.559022980524
194,0.105494067063,0.0738021207864,0.0738021207864,0.0738021207864,0.1184233222,0.554676248378
195,0.105026481738,0.0733391192122,0.0733391192122,0.0733391192122,0.117969074789,0.556987085837
196,0.106996446934,0.0745765511156,0.0745765511156,0.0745765511156,0.120253815102,0.549020084617
197,0.100472843416,0.0699000841072,0.0699000841072,0.0699000841072,0.112989568917,0.576837335346
198,0.0977276226984,0.0678644612728,0.0678644612728,0.0678644612728,0.109968207048,0.588710786435
199,0.0952933812581,0.0660516810366,0.0660516810366,0.0660516810366,0.107293323555,0.599258252077
200,0.0951585130085,0.065556122152,0.065556122152,0.065556122152,0.106749577319,0.601423543216
201,0.0946575950977,0.0650890356523,0.0650890356523,0.0650890356523,0.10624899491,0.603826303035
202,0.0935662868044,0.0642182589934,0.0642182589934,0.0642182589934,0.105084728269,0.608694207946
203,0.0953248343178,0.0653028226351,0.0653028226351,0.0653028226351,0.10712161626,0.601645081516
204,0.0929628002169,0.0635655564737,0.0635655564737,0.0635655564737,0.104527629494,0.611812900868
205,0.0894790335117,0.0610689851125,0.0610689851125,0.0610689851125,0.10066860159,0.626645409561
206,0.0881950677356,0.0606594297974,0.0606594297974,0.0606594297974,0.100238772948,0.629587869925
207,0.0869557583579,0.0602480979229,0.0602480979229,0.0602480979229,0.0998032866796,0.632496661194
208,0.0866520697326,0.0597767697756,0.0597767697756,0.0597767697756,0.0992654306159,0.634752190324
209,0.0881924715829,0.0607303868509,0.0607303868509,0.0607303868509,0.101096406924,0.62851996094
210,0.0855562564901,0.058809479947,0.058809479947,0.058809479947,0.0981388799039,0.639876423765
211,0.0827817562586,0.0568003788667,0.0568003788667,0.0568003788667,0.0950186980607,0.651798409081
212,0.0819779482618,0.0561480493064,0.0561480493064,0.0561480493064,0.0941578645775,0.655420039241
213,0.0814688285059,0.0556993504714,0.0556993504714,0.0556993504714,0.0936345534418,0.657798566638
214,0.0807982773851,0.0551419084096,0.0551419084096,0.0551419084096,0.0929248546326,0.660851142753
215,0.0815644212044,0.0546218289319,0.0546218289319,0.0546218289319,0.092274228029,0.662295863971
216,0.0832496990558,0.0556460624191,0.0556460624191,0.0556460624191,0.0942351022938,0.655577011393
217,0.0803549742872,0.0536106187993,0.0536106187993,0.0536106187993,0.0910108504845,0.66780231883
218,0.0765721350108,0.0509911841239,0.0509911841239,0.0509911841239,0.0867763812103,0.683677931407
219,0.0759657499813,0.0504926841469,0.0504926841469,0.0504926841469,0.0861388324029,0.686417365175
220,0.0755508800647,0.0501229291719,0.0501229291719,0.0501229291719,0.084483679067,0.689596653353
221,0.0750435884848,0.0496931807689,0.0496931807689,0.0496931807689,0.0839592396581,0.69191762955
222,0.0758407807042,0.0501270659395,0.0501270659395,0.0501270659395,0.0848944525024,0.688883568975
223,0.0773990643822,0.0510612553968,0.0510612553968,0.0510612553968,0.0866829815538,0.682734187873
224,0.0747228668221,0.0492034539723,0.0492034539723,0.0492034539723,0.0837284919224,0.693938279339
225,0.0742228857691,0.048782739738,0.048782739738,0.048782739738,0.0832107031804,0.696218191837
226,0.0737244195771,0.0483644219303,0.0483644219303,0.0483644219303,0.0826940632184,0.698488251413
227,0.0717174281821,0.0469597345891,0.0469597345891,0.0469597345891,0.0804839513815,0.706919416669
228,0.0712910811739,0.0465931867243,0.0465931867243,0.0465931867243,0.0790615092357,0.709867849418
229,0.0693420000863,0.0452345074007,0.0452345074007,0.0452345074007,0.076935041549,0.718019436162
230,0.068452709344,0.0445708001169,0.0445708001169,0.0445708001169,0.0759829935325,0.721851896773
231,0.0692746263011,0.0450215318076,0.0450215318076,0.0450215318076,0.0769303801118,0.718730398164
232,0.0687841951707,0.0446191222913,0.0446191222913,0.0446191222913,0.0764205705435,0.720937867412
233,0.0667431742149,0.0432141034708,0.0432141034708,0.0432141034708,0.0741867596087,0.729427755764
234,0.0655191617423,0.0423421854428,0.0423421854428,0.0423421854428,0.0728594361906,0.734594845739
235,0.0651764564664,0.0420418646474,0.0420418646474,0.0420418646474,0.0725113762151,0.736186573376
236,0.06475858011,0.0416941217215,0.0416941217215,0.0416941217215,0.0710746712548,0.739084383471
237,0.0621141870541,0.0399166976914,0.0399166976914,0.0399166976914,0.0681993659182,0.749936353953
238,0.0614305458981,0.0394034693073,0.0394034693073,0.0394034693073,0.0674754664483,0.752883579732
239,0.0614765132827,0.0393591401252,0.0393591401252,0.0393591401252,0.0675527041019,0.75289336224
240,0.0614491416115,0.0392679728237,0.0392679728237,0.0392679728237,0.0675493727239,0.753197567194
241,0.0596538436504,0.0380493620914,0.0380493620914,0.0380493620914,0.0656018249537,0.760596245122
242,0.0592640564685,0.0377299830622,0.0377299830622,0.0377299830622,0.0651989877948,0.76234700655
243,0.0581952997435,0.036980215059,0.036980215059,0.036980215059,0.0640485611714,0.766815493908
244,0.056361003801,0.0357475703668,0.0357475703668,0.0357475703668,0.0620543423601,0.774341942739
245,0.0559015691442,0.0353897990162,0.0353897990162,0.0353897990162,0.0615728769495,0.776356156858
246,0.0561898458407,0.0355057119564,0.0355057119564,0.0355057119564,0.0619149145235,0.775378103767
247,0.0558213497589,0.0352068366848,0.0352068366848,0.0352068366848,0.0615332367298,0.777024903457
248,0.0553679398886,0.0348555005748,0.0348555005748,0.0348555005748,0.0610576072396,0.779007951147
249,0.0531519451178,0.0333978422537,0.0333978422537,0.0333978422537,0.0586371114345,0.788017416687
250,0.0521796749909,0.0330743850386,0.0330743850386,0.0330743850386,0.0582011598106,0.790396010083
251,0.0511316065224,0.0323507703869,0.0323507703869,0.0323507703869,0.0570571652145,0.794758917102
252,0.0508001361247,0.0320822520009,0.0320822520009,0.0320822520009,0.0567121499359,0.796240957937
253,0.0503972849535,0.0317696105423,0.0317696105423,0.0317696105423,0.0562870980821,0.798006785338
254,0.0500665896554,0.0315034082502,0.0315034082502,0.0315034082502,0.0559422862894,0.799480899305
255,0.0498020982849,0.0312796549095,0.0312796549095,0.0312796549095,0.0556711670425,0.800687769944
256,0.0492535963688,0.0308785600519,0.0308785600519,0.0308785600519,0.0550821793013,0.803028544174
257,0.0480673922375,0.030079764717,0.030079764717,0.030079764717,0.053779184442,0.80791412917
258,0.0476678913431,0.0297751936732,0.0297751936732,0.0297751936732,0.0529268274745,0.810079700163
259,0.0469862192048,0.0292957037721,0.0292957037721,0.0292957037721,0.0521911985183,0.812935470961
260,0.0465720584663,0.0289843556367,0.0289843556367,0.0289843556367,0.0517522280132,0.81472264661
261,0.0462627068346,0.0287391577584,0.0287391577584,0.0287391577584,0.0514294056419,0.816090414248
262,0.0452452814741,0.0280556975903,0.0280556975903,0.0280556975903,0.0503188384983,0.820268787257
263,0.0443458598262,0.0274476797572,0.0274476797572,0.0274476797572,0.0493386476277,0.823972453275
264,0.0439454830083,0.0271501092225,0.0271501092225,0.0271501092225,0.0489131071265,0.825691082198
265,0.0420680090045,0.0259426345478,0.0259426345478,0.0259426345478,0.0468424730402,0.833261614312
266,0.041542517066,0.0255717062737,0.0255717062737,0.0255717062737,0.0462761811209,0.835466182992
267,0.0410905946085,0.0252472515397,0.0252472515397,0.0252472515397,0.0457914060552,0.837376244717
268,0.0405083710725,0.0248439840363,0.0248439840363,0.0248439840363,0.0451609616106,0.839798715208
269,0.0399350585714,0.0244475626857,0.0244475626857,0.0244475626857,0.0445399345803,0.842182318791
270,0.0402341868706,0.0245856249417,0.0245856249417,0.0245856249417,0.0448918316636,0.841117106641
271,0.0398539971607,0.0243087534965,0.0243087534965,0.0243087534965,0.0444857411512,0.842734001199
272,0.0392192136323,0.02387780859,0.02387780859,0.02387780859,0.0437950145009,0.845352346097
273,0.038728145725,0.0235356972797,0.0235356972797,0.0235356972797,0.0432642664535,0.847400495982
274,0.0378909475573,0.0229847938243,0.0229847938243,0.0229847938243,0.0423462497746,0.850808421195
275,0.0378946479287,0.0229449863493,0.0229449863493,0.0229449863493,0.0423676341475,0.850902758876
276,0.0355217284049,0.0214688507743,0.0214688507743,0.0214688507743,0.0397307967237,0.860340922548
277,0.0362057787649,0.0218422504233,0.0218422504233,0.0218422504233,0.0405123957024,0.857755074263
278,0.0358109182682,0.0215645165794,0.0215645165794,0.0215645165794,0.0400868875647,0.859408644429
279,0.0354628623371,0.0213158588803,0.0213158588803,0.0213158588803,0.0397134406561,0.860876120366
280,0.0351769503945,0.0211053236912,0.0211053236912,0.0211053236912,0.0394093038058,0.862097774726
281,0.0349834722136,0.0209508440435,0.0209508440435,0.0209508440435,0.0392085098317,0.862955485824
282,0.0350115501838,0.0209293014186,0.0209293014186,0.0209293014186,0.0392559609107,0.86294458465
283,0.0348562088179,0.0207983231623,0.0207983231623,0.0207983231623,0.0390977053217,0.863651116374
284,0.0346147758929,0.0206164781544,0.0206164781544,0.0206164781544,0.0388427073209,0.864693082323
285,0.0342994369645,0.0203912911572,0.0203912911572,0.0203912911572,0.0379121543454,0.866614535219
286,0.0342195187781,0.0203065625561,0.0203065625561,0.0203065625561,0.0378371580934,0.86702363546
287,0.033181350071,0.0196544705219,0.0196544705219,0.0196544705219,0.0367021751295,0.871153063234
288,0.0337830863846,0.0199742922878,0.0199742922878,0.0199742922878,0.0373809395899,0.868913097162
289,0.0332442987966,0.0196197755529,0.0196197755529,0.0196197755529,0.0367977450191,0.871098629526
290,0.0329200236804,0.0193928562146,0.0193928562146,0.0193928562146,0.0364516596516,0.872449748024
291,0.0321484535012,0.0189036864572,0.0189036864572,0.0189036864572,0.0356098703706,0.875530616757
292,0.032066486956,0.0188209951779,0.0188209951779,0.0188209951779,0.0355316052935,0.875938922217
293,0.0318371908704,0.0186522282744,0.0186522282744,0.0186522282744,0.0352899729742,0.876916151332
294,0.0313307924417,0.0183219688761,0.0183219688761,0.0183219688761,0.0347409030427,0.878962397887
295,0.0309795128689,0.0180834015787,0.0180834015787,0.0180834015787,0.0343635044182,0.880406777977
296,0.0307562774907,0.0179202512187,0.0179202512187,0.0179202512187,0.0341279162363,0.881355052617
297,0.0304106297246,0.0176864437482,0.0176864437482,0.0176864437482,0.0337562779284,0.882773761102
298,0.030261224647,0.0175673552657,0.0175673552657,0.0175673552657,0.0336022825379,0.883434427018
299,0.0302327947007,0.0175187437541,0.0175187437541,0.0175187437541,0.0335825533631,0.883628420674
300,0.0297007992472,0.0171789882404,0.0171789882404,0.0171789882404,0.0330032488363,0.885758987195
301,0.0290706858622,0.0167837694417,0.0167837694417,0.0167837694417,0.0323144653424,0.88826354047
302,0.0289859059012,0.0167042078621,0.0167042078621,0.0167042078621,0.0322315887783,0.888669881734
303,0.0284771477087,0.0163809949429,0.0163809949429,0.0163809949429,0.0316770304763,0.890702836986
304,0.0283008269721,0.0162497878439,0.0162497878439,0.0162497878439,0.0314919997738,0.891457809723
305,0.0280912096528,0.0160999227003,0.0160999227003,0.0160999227003,0.0312697704799,0.892339251766
306,0.0273264393173,0.0156329585603,0.0156329585603,0.0156329585603,0.0304291931948,0.895345491807
307,0.027318072019,0.0155995818443,0.0155995818443,0.0155995818443,0.0304306042525,0.895452578195
308,0.0271767177641,0.0154904736131,0.0154904736131,0.0154904736131,0.0302838212176,0.896068040179
309,0.0275055437717,0.0156492204344,0.0156492204344,0.0156492204344,0.030661051431,0.894885743494
310,0.0269256286223,0.0152912540945,0.0152912540945,0.0152912540945,0.0300251923877,0.897175416706
311,0.0271663175683,0.0153997194003,0.0153997194003,0.0153997194003,0.0303042722948,0.896330251936
312,0.0271250492365,0.0153481964849,0.0153481964849,0.0153481964849,0.0302689085047,0.896561452804
313,0.0265025302996,0.0149685225383,0.0149685225383,0.0149685225383,0.029584668282,0.899007233803
314,0.0261986172767,0.0147698045121,0.0147698045121,0.0147698045121,0.0292557255987,0.900236243588
315,0.025695152658,0.0144594695039,0.0144594695039,0.0144594695039,0.0287036314162,0.902222807414
316,0.0256311270343,0.0143970542548,0.0143970542548,0.0143970542548,0.0286422073549,0.902535502846
317,0.0248858749724,0.0139528727604,0.0139528727604,0.0139528727604,0.0278192127135,0.905436294033
318,0.0245662315148,0.013748459544,0.013748459544,0.013748459544,0.0274715775699,0.906716812283
319,0.0239071390801,0.0133551228863,0.0133551228863,0.0133551228863,0.0267439656892,0.909283526572
320,0.0225297944804,0.0125626798208,0.0125626798208,0.0125626798208,0.0252120736653,0.914570092392
321,0.0224549420184,0.012498036249,0.012498036249,0.012498036249,0.0251371718569,0.914913777378
322,0.0222296498019,0.0123500081371,0.0123500081371,0.0123500081371,0.0248937449897,0.915826580797
323,0.0222303577965,0.0123278078395,0.0123278078395,0.0123278078395,0.0249033175823,0.915882901103
324,0.0216833651398,0.0120024765864,0.0120024765864,0.0120024765864,0.02429912172,0.918010083381
325,0.0214921689808,0.0118748795048,0.0118748795048,0.0118748795048,0.0240933549489,0.918789837556
326,0.0209920844744,0.0117314734258,0.0117314734258,0.0117314734258,0.0238544268761,0.919959068372
327,0.0208542026732,0.0116335708226,0.0116335708226,0.0116335708226,0.0237070667133,0.920538018146
328,0.0196602697986,0.0109479139141,0.0109479139141,0.0109479139141,0.0223585953353,0.925137393124
329,0.0196281651999,0.0109104850178,0.0109104850178,0.0109104850178,0.0223308655877,0.925309514159
330,0.0193492635135,0.0107362160945,0.0107362160945,0.0107362160945,0.0220222202943,0.926419867909
331,0.0189478832588,0.0104946982889,0.0104946982889,0.0104946982889,0.0215738758055,0.927994146069
332,0.0188441078447,0.0104185502479,0.0104185502479,0.0104185502479,0.0214641584447,0.928436082967
333,0.0178382772232,0.00984480392454,0.00984480392454,0.00984480392454,0.0203264719035,0.9323008391
334,0.0172463110467,0.0095010768028,0.0095010768028,0.0095010768028,0.0196596653149,0.93459079323
335,0.0171351535292,0.00942295390177,0.00942295390177,0.00942295390177,0.0195406369578,0.935055347808
336,0.0170916375707,0.00938221095789,0.00938221095789,0.00938221095789,0.0194986795359,0.93526305002
337,0.0169247849017,0.00926150534352,0.00926150534352,0.00926150534352,0.0192898987332,0.936000800335
338,0.0164414706648,0.00898089864726,0.00898089864726,0.00898089864726,0.0187463412974,0.937869492096
339,0.0162770462082,0.00887514463438,0.00887514463438,0.00887514463438,0.0185660930122,0.938531426876
340,0.0161883882467,0.00881097895733,0.00881097895733,0.00881097895733,0.0184721567328,0.938906518149
341,0.016082551039,0.00873768130639,0.00873768130639,0.00873768130639,0.0183585340548,0.939345870987
342,0.0159769163552,0.00866472798322,0.00866472798322,0.00866472798322,0.0182450513689,0.939783848326
343,0.0153273511255,0.00829754827501,0.00829754827501,0.00829754827501,0.017510086975,0.942269917074
344,0.0152101394894,0.00821933322472,0.00821933322472,0.00821933322472,0.0173829492206,0.942748911616
345,0.0150436723625,0.00811480273283,0.00811480273283,0.00811480273283,0.0168945136171,0.943717405822
346,0.0148314413536,0.00798597909287,0.00798597909287,0.00798597909287,0.0166617906571,0.944548830711
347,0.0147642672005,0.00793555701021,0.00793555701021,0.00793555701021,0.0165919220613,0.944837139708
348,0.0143456518659,0.00769673469226,0.00769673469226,0.00769673469226,0.0161269254322,0.946437218625
349,0.0141637944554,0.00758554090309,0.00758554090309,0.00758554090309,0.0159278586903,0.947151724145
350,0.0140031895121,0.00748608260163,0.00748608260163,0.00748608260163,0.0157525632696,0.947785999413
351,0.0131708257615,0.00702847917691,0.00702847917691,0.00702847917691,0.014821213337,0.950922523371
352,0.0129023824762,0.006872883455,0.006872883455,0.006872883455,0.014524030555,0.951954936604
353,0.012818269538,0.00681583670161,0.00681583670161,0.00681583670161,0.0144342136535,0.952300006704
354,0.01274762155,0.00676611926174,0.00676611926174,0.00676611926174,0.014359502032,0.952594518633
355,0.0127235273381,0.0067412234632,0.0067412234632,0.0067412234632,0.0143371963455,0.952715605927
356,0.0124861591562,0.00660360020632,0.00660360020632,0.00660360020632,0.0140744703304,0.953628569894
357,0.0121619065388,0.00642058023109,0.00642058023109,0.00642058023109,0.0137135957439,0.954862757024
358,0.0120247163353,0.00633677322583,0.00633677322583,0.00633677322583,0.0135634761885,0.955401487799
359,0.0118832626713,0.0062510033523,0.0062510033523,0.0062510033523,0.0135589207783,0.955804806493
360,0.0116993929914,0.00614324836711,0.00614324836711,0.00614324836711,0.0133540433612,0.956516818546
361,0.0110111610533,0.00577149825681,0.00577149825681,0.00577149825681,0.0125731064856,0.959101237691
362,0.0108877971523,0.00569660602189,0.00569660602189,0.00569660602189,0.0124368250836,0.959585559698
363,0.0103588059045,0.0054101158977,0.0054101158977,0.0054101158977,0.0118369340311,0.961573912371
364,0.0104113019295,0.00542778484444,0.00542778484444,0.00542778484444,0.0119013053831,0.961404038154
365,0.0102516101316,0.00533495025162,0.00533495025162,0.00533495025162,0.0117230783039,0.96202046081
366,0.0102144038425,0.00530605840843,0.00530605840843,0.00530605840843,0.0116848363662,0.962182584566
367,0.0099905679395,0.0051804786602,0.0051804786602,0.0051804786602,0.0114329897571,0.963035006323
368,0.00993504175771,0.00514245047628,0.00514245047628,0.00514245047628,0.0113736369165,0.963263969897
369,0.00973512787419,0.00502993984556,0.00502993984556,0.00502993984556,0.0111488827996,0.96402616979
370,0.0096708350664,0.00498776308814,0.00498776308814,0.00498776308814,0.011079334958,0.964286540711
371,0.0093381677788,0.00480755456996,0.00480755456996,0.00480755456996,0.0107021593924,0.965537009119
372,0.00932665227299,0.0047930178317,0.0047930178317,0.0047930178317,0.0106929011921,0.96560139304
373,0.00939586228505,0.00481992867725,0.00481992867725,0.00481992867725,0.010776219715,0.965368131968
374,0.00929004567208,0.00475710270441,0.00475710270441,0.00475710270441,0.0106587842201,0.965779861995
375,0.00911895152812,0.00466112012436,0.00466112012436,0.00466112012436,0.0104663379762,0.966431350123
376,0.00884844172497,0.00451474154052,0.00451474154052,0.00451474154052,0.0101596013912,0.967447732262
377,0.008748997687,0.00445599925147,0.00445599925147,0.00445599925147,0.0100491239242,0.967833880634
378,0.00867145285883,0.00440858668402,0.00440858668402,0.00440858668402,0.00996372641161,0.968139060677
379,0.0085738188544,0.00435113472144,0.00435113472144,0.00435113472144,0.00985517309229,0.968517603889
380,0.0085476992091,0.00433010240505,0.00433010240505,0.00433010240505,0.00982877085684,0.968633222719
381,0.00846157870837,0.00427879071211,0.00427879071211,0.00427879071211,0.00973332901525,0.96896872014
382,0.00840408285504,0.00424209784001,0.00424209784001,0.00424209784001,0.00967075447234,0.969198869153
383,0.00834677416972,0.00420561708647,0.00420561708647,0.00420561708647,0.00960834794226,0.969428026629
384,0.00830574241735,0.00417744011679,0.00417744011679,0.00417744011679,0.00956463811632,0.969597299116
385,0.00812548723866,0.00407945265151,0.00407945265151,0.00407945265151,0.009360510255,0.970275644552
386,0.0080925405034,0.00405562765286,0.00405562765286,0.00405562765286,0.00932599157761,0.97041458496
387,0.00796837168085,0.00398624040402,0.00398624040402,0.00398624040402,0.0091862814417,0.970886625665
388,0.00794880698939,0.00396932413403,0.00396932413403,0.00396932413403,0.00916710364361,0.970976116965
389,0.00795143091564,0.00396351597216,0.00396351597216,0.00396351597216,0.00917350931265,0.970984511855
390,0.00776499738496,0.00386364615976,0.00386364615976,0.00386364615976,0.00896172382993,0.971682340306
391,0.00769461162489,0.0038217603123,0.0038217603123,0.0038217603123,0.00888376318695,0.971956344251
392,0.00762475248256,0.00378027332224,0.00378027332224,0.00378027332224,0.00880635209032,0.97222807546
393,0.00757141298257,0.00374709838677,0.00374709838677,0.00374709838677,0.00874796943357,0.972439322424
394,0.00764737295165,0.00377790594277,0.00377790594277,0.00377790594277,0.00883898950924,0.972179919711
395,0.00751857664954,0.00370761996219,0.00370761996219,0.00370761996219,0.00869332679534,0.972665236669
396,0.00734277839793,0.00361443743288,0.00361443743288,0.00361443743288,0.008493189654,0.973320719649
397,0.00729091237954,0.00358247260789,0.00358247260789,0.00358247260789,0.0084363056469,0.97352536415
398,0.0072529747428,0.00355744237637,0.00355744237637,0.00355744237637,0.00839550101061,0.973679197117
399,0.00716971618028,0.00351030120089,0.00351030120089,0.00351030120089,0.00830218570477,0.973997194512
400,0.00681484069379,0.00333057207361,0.00333057207361,0.00333057207361,0.00789416525969,0.975299277826
401,0.00677944814736,0.00330733495664,0.00330733495664,0.00330733495664,0.00785606151626,0.975442485466
402,0.00662175370911,0.00322461277969,0.00322461277969,0.00322461277969,0.00767615228385,0.976028255668
403,0.00658721998825,0.00320204495161,0.00320204495161,0.00320204495161,0.00763893390322,0.976167711254
404,0.00645659620259,0.00313292207546,0.00313292207546,0.00313292207546,0.00749021419881,0.976654423372
405,0.00640424468473,0.0031019485676,0.0031019485676,0.0031019485676,0.00743221995351,0.976857689659
406,0.00633090753528,0.00306092970693,0.00306092970693,0.00306092970693,0.00734981883523,0.977136484509
407,0.00627274244499,0.00302737033761,0.00302737033761,0.00302737033761,0.00728497634876,0.977360170193
408,0.0062278873744,0.00300033366559,0.00300033366559,0.00300033366559,0.00723554862719,0.977535563002
409,0.00610460070212,0.00293566690454,0.00293566690454,0.00293566690454,0.0070949282043,0.97799347038
410,0.00613090249047,0.0029430296197,0.0029430296197,0.0029430296197,0.00712812288337,0.977911885767
411,0.0060980339917,0.0029220037879,0.0029220037879,0.0029220037879,0.00709252109717,0.978043433547
412,0.0059868379635,0.00286357885732,0.00286357885732,0.00286357885732,0.00696575709031,0.978456668374
