episode,omega1,omega2,omega3,omega4,omega5,omega
1,0.166666666667,0.166666666667,0.166666666667,0.166666666667,0.166666666667,0.166666666667
2,0.167149466911,0.166570106618,0.166570106618,0.166570106618,0.166570106618,0.166570106618
3,0.167633384394,0.166473323121,0.166473323121,0.166473323121,0.166473323121,0.166473323121
4,0.167391285938,0.166521742812,0.166521742812,0.166521742812,0.166521742812,0.166521742812
5,0.167633384394,0.166473323121,0.166473323121,0.166473323121,0.166473323121,0.166473323121
6,0.167875762399,0.16642484752,0.16642484752,0.16642484752,0.16642484752,0.16642484752
7,0.168118420071,0.166376315986,0.166376315986,0.166376315986,0.166376315986,0.166376315986
8,0.167794938663,0.166441012267,0.166441012267,0.166441012267,0.166441012267,0.166441012267
9,0.16795661721,0.166408676558,0.166408676558,0.166408676558,0.166408676558,0.166408676558
10,0.168118420071,0.166376315986,0.166376315986,0.166376315986,0.166376315986,0.166376315986
11,0.167875762399,0.16642484752,0.16642484752,0.16642484752,0.16642484752,0.16642484752
12,0.167997056269,0.166400588746,0.166400588746,0.166400588746,0.166400588746,0.166400588746
13,0.168118420071,0.166376315986,0.166376315986,0.166376315986,0.166376315986,0.166376315986
14,0.16823985382,0.166352029236,0.166352029236,0.166352029236,0.166352029236,0.166352029236
15,0.168361357529,0.166327728494,0.166327728494,0.166327728494,0.166327728494,0.166327728494
16,0.168482931214,0.166303413757,0.166303413757,0.166303413757,0.166303413757,0.166303413757
17,0.168604574889,0.166279085022,0.166279085022,0.166279085022,0.166279085022,0.166279085022
18,0.168726288569,0.166254742286,0.166254742286,0.166254742286,0.166254742286,0.166254742286
19,0.168848072269,0.166230385546,0.166230385546,0.166230385546,0.166230385546,0.166230385546
20,0.168507254349,0.16629854913,0.16629854913,0.16629854913,0.16629854913,0.16629854913
21,0.168604574889,0.166279085022,0.166279085022,0.166279085022,0.166279085022,0.166279085022
22,0.168701940232,0.166259611954,0.166259611954,0.166259611954,0.166259611954,0.166259611954
23,0.168799350386,0.166240129923,0.166240129923,0.166240129923,0.166240129923,0.166240129923
24,0.168896805358,0.166220638928,0.166220638928,0.166220638928,0.166220638928,0.166220638928
25,0.168604574889,0.166279085022,0.166279085022,0.166279085022,0.166279085022,0.166279085022
26,0.168685709563,0.166262858087,0.166262858087,0.166262858087,0.166262858087,0.166262858087
27,0.168766875355,0.166246624929,0.166246624929,0.166246624929,0.166246624929,0.166246624929
28,0.168848072269,0.166230385546,0.166230385546,0.166230385546,0.166230385546,0.166230385546
29,0.168929300309,0.166214139938,0.166214139938,0.166214139938,0.166214139938,0.166214139938
30,0.169010559479,0.166197888104,0.166197888104,0.166197888104,0.166197888104,0.166197888104
31,0.169091849785,0.166181630043,0.166181630043,0.166181630043,0.166181630043,0.166181630043
32,0.169173171229,0.166165365754,0.166165365754,0.166165365754,0.166165365754,0.166165365754
33,0.169254523817,0.166149095237,0.166149095237,0.166149095237,0.166149095237,0.166149095237
34,0.169335907552,0.16613281849,0.16613281849,0.16613281849,0.16613281849,0.16613281849
35,0.161595706418,0.158447309386,0.158447309386,0.158447309386,0.204615056038,0.158447309386
36,0.161424798341,0.158188162687,0.158188162687,0.158188162687,0.205822550909,0.158188162687
37,0.162529277442,0.15917835488,0.15917835488,0.15917835488,0.200757303037,0.15917835488
38,0.162397232117,0.158957018468,0.158957018468,0.158957018468,0.20177469401,0.158957018468
39,0.194107566754,0.152701255538,0.152701255538,0.152701255538,0.195087411096,0.152701255538
40,0.194851622048,0.152321801113,0.152321801113,0.152321801113,0.195861173499,0.152321801113
41,0.195596633595,0.15194181688,0.15194181688,0.15194181688,0.196636098883,0.15194181688
42,0.191286734483,0.152514790103,0.152514790103,0.152514790103,0.198654105104,0.152514790103
43,0.191896561901,0.152158060244,0.152158060244,0.152158060244,0.199471197123,0.152158060244
44,0.192506669727,0.151800852831,0.151800852831,0.151800852831,0.200289918948,0.151800852831
45,0.193117045973,0.151443173337,0.151443173337,0.151443173337,0.201110260678,0.151443173337
46,0.193727678611,0.151085027266,0.151085027266,0.151085027266,0.201932212324,0.151085027266
47,0.194338555573,0.150726420154,0.150726420154,0.150726420154,0.202755763813,0.150726420154
48,0.194949664749,0.150367357567,0.150367357567,0.150367357567,0.203580904984,0.150367357567
49,0.197089471559,0.151180285589,0.151180285589,0.151180285589,0.198189386086,0.151180285589
50,0.197743746321,0.150846471284,0.150846471284,0.150846471284,0.198870368544,0.150846471284
51,0.19839871298,0.150512271211,0.150512271211,0.150512271211,0.199552202177,0.150512271211
52,0.199054362332,0.150177689918,0.150177689918,0.150177689918,0.200234877995,0.150177689918
53,0.199710685131,0.149842731976,0.149842731976,0.149842731976,0.200918386963,0.149842731976
54,0.201696172262,0.150498682692,0.150498682692,0.150498682692,0.196309096969,0.150498682692
55,0.202387712223,0.150182678124,0.150182678124,0.150182678124,0.196881575281,0.150182678124
56,0.20417683353,0.150675565073,0.150675565073,0.150675565073,0.193120906177,0.150675565073
57,0.203844082099,0.149601219406,0.149601219406,0.149601219406,0.197751040278,0.149601219406
58,0.204540340234,0.149285167911,0.149285167911,0.149285167911,0.198318988123,0.149285167911
59,0.19949104982,0.150045912725,0.150045912725,0.150045912725,0.20032529928,0.150045912725
60,0.201054080971,0.15048073404,0.15048073404,0.15048073404,0.197022982868,0.15048073404
61,0.201662358472,0.150196601032,0.150196601032,0.150196601032,0.197551237401,0.150196601032
62,0.202271383487,0.149912194596,0.149912194596,0.149912194596,0.198079838131,0.149912194596
63,0.198001746114,0.150543432629,0.150543432629,0.150543432629,0.19982452337,0.150543432629
64,0.195018269776,0.150931303133,0.150931303133,0.150931303133,0.201256517693,0.150931303133
65,0.196358904805,0.151351950117,0.151351950117,0.151351950117,0.198233294728,0.151351950117
66,0.196836867782,0.151104452876,0.151104452876,0.151104452876,0.198745320715,0.151104452876
67,0.197315184237,0.150856741111,0.150856741111,0.150856741111,0.199257851318,0.150856741111
68,0.197793850395,0.150608816672,0.150608816672,0.150608816672,0.199770882916,0.150608816672
69,0.18939763338,0.143630131015,0.143630131015,0.143630131015,0.236081842559,0.143630131015
70,0.189694710671,0.14327144045,0.14327144045,0.14327144045,0.23721952753,0.14327144045
71,0.191521056404,0.14406362271,0.14406362271,0.14406362271,0.232224452757,0.14406362271
72,0.191847026863,0.143722999829,0.143722999829,0.143722999829,0.23326097382,0.143722999829
73,0.192171937359,0.143381977515,0.143381977515,0.143381977515,0.234300152579,0.143381977515
74,0.192495777982,0.143040560471,0.143040560471,0.143040560471,0.235341980132,0.143040560471
75,0.194244409176,0.143753993867,0.143753993867,0.143753993867,0.230739615356,0.143753993867
76,0.19459405484,0.143428136781,0.143428136781,0.143428136781,0.231693398037,0.143428136781
77,0.19494286264,0.143101941282,0.143101941282,0.143101941282,0.23264937223,0.143101941282
78,0.195290823758,0.142775411538,0.142775411538,0.142775411538,0.233607530092,0.142775411538
79,0.19151062471,0.143179477015,0.143179477015,0.143179477015,0.235771467228,0.143179477015
80,0.191798752371,0.14286119899,0.14286119899,0.14286119899,0.23675645167,0.14286119899
81,0.193449222854,0.143554270429,0.143554270429,0.143554270429,0.232333695428,0.143554270429
82,0.193760130834,0.143249844802,0.143249844802,0.143249844802,0.233240489958,0.143249844802
83,0.194070253524,0.142945118282,0.142945118282,0.142945118282,0.234149273347,0.142945118282
84,0.195638212362,0.143563704094,0.143563704094,0.143563704094,0.230106971262,0.143563704094
85,0.195968801172,0.14327107489,0.14327107489,0.14327107489,0.230946899268,0.14327107489
86,0.196298768778,0.142978182803,0.142978182803,0.142978182803,0.231788500008,0.142978182803
87,0.192760668252,0.143371918065,0.143371918065,0.143371918065,0.233751659487,0.143371918065
88,0.193039777997,0.143086171582,0.143086171582,0.143086171582,0.234615535673,0.143086171582
89,0.194508212002,0.143679225505,0.143679225505,0.143679225505,0.230774885977,0.143679225505
90,0.191396216084,0.144011553881,0.144011553881,0.144011553881,0.232557568393,0.144011553881
91,0.191650844779,0.143742992455,0.143742992455,0.143742992455,0.2333771854,0.143742992455
92,0.191904808429,0.14347418139,0.14347418139,0.14347418139,0.234198466013,0.14347418139
93,0.189133458729,0.143741297747,0.143741297747,0.143741297747,0.235901350282,0.143741297747
94,0.189350325449,0.143477481243,0.143477481243,0.143477481243,0.236739749579,0.143477481243
95,0.189566461696,0.143213409218,0.143213409218,0.143213409218,0.237579901433,0.143213409218
96,0.187073384866,0.143426948316,0.143426948316,0.143426948316,0.23921882187,0.143426948316
97,0.185131002981,0.143541583351,0.143541583351,0.143541583351,0.240702663616,0.143541583351
98,0.186274524545,0.144045927903,0.144045927903,0.144045927903,0.237541763841,0.144045927903
99,0.187419054665,0.14454737475,0.14454737475,0.14454737475,0.234391446335,0.14454737475
100,0.187605702218,0.14430834417,0.14430834417,0.14430834417,0.235160921101,0.14430834417
101,0.187791729451,0.144069090368,0.144069090368,0.144069090368,0.235931909078,0.144069090368
102,0.18797713306,0.143829614929,0.143829614929,0.143829614929,0.236704407223,0.143829614929
103,0.189177649215,0.144365049491,0.144365049491,0.144365049491,0.233362152822,0.144365049491
104,0.189376067713,0.144133946313,0.144133946313,0.144133946313,0.234088147033,0.144133946313
105,0.183997487636,0.139669641912,0.139669641912,0.139669641912,0.227908201451,0.169085385176
106,0.184140552956,0.139408262079,0.139408262079,0.139408262079,0.228555267632,0.169079393176
107,0.184585593348,0.139375300138,0.139375300138,0.139375300138,0.229579616174,0.167708890064
108,0.185656773047,0.139813064465,0.139813064465,0.139813064465,0.2263744165,0.168529617059
109,0.186508236513,0.140082510531,0.140082510531,0.140082510531,0.224094775768,0.169149456126
110,0.18667325879,0.139835343436,0.139835343436,0.139835343436,0.224674663876,0.169146047025
111,0.187125999556,0.139803460349,0.139803460349,0.139803460349,0.225602755546,0.167860863851
112,0.187293067234,0.139557902429,0.139557902429,0.139557902429,0.226188355905,0.167844869575
113,0.187459728317,0.139312362804,0.139312362804,0.139312362804,0.226774804004,0.167828379269
114,0.187625981119,0.139066842649,0.139066842649,0.139066842649,0.227362098154,0.167811392779
115,0.188062535665,0.139021461345,0.139021461345,0.139021461345,0.228278838805,0.166594241494
116,0.189087976854,0.139409516367,0.139409516367,0.139409516367,0.225358857427,0.167324616617
117,0.190058651639,0.139754272183,0.139754272183,0.139754272183,0.222673692053,0.16800483976
118,0.190245865322,0.139521655049,0.139521655049,0.139521655049,0.223197556101,0.16799161343
119,0.191176850739,0.139833310392,0.139833310392,0.139833310392,0.220688922476,0.168634295611
120,0.188675353054,0.140071317338,0.140071317338,0.140071317338,0.221921057898,0.169189637034
121,0.188845804144,0.13984736017,0.13984736017,0.13984736017,0.222424682659,0.169187432688
122,0.18901596103,0.13962343001,0.13962343001,0.13962343001,0.222928921736,0.169184827204
123,0.189894716441,0.139921868608,0.139921868608,0.139921868608,0.220523919865,0.169815757869
124,0.190345526832,0.139903403993,0.139903403993,0.139903403993,0.22131854977,0.16862571142
125,0.190525358138,0.139685486265,0.139685486265,0.139685486265,0.221799337902,0.168618845166
126,0.191383213784,0.139963640977,0.139963640977,0.139963640977,0.219514559672,0.169211303613
127,0.191827741454,0.139938009791,0.139938009791,0.139938009791,0.220265955352,0.168092273822
128,0.19265987747,0.140193684687,0.140193684687,0.140193684687,0.21811450285,0.168644565618
129,0.192348068683,0.139616868142,0.139616868142,0.139616868142,0.217974379627,0.170826947263
130,0.192795699673,0.139591924758,0.139591924758,0.139591924758,0.218695234385,0.169733291667
131,0.190335428932,0.139840701077,0.139840701077,0.139840701077,0.219848791019,0.170293676819
132,0.18930570473,0.138754720336,0.138754720336,0.138754720336,0.22520265397,0.169227480291
133,0.18707149081,0.138950166269,0.138950166269,0.138950166269,0.226355133676,0.169722876707
134,0.186069355551,0.138934182136,0.138934182136,0.138934182136,0.227167357761,0.16996074028
135,0.186851119426,0.139211810503,0.139211810503,0.139211810503,0.224954787767,0.170558661299
136,0.186985859904,0.139006550325,0.139006550325,0.139006550325,0.225429003744,0.170565485376
137,0.187363363055,0.13898159618,0.13898159618,0.13898159618,0.226197180905,0.169494667498
138,0.187976584563,0.139130548962,0.139130548962,0.139130548962,0.224707637718,0.169924130834
139,0.188117294706,0.138929217968,0.138929217968,0.138929217968,0.225169000741,0.169926050649
140,0.188257747475,0.138727911037,0.138727911037,0.138727911037,0.225630876315,0.169927643099
141,0.188630989504,0.138697985695,0.138697985695,0.138697985695,0.22637294001,0.168902113401
142,0.188990420845,0.138657391348,0.138657391348,0.138657391348,0.227099959435,0.167937445675
143,0.186969042415,0.13882762903,0.13882762903,0.13882762903,0.228175815813,0.168372254682
144,0.185121117961,0.138967327231,0.138967327231,0.138967327231,0.229206053831,0.168770846516
145,0.185436009638,0.138924832476,0.138924832476,0.138924832476,0.229939157132,0.167850335802
146,0.18554869771,0.138730766952,0.138730766952,0.138730766952,0.230422834395,0.167836167039
147,0.185853449358,0.138680235534,0.138680235534,0.138680235534,0.231146313766,0.166959530274
148,0.18596698251,0.138486952101,0.138486952101,0.138486952101,0.231633266916,0.166938894271
149,0.186080230363,0.138293674477,0.138293674477,0.138293674477,0.23212080352,0.166917942685
150,0.184314044157,0.13841928862,0.13841928862,0.13841928862,0.233146036147,0.167282053836
151,0.182685255856,0.138520770194,0.138520770194,0.138520770194,0.234134814086,0.167617619475
152,0.182955354559,0.138469864439,0.138469864439,0.138469864439,0.234869183614,0.166765868511
153,0.176810304351,0.133572316204,0.133572316204,0.133572316204,0.227356252434,0.195116494603
154,0.176851990577,0.13335754143,0.13335754143,0.13335754143,0.227786351997,0.195289033135
155,0.177282430676,0.133435709168,0.133435709168,0.133435709168,0.228718798659,0.193691643161
156,0.177693539361,0.133498612226,0.133498612226,0.133498612226,0.229628726975,0.192181896986
157,0.177853918032,0.133268823939,0.133268823939,0.133268823939,0.230037005898,0.192302604251
158,0.177900695526,0.133057495821,0.133057495821,0.133057495821,0.230477301643,0.192449515367
159,0.177947134304,0.13284624076,0.13284624076,0.13284624076,0.230917984615,0.192596158802
160,0.177993234078,0.132635059459,0.132635059459,0.132635059459,0.231359053792,0.192742533755
161,0.178405284055,0.13269639576,0.13269639576,0.13269639576,0.230220048749,0.193285479916
162,0.174949346725,0.129885392202,0.129885392202,0.129885392202,0.226120454554,0.209274022114
163,0.173374941883,0.129912654503,0.129912654503,0.129912654503,0.226948084537,0.209939010072
164,0.173386734628,0.129690248947,0.129690248947,0.129690248947,0.227341077383,0.210201441146
165,0.173875568713,0.129824407045,0.129824407045,0.129824407045,0.228361276876,0.208289933277
166,0.173890147402,0.129604203612,0.129604203612,0.129604203612,0.228760337104,0.208536904659
167,0.167373923425,0.124525483506,0.124525483506,0.162077369006,0.220554235257,0.200943505299
168,0.165879565479,0.124509949866,0.124509949866,0.162314658657,0.221287431803,0.201498444328
169,0.165851613285,0.124275302425,0.124275302425,0.162266196408,0.221632295224,0.201699290233
170,0.163521654897,0.122319123691,0.122319123691,0.159965796083,0.232776802726,0.199097498912
171,0.162103740016,0.122275493588,0.122275493588,0.160162831558,0.233581414966,0.199601026284
172,0.162050214546,0.122032549521,0.122032549521,0.160098602626,0.23400657908,0.199779504706
173,0.162683886639,0.122306714081,0.122306714081,0.160713255357,0.231183077195,0.200806352646
174,0.162890234165,0.122258902049,0.122258902049,0.159334948059,0.231949704991,0.201307308686
175,0.162355773358,0.121655812897,0.121655812897,0.158791895654,0.234648161192,0.200892544001
176,0.162303873701,0.121415378532,0.121415378532,0.158720887423,0.235070187265,0.201074294546
177,0.160933409299,0.121365866068,0.121365866068,0.158899254873,0.235863087567,0.201572516123
178,0.158826823235,0.119585326138,0.119585326138,0.156807961877,0.233281810485,0.211912752127
179,0.157528452847,0.119512927065,0.119512927065,0.156953143169,0.234022402139,0.212470147715
180,0.15794378797,0.119642252688,0.119642252688,0.157363726807,0.23516175694,0.210246222907
181,0.158336148899,0.119753514087,0.119753514087,0.157751404149,0.236270742393,0.208134676383
182,0.15826210609,0.119511937221,0.119511937221,0.157674393758,0.236685978436,0.208353647275
183,0.157584448849,0.11881570766,0.11881570766,0.156996025941,0.24001117966,0.207776930231
184,0.15774372653,0.118751404504,0.118751404504,0.155640500689,0.240809799692,0.208303164081
185,0.157665778617,0.118508705694,0.118508705694,0.155552182054,0.241247846686,0.208516781255
186,0.156400381466,0.118432919927,0.118432919927,0.155682672369,0.242026776499,0.209024329813
187,0.156538146199,0.118359202277,0.118359202277,0.154394395399,0.242812364575,0.209536689273
188,0.157155991759,0.118647884987,0.118647884987,0.154992288708,0.239862179348,0.21069377021
189,0.157533098887,0.118753956463,0.118753956463,0.155352686144,0.238075592192,0.211530709851
190,0.157926461175,0.118871676952,0.118871676952,0.155729058277,0.239194898706,0.209406227937
191,0.158298931684,0.11897307424,0.11897307424,0.156084774191,0.240286264455,0.20738388119
192,0.157071742766,0.118903385827,0.118903385827,0.156216414953,0.241035617138,0.207869453489
193,0.157210251411,0.118834903251,0.118834903251,0.154972059535,0.241789677164,0.208358205389
194,0.157335517061,0.118756372155,0.118756372155,0.153795877153,0.242525494463,0.208830367013
195,0.157991705287,0.118422637386,0.118422637386,0.153569263794,0.242740333292,0.208853422855
196,0.156820518733,0.11834598779,0.11834598779,0.153675598824,0.243482354079,0.209329552784
197,0.155705720264,0.118260995515,0.118260995515,0.153771095246,0.244209313003,0.209791880458
198,0.157339249765,0.117791417484,0.117791417484,0.153365836278,0.244141201535,0.209570877454
199,0.156691783774,0.117134440548,0.117134440548,0.152714891731,0.247312054116,0.209012389282
200,0.156611721305,0.116902676891,0.116902676891,0.15261704445,0.247756084151,0.209209796312
201,0.156975506544,0.117002164533,0.117002164533,0.152951690384,0.248904623515,0.207163850491
202,0.156897301535,0.116772152924,0.116772152924,0.152855642229,0.249354695321,0.207348055068
203,0.153884077063,0.11436135891,0.11436135891,0.149900574027,0.245130169543,0.222362461546
204,0.153672180745,0.114036186998,0.114036186998,0.149674728165,0.245357501846,0.223223215248
205,0.153766206255,0.113938406861,0.113938406861,0.148511861411,0.246074148893,0.22377096972
206,0.152642764094,0.11383875618,0.11383875618,0.148574854046,0.24678865227,0.22431621723
207,0.152542762749,0.113601517416,0.113601517416,0.148457955168,0.247205638383,0.224590608869
208,0.152314913509,0.113381589579,0.113381589579,0.148363153183,0.247660061486,0.224898692664
209,0.146491165974,0.108891060077,0.108891060077,0.14267238158,0.238750811356,0.254303520935
210,0.146524353796,0.108760521581,0.108760521581,0.141551717272,0.239366355454,0.255036530316
211,0.147070025781,0.109009993151,0.109009993151,0.142055401346,0.240822651307,0.252031935264
212,0.146940815326,0.108759015076,0.108759015076,0.141907151761,0.241176774347,0.252457228415
213,0.145867149978,0.108628406226,0.108628406226,0.141915556115,0.241798064076,0.253162417378
214,0.145891733345,0.108495756981,0.108495756981,0.140836272866,0.242416044913,0.253864434913
215,0.145907294892,0.108356566677,0.108356566677,0.139806347802,0.243020571684,0.254552652268
216,0.142906027525,0.105980249337,0.105980249337,0.136903247148,0.23858983381,0.269640392842
217,0.142892186478,0.105822747155,0.105822747155,0.13591454037,0.239136145424,0.27041163342
218,0.13851678847,0.102439894777,0.102439894777,0.131722265911,0.232367032688,0.292514123376
219,0.138464671024,0.102259072198,0.102259072198,0.130770093071,0.232834017445,0.293413074064
220,0.138474389085,0.102124157708,0.102124157708,0.13074497636,0.232086088969,0.294446230171
221,0.138302077097,0.101855361005,0.101855361005,0.130548039469,0.232344535524,0.295094625901
222,0.138998695591,0.102226166367,0.102226166367,0.131171194854,0.234066139835,0.291311636987
223,0.137932923465,0.102066923318,0.102066923318,0.131114692981,0.234579194268,0.29223934265
224,0.137204024051,0.101389929088,0.101389929088,0.130392044939,0.233898390795,0.295725682039
225,0.13714454122,0.101208592247,0.101208592247,0.129464170826,0.234356901131,0.296617202329
226,0.137078879675,0.101023007199,0.101023007199,0.128571478641,0.234805682445,0.297497944842
227,0.133371292168,0.0981573878476,0.0981573878476,0.125058374761,0.229001987307,0.316253570069
228,0.13377805619,0.0983232901427,0.0983232901427,0.125404070094,0.225738979899,0.318432313532
229,0.133586028884,0.0980490632683,0.0980490632683,0.125188408934,0.225935093475,0.319192342169
230,0.132541055714,0.0978713968554,0.0978713968554,0.125095561052,0.226352929619,0.320267659904
231,0.132444945734,0.0976710069682,0.0976710069682,0.12422419919,0.226718044523,0.321270796617
232,0.13282334687,0.0978204393549,0.0978204393549,0.124544409802,0.223558997562,0.323432367056
233,0.133600299998,0.0982624384683,0.0982624384683,0.125238038345,0.225374113894,0.319262670827
234,0.134343504931,0.0986783076797,0.0986783076797,0.125899643754,0.227139224186,0.31526101177
235,0.128292447343,0.0941089704793,0.0941089704793,0.12019542022,0.21739793679,0.345896254688
236,0.128077633479,0.0938270671047,0.0938270671047,0.119960737809,0.217523652623,0.34678384188
237,0.127952297184,0.093611207724,0.093611207724,0.119108121493,0.217801138126,0.347916027749
238,0.126538884543,0.092454632568,0.092454632568,0.117756660685,0.215881249919,0.354913939717
239,0.126317260193,0.0921705728618,0.0921705728618,0.117514746746,0.215989422902,0.355837424436
240,0.118024200141,0.0860053701959,0.0860053701959,0.109766275779,0.202264524241,0.397934259447
241,0.118214245145,0.0860298630015,0.0860298630015,0.109909661128,0.199209292907,0.400607074817
242,0.116479683129,0.0846553700912,0.0846553700912,0.108264089512,0.196713557936,0.409231929241
243,0.11378864151,0.0825901317543,0.0825901317543,0.105730759474,0.192587172892,0.422713162615
244,0.114820816149,0.0832290217633,0.0832290217633,0.10665746583,0.194757148524,0.41730652597
245,0.114617080728,0.0829713999297,0.0829713999297,0.105821234327,0.194834765484,0.418784119602
246,0.114755357114,0.0829615691798,0.0829615691798,0.10591423458,0.191885367453,0.421521902493
247,0.113715634847,0.0827254444514,0.0827254444514,0.10571812503,0.191995211258,0.423120139962
248,0.113829425982,0.0827011908129,0.0827011908129,0.105792547422,0.189163786181,0.425811858789
249,0.11362126298,0.0824432526937,0.0824432526937,0.104976243709,0.189206527442,0.427309460482
250,0.113345681121,0.0821369875105,0.0821369875105,0.104688218597,0.189136143553,0.428555981708
251,0.113440870582,0.0820997118683,0.0820997118683,0.104742708744,0.186404017512,0.431212979426
252,0.113272164159,0.0818716548314,0.0818716548314,0.10455356973,0.186496917754,0.431934038694
253,0.111691580602,0.0806248826889,0.0806248826889,0.103061752027,0.184260243272,0.439736658722
254,0.112623144359,0.081192253514,0.081192253514,0.103888182768,0.186166525989,0.434937639857
255,0.11241106884,0.0809346164147,0.0809346164147,0.103090980248,0.1861854618,0.436443256282
256,0.107555625824,0.0773386622053,0.0773386622053,0.0986045005527,0.21933473609,0.419827813123
257,0.108469417793,0.0778949174235,0.0778949174235,0.0994083646389,0.221817199842,0.414515182879
258,0.106159049291,0.0761372385245,0.0761372385245,0.0972578477934,0.217700062976,0.426608562891
259,0.103713570364,0.0742871973654,0.0742871973654,0.0949850451931,0.213280300507,0.439446689205
260,0.103972618361,0.0739355691693,0.0739355691693,0.0946255476437,0.213140277452,0.440390418204
261,0.103732372175,0.0736676926194,0.0736676926194,0.0938657875655,0.213237955506,0.441828499514
262,0.102733592292,0.0734208324611,0.0734208324611,0.0936384674541,0.213393940562,0.44339233477
263,0.10210996848,0.0728812804936,0.0728812804936,0.0930370044959,0.212693446983,0.446397019054
264,0.100826935716,0.0718729454393,0.0718729454393,0.0918353529606,0.210609954681,0.452981865764
265,0.100982583902,0.0718913064615,0.0718913064615,0.0919444595053,0.20701002991,0.45628031376
266,0.101535130112,0.0721916966894,0.0721916966894,0.0924147235893,0.208709438974,0.452957313945
267,0.0963306437718,0.0684031976634,0.0684031976634,0.0876465964549,0.198550541379,0.480665823068
268,0.0930482840064,0.0659874479211,0.0659874479211,0.0846300730453,0.192307327778,0.498039419328
269,0.0902391140207,0.0639129419733,0.0639129419733,0.082045907723,0.187009271954,0.512879822356
270,0.0901649974268,0.063778306498,0.063778306498,0.081949409828,0.184537083422,0.515791896328
271,0.0911728574428,0.0644082645087,0.0644082645087,0.082836010782,0.187097311781,0.510077290977
272,0.0908488101374,0.0640967924474,0.0640967924474,0.0825122837432,0.186929364135,0.51151595709
273,0.0890728259397,0.0627629439974,0.0627629439974,0.0808705411097,0.183763739387,0.520767005569
274,0.0900582820018,0.0633756980451,0.0633756980451,0.0817362163585,0.186292147956,0.515161957594
275,0.0890265900445,0.0625690929819,0.0625690929819,0.0807711684032,0.192539947294,0.512524108295
276,0.0836012947304,0.0586805459884,0.0586805459884,0.0758220258087,0.181316256829,0.541899330655
277,0.0842734961048,0.0590762848788,0.0590762848788,0.0764045365086,0.183289414626,0.537879983003
278,0.0852290132943,0.0596692594551,0.0596692594551,0.0772433941988,0.185890187508,0.532298886089
279,0.0849000252313,0.0593624790028,0.0593624790028,0.0769179076613,0.185694677544,0.533762431558
280,0.0839690432928,0.0590955471599,0.0590955471599,0.0766434283211,0.185619583804,0.535576850263
281,0.0839747101263,0.0590251691657,0.0590251691657,0.0766235266766,0.182169476382,0.539181948484
282,0.0849187179953,0.0596135973882,0.0596135973882,0.0774595480068,0.184727560037,0.533666979185
283,0.0838367321674,0.058779977694,0.058779977694,0.0764475861461,0.191830785996,0.530324940303
284,0.0821988895255,0.0575591271609,0.0575591271609,0.0749295788178,0.188636044308,0.539117233027
285,0.0818730352003,0.0572588094896,0.0572588094896,0.0746081270471,0.188440560341,0.540560658432
286,0.0827783763838,0.0578191231433,0.0578191231433,0.0754084573614,0.191084370445,0.535090549523
287,0.0782908398596,0.0546158532823,0.0546158532823,0.0712971238032,0.181256662794,0.559923666978
288,0.077568279825,0.0543400952912,0.0543400952912,0.0710032805166,0.181099496977,0.561648752099
289,0.0784690537196,0.0549030031683,0.0549030031683,0.0718056886276,0.183744581524,0.556174669792
290,0.0792431467832,0.0553759065416,0.0553759065416,0.0724917078406,0.186106216866,0.551407115427
291,0.0771506365952,0.0538468248897,0.0538468248897,0.0705557339946,0.181727948415,0.562872031216
292,0.0770951605571,0.0537414219831,0.0537414219831,0.0704832789362,0.178603749905,0.566334966635
293,0.0767684543624,0.0534473630742,0.0534473630742,0.0701629694667,0.178361073983,0.56781277604
294,0.0751204578416,0.0522351881199,0.0522351881199,0.0686356218296,0.175036787714,0.576736756375
295,0.0726143325299,0.0504299731471,0.0504299731471,0.0663254000634,0.16968649705,0.590513824063
296,0.0722840095254,0.0501383539589,0.0501383539589,0.0660033448903,0.169402960339,0.592032977327
297,0.0667410917595,0.0462362490562,0.0462362490562,0.0609232691143,0.156864942229,0.622998198785
298,0.0662820458907,0.045861329775,0.045861329775,0.0604855981576,0.156236434274,0.625273262128
299,0.064703674573,0.0447137540578,0.0447137540578,0.0590270667384,0.15295693947,0.633884811103
300,0.0632811546641,0.043676520575,0.043676520575,0.0577115626565,0.150026667024,0.641627574505
301,0.0582609917031,0.0401617808307,0.0401617808307,0.0531168722257,0.138524236547,0.669774337863
302,0.0579273979003,0.039882333402,0.039882333402,0.0527964623574,0.138129277192,0.671382195746
303,0.056636512935,0.0389452499907,0.0389452499907,0.0516040148414,0.135441592487,0.678427379755
304,0.0557628723531,0.0382969842448,0.0382969842448,0.050792349616,0.13373790252,0.683112907021
305,0.0514633889762,0.0353003712015,0.0353003712015,0.0468616667539,0.123783164102,0.707291037764
306,0.0502134235636,0.0344002954982,0.0344002954982,0.0457093835203,0.121125855299,0.714150746621
307,0.0499031380662,0.0341453561593,0.0341453561593,0.0451382281675,0.120725414902,0.715942506546
308,0.0507077461241,0.0346528970536,0.0346528970536,0.0458509701543,0.123026589257,0.711108900357
309,0.0498501612856,0.0340246180891,0.0340246180891,0.045060744249,0.121295606597,0.71574425169
310,0.0495297108624,0.0337640033274,0.0337640033274,0.0447564009909,0.120864322508,0.717321558984
311,0.0503136924103,0.0342559315678,0.0342559315678,0.0454499201598,0.123132400426,0.712592123868
312,0.0499949604347,0.0339967397978,0.0339967397978,0.0451471909766,0.122706116353,0.71415825264
313,0.0497940858697,0.0338181819543,0.0338181819543,0.0449510498868,0.122566440032,0.715052060303
314,0.0496403207705,0.0336719697095,0.0336719697095,0.0447975461673,0.122541223929,0.715676969714
315,0.0493254466925,0.0334169200855,0.0334169200855,0.0444987943318,0.122115976807,0.717225941998
316,0.0486417517272,0.0329128924154,0.0329128924154,0.0438676121186,0.120771509318,0.720893342006
317,0.0483421711664,0.0326696472713,0.0326696472713,0.0435831394199,0.120374713138,0.722360681733
318,0.0452280714988,0.0305272591929,0.0305272591929,0.0407622360477,0.112946040276,0.740009133791
319,0.0449230027307,0.0302837722842,0.0302837722842,0.0404740140249,0.112508554151,0.741526884526
320,0.0446194211274,0.0300418432858,0.0300418432858,0.0401873160792,0.112071329501,0.743038246721
321,0.0439350273295,0.0295443878399,0.0295443878399,0.03955792864,0.110671378522,0.746746889828
322,0.043450257888,0.0291821915403,0.0291821915403,0.0391086271531,0.114002124026,0.745074607852
323,0.0416469226752,0.0279363660156,0.0279363660156,0.0374731930016,0.109599494132,0.75540765816
324,0.0410122747403,0.027476556502,0.027476556502,0.0368900473029,0.108254146341,0.758890418612
325,0.0393092178462,0.0263029402654,0.0263029402654,0.0353465741302,0.104071097067,0.768667230425
326,0.0390318945715,0.0260850082525,0.0260850082525,0.034869688041,0.103647876953,0.77028052393
327,0.0382349069283,0.0255207147923,0.0255207147923,0.0341458387887,0.10183706275,0.774740761948
328,0.0388781858059,0.0259179255506,0.0259179255506,0.0347082772123,0.103862044378,0.770715641502
329,0.0375813475989,0.0250223472271,0.0250223472271,0.0335388937553,0.10069972242,0.778135341772
330,0.0373033663134,0.0248064816928,0.0248064816928,0.0332792651506,0.100255682514,0.779548722637
331,0.0369573626017,0.0245459343811,0.0245459343811,0.0329591491841,0.0996246921607,0.781366927291
332,0.0362738452806,0.0240621064885,0.0240621064885,0.0323383558519,0.0980764338873,0.785187152003
333,0.0352383953226,0.023346276346,0.023346276346,0.0314043479886,0.0955635428232,0.791101161174
334,0.0347649105596,0.0230040374103,0.0230040374103,0.0309716321385,0.0945632268456,0.793692155636
335,0.0338532709209,0.0223730418959,0.0223730418959,0.0301490013343,0.0923606227386,0.798891021214
336,0.0329670848659,0.0217603760082,0.0217603760082,0.0293495980954,0.0902135577263,0.803949007296
337,0.0302087124636,0.0199149635162,0.0199149635162,0.0268845731877,0.0829141261947,0.820162661122
338,0.0292571559438,0.0192637510235,0.0192637510235,0.0260286926644,0.104015476871,0.802171172474
339,0.0285043954138,0.0187448527944,0.0187448527944,0.0253502006455,0.101721395288,0.806934303064
340,0.02627634544,0.0172582443337,0.0172582443337,0.0233605921977,0.0941239304309,0.821722643264
341,0.0254819680666,0.0167157577273,0.0167157577273,0.0226465041273,0.0916226134434,0.826817398908
342,0.0252596467734,0.0165493836644,0.0165493836644,0.0224411337972,0.0911657267187,0.828034725382
343,0.0246115749,0.0161048026261,0.0161048026261,0.0218577898092,0.0891617013793,0.832159328659
344,0.0244079651784,0.0159517754233,0.0159517754233,0.0216694422648,0.0887575148381,0.833261526872
345,0.0230048307428,0.015016127403,0.015016127403,0.0204166516531,0.0839705925336,0.842575670264
346,0.0223670227422,0.0145817125152,0.0145817125152,0.0198437146915,0.0819503799745,0.846675457561
347,0.0222439507155,0.0144835067747,0.0144835067747,0.0197276810279,0.0818067864973,0.84725456821
348,0.0220642868684,0.0143487195838,0.0143487195838,0.0195615528235,0.0814520316171,0.848224689523
349,0.0210334723234,0.0136614147887,0.0136614147887,0.0186411939054,0.0779395002913,0.855063003902
350,0.0204059322203,0.0132373969826,0.0132373969826,0.0180787545145,0.0758992875328,0.859141231767
351,0.0201244444548,0.0130386162705,0.0130386162705,0.0178231838276,0.0751345650231,0.860840574154
352,0.0200398838234,0.0129677387812,0.0129677387812,0.017742135996,0.0751009952652,0.861181507353
353,0.0189021538774,0.0122163593369,0.0122163593369,0.016729051454,0.0711043882164,0.868831687778
354,0.0187025847589,0.0120723991568,0.0120723991568,0.0165466839781,0.0706189666222,0.869986966327
355,0.0186041600833,0.0119939842126,0.0119939842126,0.0164538952044,0.0705122237352,0.870441752552
356,0.0189418478028,0.0121965555477,0.0121965555477,0.0167467416322,0.0720628282518,0.867855471218
357,0.018799167353,0.0120896831715,0.0120896831715,0.0166148302922,0.0697586076403,0.870648028371
358,0.0186970508656,0.0120091111779,0.0120091111779,0.016518846722,0.0696356932607,0.871130186796
359,0.017893824479,0.0114789556838,0.0114789556838,0.0158037119428,0.0668900578468,0.876454494364
360,0.0177203099793,0.0113535576936,0.0113535576936,0.0156450359352,0.0664858641168,0.877441674582
361,0.0175500877678,0.0112305596658,0.0112305596658,0.0153880723379,0.066090174743,0.87851054582
362,0.0174135065783,0.0111293497675,0.0111293497675,0.0152627420136,0.0638646949198,0.881200356953
363,0.0177331657387,0.0113196052134,0.0113196052134,0.0155372446701,0.0652715979855,0.878818781179
364,0.0170191388609,0.0108503572949,0.0108503572949,0.0149061921749,0.0628693425044,0.88350461187
365,0.0165932434725,0.0105657223421,0.0105657223421,0.0145278659004,0.0615171188211,0.886230327122
366,0.0161421001695,0.0102657195668,0.0102657195668,0.0141277166952,0.0600603838987,0.889138360103
367,0.0156666088196,0.00995097896543,0.00995097896543,0.0137065558989,0.0585014229962,0.892223454354
368,0.01512753108,0.00959666451432,0.00959666451432,0.0132300899951,0.0566921397276,0.895756910169
369,0.014095277109,0.00893073756527,0.00893073756527,0.0123228103732,0.0530141469933,0.902706290394
370,0.0141126210128,0.0089306452516,0.0089306452516,0.0123334684901,0.053270798054,0.90242182194
371,0.013850627685,0.00875399038045,0.00875399038045,0.0121000846206,0.0524703962484,0.904070910685
372,0.0135398086154,0.00854693863274,0.00854693863274,0.0118242303166,0.051477894902,0.906064188901
373,0.0133596935688,0.00842279066646,0.00842279066646,0.0116626771694,0.0509762770698,0.907155770859
374,0.0135074175117,0.00850537144301,0.00850537144301,0.0117873311322,0.051725810734,0.905968697736
375,0.013257691641,0.00833777794329,0.00833777794329,0.0115651821207,0.0509525895007,0.907548980851
376,0.0131209666203,0.00824156507038,0.00824156507038,0.0114417326509,0.0506089750748,0.908345195513
377,0.0128609751187,0.00814700248765,0.00814700248765,0.0113203513184,0.0502710103066,0.909253658281
378,0.0127088808953,0.00804088647491,0.00804088647491,0.0111826810699,0.0498569387888,0.910169726296
379,0.0125949557084,0.00795913618271,0.00795913618271,0.0110786768899,0.049589477079,0.910818617957
380,0.0120647521192,0.00761483267037,0.00761483267037,0.0106087026668,0.0476744697969,0.914422410076
381,0.0119230631513,0.00751627178229,0.00751627178229,0.0104805564306,0.0472857081073,0.915278128746
382,0.0118618532077,0.00746861111379,0.00746861111379,0.0104232142326,0.0472138246126,0.91556388572
383,0.0115487691644,0.00726265931367,0.00726265931367,0.0101446587345,0.0461346172919,0.917646636182
384,0.0115147975314,0.00723250841276,0.00723250841276,0.0101113855287,0.046165985609,0.917742814505
385,0.0113961643448,0.00714930812836,0.00714930812836,0.0100038158696,0.0458563088511,0.918445094678
386,0.0111445065402,0.00698294827438,0.00698294827438,0.00977958558405,0.0450065598249,0.920103451502
387,0.0109792769721,0.00687107031317,0.00687107031317,0.00963132353045,0.0445003370072,0.921146921864
388,0.0110352704998,0.00689773181598,0.00689773181598,0.00967715809538,0.0448897437652,0.920602364008
389,0.0107466361894,0.00670916601857,0.00670916601857,0.00942084854981,0.0438744084845,0.922539774739
390,0.0106359633187,0.00663201489332,0.00663201489332,0.0093206656345,0.043580292701,0.923199048559
391,0.0105916070544,0.00659634242297,0.00659634242297,0.00927864545443,0.0435561772493,0.923380885396
392,0.0106769827707,0.00664144444294,0.00664144444294,0.00935026424099,0.0440667500841,0.922623114018
393,0.0105509549764,0.00655508672715,0.00655508672715,0.00923676159799,0.0437047695683,0.923397340403
394,0.0106684128758,0.00662001779976,0.00662001779976,0.00933642046739,0.0443518218558,0.922403309201
395,0.0105261338066,0.00652380391097,0.00652380391097,0.00920877996187,0.0439192707245,0.923298207685
396,0.0102749061148,0.00636037240557,0.00636037240557,0.0089859437179,0.0430267635888,0.924991641767
397,0.0102296073435,0.0063246473698,0.0063246473698,0.00894329215185,0.0429926649616,0.925185140803
398,0.0102141676542,0.00630743820933,0.00630743820933,0.0089267641085,0.0430836975806,0.925160494238
399,0.00985456710097,0.00607799367373,0.00607799367373,0.00860956580779,0.0417178695824,0.927662010161
400,0.00965857850341,0.00594988506986,0.00594988506986,0.00843547485769,0.0410366943406,0.928969482159
401,0.00940995565341,0.00578969398415,0.00578969398415,0.00821554767791,0.0401255793971,0.930669529303
402,0.00920601217861,0.00565733958156,0.00565733958156,0.00803476374209,0.0393985164884,0.932046028428
403,0.00929649032189,0.00570600824069,0.00570600824069,0.00811097774675,0.0399302408699,0.93125027458
404,0.00905813466091,0.00555296346188,0.00555296346188,0.0079003363877,0.0390477726077,0.93288782942
405,0.00904394269589,0.00553753539404,0.00553753539404,0.00788528209899,0.0391282008479,0.932867503569
406,0.00903712344677,0.00552664537097,0.00552664537097,0.00787666309913,0.0392407117731,0.932792210939
407,0.00905102699049,0.00552843125171,0.00552843125171,0.00788610468342,0.0394438324971,0.932562173326
408,0.00886495802497,0.00546302859692,0.00546302859692,0.00779963089007,0.0391663031151,0.933243050776
409,0.00873358642212,0.00537567301786,0.00537567301786,0.00768162979844,0.0387270008797,0.934106436864
410,0.0086042711698,0.00528978161888,0.00528978161888,0.00756551025782,0.0382931134566,0.934957541878
411,0.00855515856938,0.00525333564613,0.00525333564613,0.00751996091215,0.0382137800188,0.935204429207
412,0.00844133675187,0.00517728108072,0.00517728108072,0.00741757813581,0.0378432570622,0.935943265889
413,0.00839279695768,0.00514139139661,0.00514139139661,0.00737260564748,0.0377632483391,0.936188566263
414,0.00817902366814,0.00500447871838,0.00500447871838,0.00718255792515,0.0369359640749,0.937693496895
415,0.00800306931075,0.00489099694837,0.00489099694837,0.00702582995644,0.0362735364319,0.938915570404
416,0.00783118999658,0.00478026536812,0.00478026536812,0.00687277618778,0.0356243072086,0.940111195871
417,0.00776862688382,0.00473643891827,0.00473643891827,0.00681572545389,0.0354689454315,0.940473824394
418,0.00778388536966,0.00474010040587,0.00474010040587,0.00682696443787,0.0356685775808,0.9402403718
