episode,omega1,omega2,omega3,omega4,omega5,omega
1,0.166666666667,0.166666666667,0.166666666667,0.166666666667,0.166666666667,0.166666666667
2,0.166666666667,0.166666666667,0.166666666667,0.166666666667,0.166666666667,0.166666666667
3,0.166666666667,0.166666666667,0.166666666667,0.166666666667,0.166666666667,0.166666666667
4,0.166666666667,0.166666666667,0.166666666667,0.166666666667,0.166666666667,0.166666666667
5,0.166666666667,0.166666666667,0.166666666667,0.166666666667,0.166666666667,0.166666666667
6,0.166666666667,0.166666666667,0.166666666667,0.166666666667,0.166666666667,0.166666666667
7,0.166666666667,0.166666666667,0.166666666667,0.166666666667,0.166666666667,0.166666666667
8,0.163881889349,0.163881889349,0.163881889349,0.163881889349,0.180590553256,0.163881889349
9,0.163469595029,0.163469595029,0.163469595029,0.163469595029,0.182652024856,0.163469595029
10,0.163053655336,0.163053655336,0.163053655336,0.163053655336,0.18473172332,0.163053655336
11,0.164695576731,0.164695576731,0.164695576731,0.164695576731,0.176522116343,0.164695576731
12,0.164493514671,0.164493514671,0.164493514671,0.164493514671,0.177532426644,0.164493514671
13,0.164290546876,0.164290546876,0.164290546876,0.164290546876,0.178547265622,0.164290546876
14,0.164086672154,0.164086672154,0.164086672154,0.164086672154,0.179566639231,0.164086672154
15,0.163881889349,0.163881889349,0.163881889349,0.163881889349,0.180590553256,0.163881889349
16,0.163676197337,0.163676197337,0.163676197337,0.163676197337,0.181619013314,0.163676197337
17,0.163469595029,0.163469595029,0.163469595029,0.163469595029,0.182652024856,0.163469595029
18,0.163262081369,0.163262081369,0.163262081369,0.163262081369,0.183689593156,0.163262081369
19,0.163053655336,0.163053655336,0.163053655336,0.163053655336,0.18473172332,0.163053655336
20,0.162844315945,0.162844315945,0.162844315945,0.162844315945,0.185778420275,0.162844315945
21,0.162634062245,0.162634062245,0.162634062245,0.162634062245,0.186829688773,0.162634062245
22,0.162422893323,0.162422893323,0.162422893323,0.162422893323,0.187885533384,0.162422893323
23,0.1622108083,0.1622108083,0.1622108083,0.1622108083,0.1889459585,0.1622108083
24,0.161997806334,0.161997806334,0.161997806334,0.161997806334,0.190010968329,0.161997806334
25,0.161783886622,0.161783886622,0.161783886622,0.161783886622,0.191080566891,0.161783886622
26,0.161569048395,0.161569048395,0.161569048395,0.161569048395,0.192154758024,0.161569048395
27,0.161353290925,0.161353290925,0.161353290925,0.161353290925,0.193233545374,0.161353290925
28,0.157062302722,0.157062302722,0.157062302722,0.157062302722,0.1894036631,0.182347126012
29,0.156697365778,0.156697365778,0.156697365778,0.156697365778,0.190278547834,0.182931989054
30,0.156984164101,0.156984164101,0.156984164101,0.156984164101,0.191953350272,0.180109993324
31,0.156640918659,0.156640918659,0.156640918659,0.156640918659,0.19286649685,0.180569828514
32,0.156297092076,0.156297092076,0.156297092076,0.156297092076,0.193782336362,0.181029295335
33,0.158148158232,0.158148158232,0.158148158232,0.158148158232,0.183364029585,0.184043337488
34,0.157875998517,0.157875998517,0.157875998517,0.157875998517,0.183896697,0.184599308933
35,0.157603503332,0.157603503332,0.157603503332,0.157603503332,0.184429971139,0.185156015535
36,0.157330675046,0.157330675046,0.157330675046,0.157330675046,0.184963847156,0.185713452659
37,0.157677194815,0.157677194815,0.157677194815,0.157677194815,0.186230213652,0.183061007089
38,0.157911429072,0.157911429072,0.157911429072,0.157911429072,0.187371111513,0.1809831722
39,0.157669166161,0.157669166161,0.157669166161,0.157669166161,0.187950572439,0.181372762917
40,0.157819543693,0.157353214034,0.157353214034,0.157353214034,0.188443131525,0.18167768268
41,0.157541546106,0.157117095707,0.157117095707,0.157117095707,0.189032270139,0.182074896634
42,0.158699645935,0.158261400878,0.158261400878,0.158261400878,0.182437976072,0.184078175359
43,0.158462702983,0.158059222142,0.158059222142,0.158059222142,0.182837780136,0.184521850455
44,0.158724059598,0.158310303307,0.158310303307,0.158310303307,0.183764298043,0.182580732436
45,0.158918037487,0.158494154402,0.158494154402,0.158494154402,0.184616735679,0.180982763627
46,0.161046738704,0.157870065742,0.157870065742,0.157870065742,0.184528506968,0.1808145571
47,0.160915567702,0.15767166261,0.15767166261,0.15767166261,0.184936734444,0.181132710024
48,0.161127411583,0.157809355446,0.157809355446,0.157809355446,0.185741155538,0.179703366541
49,0.161003314042,0.15761801767,0.15761801767,0.15761801767,0.186160320397,0.179982312552
50,0.161888096034,0.158414047772,0.158414047772,0.158414047772,0.181477749102,0.181392011547
51,0.161535395784,0.158290674798,0.158290674798,0.158290674798,0.181840120697,0.181752459126
52,0.16142762658,0.158120887955,0.158120887955,0.158120887955,0.18214963806,0.182060071493
53,0.161319660562,0.157951020128,0.157951020128,0.157951020128,0.182459378339,0.182367900714
54,0.161211498036,0.15778107179,0.15778107179,0.15778107179,0.182769340672,0.182675945921
55,0.161103139313,0.157611043416,0.157611043416,0.157611043416,0.183079524195,0.182984206245
56,0.160994584706,0.15744093548,0.15744093548,0.15744093548,0.183389928041,0.183292680812
57,0.161236245536,0.157613285775,0.157613285775,0.157613285775,0.184100653038,0.1818232441
58,0.161133892843,0.157449323157,0.157449323157,0.157449323157,0.184419988995,0.18209814869
59,0.160786893419,0.157331118451,0.157331118451,0.157331118451,0.184793423525,0.182426327702
60,0.16148445172,0.157954502208,0.157954502208,0.157954502208,0.181034973732,0.183617067924
61,0.149385348496,0.146065150516,0.146065150516,0.146065150516,0.242189316159,0.170229883795
62,0.149062606655,0.145694993209,0.145694993209,0.145694993209,0.243620111387,0.170232302331
63,0.149023836037,0.145602544496,0.145602544496,0.145602544496,0.245526070919,0.168642459556
64,0.148951571022,0.14547743142,0.14547743142,0.14547743142,0.247391294645,0.167224840072
65,0.148632856265,0.145111780231,0.145111780231,0.145111780231,0.24885799539,0.167173807652
66,0.148313021427,0.144745289397,0.144745289397,0.144745289397,0.250330350137,0.167120760246
67,0.14799207036,0.144377963766,0.144377963766,0.144377963766,0.251808345698,0.167065692645
68,0.147897680948,0.144231839006,0.144231839006,0.144231839006,0.253682487689,0.165724314347
69,0.147577309396,0.143865505122,0.143865505122,0.143865505122,0.255179722789,0.165646452449
70,0.147460390993,0.143697687111,0.143697687111,0.143697687111,0.257039225483,0.164407322192
71,0.1471401709,0.143331934728,0.143331934728,0.143331934728,0.258554873708,0.164309151206
72,0.146818813308,0.142965328519,0.142965328519,0.142965328519,0.260076212271,0.164208988863
73,0.147843939855,0.143909629347,0.143909629347,0.143909629347,0.254810724036,0.165616448068
74,0.147298409066,0.143605146732,0.143605146732,0.143605146732,0.256297324411,0.165588826326
75,0.149426798407,0.145629504268,0.145629504268,0.145629504268,0.245433630233,0.168251058556
76,0.150075482025,0.145165855668,0.145165855668,0.145165855668,0.246383990611,0.168042960359
77,0.149821614436,0.144856037308,0.144856037308,0.144856037308,0.247598445615,0.168011828024
78,0.149566919167,0.144545665257,0.144545665257,0.144545665257,0.248816795484,0.167979289579
79,0.151337035589,0.146191507125,0.146191507125,0.146191507125,0.23986466604,0.170223776996
80,0.148179483828,0.143077846455,0.143077846455,0.143077846455,0.236250918203,0.186336058603
81,0.147920619613,0.142764566469,0.142764566469,0.142764566469,0.237234866228,0.186550814753
82,0.147661195321,0.142450995849,0.142450995849,0.142450995849,0.238221279098,0.186764538034
83,0.147401213732,0.142137137836,0.142137137836,0.142137137836,0.239210150657,0.186977222103
84,0.147140677651,0.141822995686,0.141822995686,0.141822995686,0.240201474655,0.187188860636
85,0.146879589906,0.141508572676,0.141508572676,0.141508572676,0.241195244741,0.187399447324
86,0.148337749685,0.142850045155,0.142850045155,0.142850045155,0.233302526964,0.189809587887
87,0.147661866721,0.142136116874,0.142136116874,0.142136116874,0.233480088427,0.192449694229
88,0.147418351577,0.141838796977,0.141838796977,0.141838796977,0.234340193209,0.192725064283
89,0.147174380011,0.141541273841,0.141541273841,0.141541273841,0.235202095281,0.192999703186
90,0.14692995451,0.141243550288,0.141243550288,0.141243550288,0.236065789397,0.193273605229
91,0.146685077574,0.140945629154,0.140945629154,0.140945629154,0.236931270254,0.19354676471
92,0.146733147236,0.140929303907,0.140929303907,0.140929303907,0.238274967484,0.192203973559
93,0.146490506825,0.140633877823,0.140633877823,0.140633877823,0.239151663523,0.192456196183
94,0.146247417109,0.140338254858,0.140338254858,0.140338254858,0.24003018927,0.192707629047
95,0.13503352882,0.129520013368,0.129520013368,0.129520013368,0.297946546492,0.178459884584
96,0.13433964878,0.12913692836,0.12913692836,0.12913692836,0.299709755417,0.178539810722
97,0.133948969105,0.128707855204,0.128707855204,0.128707855204,0.301373063146,0.178554402137
98,0.13355746961,0.128278329034,0.128278329034,0.128278329034,0.303041163684,0.178566379604
99,0.133165159736,0.127848359695,0.127848359695,0.127848359695,0.304714024488,0.178575736693
100,0.132772049014,0.127417957097,0.127417957097,0.127417957097,0.306391612554,0.17858246714
101,0.132378147062,0.126987131222,0.126987131222,0.126987131222,0.308073894417,0.178586564853
102,0.134761008176,0.129219215415,0.129219215415,0.129219215415,0.295235000838,0.182346344741
103,0.134399865626,0.12881935404,0.12881935404,0.12881935404,0.296739075169,0.182402997086
104,0.13641453628,0.130696021579,0.130696021579,0.130696021579,0.285805006662,0.185692392322
105,0.135781915979,0.130367014992,0.130367014992,0.130367014992,0.287259425685,0.18585761336
106,0.135445188332,0.129992838222,0.129992838222,0.129992838222,0.288619117177,0.185957179826
107,0.1348388208,0.129658690032,0.129658690032,0.129658690032,0.29007239381,0.186112715293
108,0.134498957124,0.129284094387,0.129284094387,0.129284094387,0.291439872779,0.186208886937
109,0.133914695409,0.128945517153,0.128945517153,0.128945517153,0.29289315414,0.186355598991
110,0.13335130244,0.128603242607,0.128603242607,0.128603242607,0.294343190652,0.186495779087
111,0.132805724056,0.12825776138,0.12825776138,0.12825776138,0.295790915301,0.186630076503
112,0.134646277262,0.129994098907,0.129994098907,0.129994098907,0.285568673057,0.189802752959
113,0.131547115697,0.12696179202,0.12696179202,0.12696179202,0.280891845047,0.206675663197
114,0.131805705093,0.127171076691,0.127171076691,0.127171076691,0.283356772288,0.203324292546
115,0.131465683997,0.126802837179,0.126802837179,0.126802837179,0.284546587085,0.203579217383
116,0.131110598399,0.126420292582,0.126420292582,0.126420292582,0.285706659013,0.203921864842
117,0.130580025846,0.126079232935,0.126079232935,0.126079232935,0.286963255733,0.204219019617
118,0.130237642685,0.125710633193,0.125710633193,0.125710633193,0.288160141312,0.204470316422
119,0.122384141606,0.118094402318,0.118094402318,0.118094402318,0.33044998827,0.192882663169
120,0.12244774457,0.118120053731,0.118120053731,0.118120053731,0.33341654933,0.189775544907
121,0.122031451525,0.117682883832,0.117682883832,0.117682883832,0.335091882498,0.189828014481
122,0.121614785807,0.117245608193,0.117245608193,0.117245608193,0.336770682616,0.189877706997
123,0.123738240667,0.119256709103,0.119256709103,0.119256709103,0.324585917983,0.193905714041
124,0.123170876126,0.118866061698,0.118866061698,0.118866061698,0.326188800481,0.194042138299
125,0.123245188818,0.118903381757,0.118903381757,0.118903381757,0.328980152082,0.19106451383
126,0.118019803227,0.15317386877,0.113829153795,0.113829153795,0.317536253338,0.183611767075
127,0.117459050965,0.152996529376,0.113427655511,0.113427655511,0.31902379934,0.183665309296
128,0.117055082163,0.152790530218,0.113006224334,0.113006224334,0.320457773309,0.183684165643
129,0.11881949152,0.155419291747,0.114677813271,0.114677813271,0.309290017117,0.187115573074
130,0.118852999146,0.155789596829,0.114678362105,0.114678362105,0.311698191062,0.184302488753
131,0.120417346414,0.158171572739,0.116155562331,0.116155562331,0.301735582964,0.187364373222
132,0.121784283964,0.160303018248,0.117441564701,0.117441564701,0.292892796434,0.190136771952
133,0.119789838054,0.158008882804,0.115486224185,0.115486224185,0.290032532498,0.201196298275
134,0.11943045339,0.157865662973,0.115107841028,0.115107841028,0.291105969607,0.201382231973
135,0.119368427173,0.155618931671,0.115016175292,0.115016175292,0.292910402389,0.202069888184
136,0.119277377694,0.153564677315,0.114896594219,0.114896594219,0.294654243472,0.202710513082
137,0.119410221279,0.154023713827,0.114992680811,0.114992680811,0.29696510062,0.199615602652
138,0.119055860058,0.15385432293,0.114619654516,0.114619654516,0.298073921331,0.199776586649
139,0.119156947815,0.154273430155,0.114685182876,0.114685182876,0.300332179707,0.19686707657
140,0.119052489412,0.152344526853,0.114552888588,0.114552888588,0.302085772981,0.197411433579
141,0.118701490849,0.152165069551,0.114183502415,0.114183502415,0.303219591452,0.197546843319
142,0.118350583052,0.151984611276,0.113814399473,0.113814399473,0.304355237669,0.197680769057
143,0.117999770767,0.151803155355,0.113445584175,0.113445584175,0.305492698839,0.197813206689
144,0.117649058744,0.15162070515,0.113077060927,0.113077060927,0.306631962093,0.197944152159
145,0.117133246668,0.151465606828,0.112729928543,0.112729928543,0.307830616805,0.198110672613
146,0.118503889302,0.153511772849,0.114018701985,0.114018701985,0.298785274237,0.201161659642
147,0.118400716777,0.151664530122,0.113889125398,0.113889125398,0.300435158821,0.201721343483
148,0.118277490193,0.149951007412,0.113740324912,0.113740324912,0.302042713019,0.202248139554
149,0.11952454012,0.151776792551,0.114908957188,0.114908957188,0.29375299612,0.205127756833
150,0.119199814138,0.151608960342,0.114566281696,0.114566281696,0.294740275856,0.205318386272
151,0.118875184973,0.151440313161,0.114223873443,0.114223873443,0.295728919893,0.205507835087
152,0.119028456647,0.151880527813,0.114340718788,0.114340718788,0.29791479922,0.202494778745
153,0.119089539727,0.152203946692,0.114368959534,0.114368959534,0.299884193996,0.200084400519
154,0.118605458024,0.152068062616,0.114052209998,0.114052209998,0.30095624319,0.200265816172
155,0.119009463085,0.152834105853,0.114411428604,0.114411428604,0.297696406408,0.201637167446
156,0.118904234317,0.151174609153,0.114281022056,0.114281022056,0.299209294333,0.202149818085
157,0.118782480338,0.149624701972,0.114134796126,0.114134796126,0.300687803023,0.202635422415
158,0.119908087054,0.151266241886,0.115186885264,0.115186885264,0.293194703901,0.205257196631
159,0.120667226911,0.150923388969,0.114726518524,0.114726518524,0.293765855159,0.205190491912
160,0.120367494719,0.15076183688,0.114404981399,0.114404981399,0.294690984972,0.205369720632
161,0.11987503946,0.150632578613,0.114108677961,0.114108677961,0.29568207946,0.205592946544
162,0.119574623381,0.150469718193,0.113787647637,0.113787647637,0.29661005122,0.205770311933
163,0.119583654426,0.150696041894,0.113761184576,0.113761184576,0.298310997874,0.203886936653
164,0.119102928874,0.150565172434,0.113465291844,0.113465291844,0.299310952009,0.204090362996
165,0.118803361503,0.150402607696,0.113146239217,0.113146239217,0.300250757447,0.204250794921
166,0.118691994584,0.148890284179,0.113006551853,0.113006551853,0.301669932751,0.20473468478
167,0.119797552773,0.150483718091,0.114025226353,0.114025226353,0.294342685405,0.207325591025
168,0.119686381461,0.149057507115,0.113885526732,0.113885526732,0.295666334724,0.207818723237
169,0.119222208546,0.148922564422,0.113599200565,0.113599200565,0.296612641029,0.208044184873
170,0.119994326337,0.15008561708,0.114302026997,0.114302026997,0.291229376441,0.210086626147
171,0.119711510686,0.149930260148,0.113999839369,0.113999839369,0.292071329096,0.210287221332
172,0.120023279431,0.149673186845,0.113621112827,0.113621112827,0.292716474226,0.210344833844
173,0.120558008651,0.150534233553,0.114090739832,0.114090739832,0.288749944459,0.211976333674
174,0.116633352308,0.145821869373,0.110341242487,0.110341242487,0.311112684392,0.205749608953
175,0.114604096984,0.143469881491,0.108386710566,0.108386710566,0.30743837776,0.217714222633
176,0.112107717016,0.140526036653,0.105991779144,0.105991779144,0.321623981094,0.213758706948
177,0.111614600848,0.140335871907,0.105677898796,0.105677898796,0.322712012852,0.213981716802
178,0.111448871505,0.138936555767,0.105488220447,0.105488220447,0.324182561867,0.214455569966
179,0.112481752782,0.140398942691,0.106432802434,0.106432802434,0.317008730307,0.217244969352
180,0.112171663515,0.140186383261,0.106106432845,0.106106432845,0.317980389441,0.217448698094
181,0.11224808126,0.140456714558,0.106145750351,0.106145750351,0.316600715671,0.218402987809
182,0.111940538041,0.140246450442,0.1058220589,0.1058220589,0.317557376997,0.218611516719
183,0.111633142932,0.140035629876,0.105498698197,0.105498698197,0.318514947427,0.218818883371
184,0.111325899344,0.139824256315,0.105175671248,0.105175671248,0.319473417765,0.21902508408
185,0.110848034838,0.139639153161,0.10487312361,0.10487312361,0.320494334853,0.219272229928
186,0.10911992235,0.137634798754,0.103207075541,0.103207075541,0.317323579099,0.229507548715
187,0.10880751611,0.137413086882,0.102880611887,0.102880611887,0.318246128219,0.229772045015
188,0.10812678837,0.136724863632,0.102206181835,0.102206181835,0.321481962071,0.229254022257
189,0.107652771375,0.136523542996,0.101897009577,0.101897009577,0.322479618935,0.22955004754
190,0.107910394514,0.137023311233,0.102111009416,0.102111009416,0.325143285638,0.225700989783
191,0.106299505252,0.13514851042,0.10055729849,0.10055729849,0.334235924834,0.223201462514
192,0.105980862574,0.134913780557,0.10022657025,0.10022657025,0.335249292864,0.223402923505
193,0.105662457334,0.13467854356,0.099896251204,0.099896251204,0.336263449213,0.223603047485
194,0.106016788684,0.135301057752,0.100201954836,0.100201954836,0.3330477101,0.225230533793
195,0.105549300267,0.135093461569,0.0998926547743,0.0998926547743,0.334092372346,0.225479556269
196,0.106450272922,0.136420054789,0.100716741758,0.100716741758,0.327400437883,0.228295750891
197,0.105026914699,0.134767296725,0.099341837295,0.099341837295,0.335395909616,0.22612620437
198,0.0994105065963,0.127722868939,0.0940027500052,0.0940027500052,0.319346515381,0.265514609072
199,0.100127678786,0.128808046975,0.0946540305662,0.0946540305662,0.312989147232,0.268767065874
200,0.100622460539,0.129609325072,0.095094760365,0.095094760365,0.308133221318,0.271445472341
201,0.100300913352,0.129359602616,0.0947639674473,0.0947639674473,0.308880796908,0.27193075223
202,0.0987987463981,0.127584433036,0.0933182257359,0.0933182257359,0.305970732013,0.281009637081
203,0.0982322883696,0.127014406761,0.0927568500334,0.0927568500334,0.305932166897,0.283307437905
204,0.0965812570757,0.125038583617,0.0911719568037,0.0911719568037,0.302486617414,0.293549628286
205,0.0963781358031,0.123619475755,0.0909543837574,0.0909543837574,0.303552814141,0.294540806786
206,0.0961662233503,0.122275934898,0.0907286328012,0.0907286328012,0.304593571033,0.295507005116
207,0.095696583725,0.122019525881,0.0904066816662,0.0904066816662,0.305311127738,0.296159399324
208,0.0962772590634,0.122904819235,0.090930154611,0.090930154611,0.299362655459,0.299594957021
209,0.096808648743,0.123729041491,0.091406796154,0.091406796154,0.293743583789,0.30290513367
210,0.0952357864455,0.121862464919,0.0898968797953,0.0898968797953,0.2905172816,0.312590707445
211,0.0949101145211,0.12158908183,0.089564738057,0.089564738057,0.291072961846,0.313298365688
212,0.0945849087294,0.121315481492,0.0892332125731,0.0892332125731,0.291627708415,0.314005476218
213,0.0944899525203,0.121010961777,0.0888797524845,0.0888797524845,0.292107390093,0.31463219064
214,0.0931702047889,0.11946011269,0.087613063302,0.087613063302,0.300140529272,0.312003026645
215,0.0916364487855,0.117630761539,0.0861459124072,0.0861459124072,0.296825388187,0.321615576674
216,0.0921050806085,0.118370377663,0.0865614696036,0.0865614696036,0.291239145741,0.32516245678
217,0.090691217011,0.116689415443,0.0852080984439,0.0852080984439,0.288308080989,0.333895089669
218,0.0902254480095,0.11641745895,0.084885858681,0.084885858681,0.288843170052,0.334742205627
219,0.089998608121,0.115114023058,0.0846486431494,0.0846486431494,0.289666033326,0.335924049196
220,0.0894232243098,0.11450727947,0.084083821675,0.084083821675,0.292102769495,0.335799083375
221,0.0898303478853,0.115158549333,0.0844428938689,0.0844428938689,0.286753211484,0.33937210356
222,0.0900602659205,0.115583718183,0.0846352265055,0.0846352265055,0.282782991714,0.342302571171
223,0.0881562561817,0.113267915116,0.0828226235395,0.0828226235395,0.278241371376,0.354689210247
224,0.0871293584105,0.112074966244,0.0818348461618,0.0818348461618,0.284363204014,0.352762779008
225,0.0867984796664,0.111775481983,0.0815011584448,0.0815011584448,0.284789929726,0.353633791735
226,0.087003183031,0.111410671976,0.0811206834809,0.0811206834809,0.285048110054,0.354296667977
227,0.0877048947264,0.112432736182,0.0817495111325,0.0817495111325,0.288866677996,0.347496668831
228,0.0874742068585,0.111176636115,0.0815091227718,0.0815091227718,0.289630450639,0.348700460844
229,0.0871492139748,0.110880641127,0.0811810292808,0.0811810292808,0.290080324298,0.349527762038
230,0.0875073397344,0.111453952173,0.0814892711365,0.0814892711365,0.284951499138,0.353108666682
231,0.0865851389612,0.110395936552,0.080605408546,0.080605408546,0.283405845265,0.35840226213
232,0.0869018829571,0.110916882506,0.0808751101308,0.0808751101308,0.278489112918,0.361941901357
233,0.0865800811138,0.110622939425,0.0805505592304,0.0805505592304,0.27886020552,0.36283565548
234,0.0837671524503,0.107141986978,0.0779092811337,0.0779092811337,0.271163872112,0.382108426192
235,0.0835226266472,0.105940407293,0.077657688865,0.077657688865,0.271738852875,0.383482735455
236,0.0831949365822,0.105632038498,0.0773289451601,0.0773289451601,0.272040778299,0.384474356301
237,0.0834462722512,0.106058865621,0.0775384302603,0.0775384302603,0.267262063501,0.388155938106
238,0.0829802509245,0.105768581258,0.0772236469421,0.0772236469421,0.267576411441,0.389227462493
239,0.0832045040639,0.106163058305,0.0774088564185,0.0774088564185,0.262981912355,0.392832812439
240,0.0824857139594,0.105353743534,0.0767168574154,0.0767168574154,0.261973699179,0.396753128496
241,0.0832809149798,0.106478364475,0.0774329501299,0.0774329501299,0.265781259206,0.389593561079
242,0.0834611826339,0.1068181538,0.0775770219027,0.0775770219027,0.261611673516,0.392954946244
243,0.0831419328428,0.106518563093,0.0772568393994,0.0772568393994,0.261849355092,0.393976470173
244,0.0833320442787,0.106871490946,0.0774100071865,0.0774100071865,0.257552398306,0.397424052096
245,0.0834992054966,0.107195566788,0.0775417621674,0.0775417621674,0.253432146283,0.400789557098
246,0.0811446878194,0.104279568411,0.0753323764948,0.0753323764948,0.271910969521,0.39200002126
247,0.0813394188036,0.104636895435,0.0754902547079,0.0754902547079,0.267568203819,0.395474972526
248,0.0799757121907,0.102987981545,0.0742020994651,0.0742020994651,0.264358770279,0.404273337055
249,0.0795223435228,0.102697333841,0.073894551492,0.073894551492,0.264620730675,0.405370488978
250,0.0777048531709,0.100453715728,0.0721843177543,0.0721843177543,0.259829357873,0.41764343772
251,0.0762973399242,0.0987359072629,0.0708558273411,0.0708558273411,0.256362710346,0.426892387784
252,0.0755752917948,0.0979024184126,0.070164506352,0.070164506352,0.260418350576,0.425774926513
253,0.0749381946279,0.0971772659853,0.0695524338995,0.0695524338995,0.259498936233,0.429280735355
254,0.0746845515395,0.0960226207822,0.0692965077109,0.0692965077109,0.259898479003,0.430801333253
255,0.0748812902444,0.0963712497396,0.069458492677,0.069458492677,0.261870684787,0.427959789875
256,0.0750151436498,0.0966394638072,0.0695620617326,0.0695620617326,0.257544155949,0.431677113129
257,0.0746957181508,0.0963235916402,0.0692453591289,0.0692453591289,0.257691003355,0.432798968597
258,0.0733441711488,0.0946747049204,0.0679723108215,0.0679723108215,0.254255261908,0.44178124038
259,0.0726592375692,0.0938837840742,0.0673176165188,0.0673176165188,0.253102232588,0.445719512731
260,0.0709335022032,0.0917450299396,0.0656993029518,0.0656993029518,0.267719617521,0.438203244432
261,0.0695647487201,0.0900641094333,0.064412483537,0.064412483537,0.263903501166,0.447642673607
262,0.0696146159213,0.0902182428113,0.0644395827745,0.0644395827745,0.260105243829,0.451182731889
263,0.0691761382217,0.0899049194327,0.0641330482253,0.0641330482253,0.260255607437,0.452397238458
264,0.068857555649,0.0895804415844,0.0638192498997,0.0638192498997,0.260370474103,0.453553028864
265,0.0679850812084,0.08853391567,0.0629924122045,0.0629924122045,0.258374770026,0.459121408686
266,0.0680779383938,0.0887435713382,0.063060228385,0.063060228385,0.253971217032,0.463086816466
267,0.0676482298458,0.0882716812336,0.0626440901282,0.0626440901282,0.253625078637,0.465166830027
268,0.0663272790638,0.0866346445347,0.0614031110366,0.0614031110366,0.249911126817,0.474320727511
269,0.0668994079295,0.0874693995231,0.0619148739639,0.0619148739639,0.253322250999,0.468479193621
270,0.0667171346756,0.0873183884718,0.0617283445799,0.0617283445799,0.251899680277,0.470608107416
271,0.0664031099324,0.0869943805502,0.0614200532709,0.0614200532709,0.251955355929,0.471807047046
272,0.0654869291004,0.0858799653463,0.0605551270417,0.0605551270417,0.249709316333,0.477813535137
273,0.065227917377,0.0847958548043,0.0602981977444,0.0602981977444,0.249953128979,0.479426703351
274,0.0629375486328,0.0818973472623,0.0581641208101,0.0581641208101,0.242370541919,0.496466320566
275,0.0626187620065,0.0815611592009,0.0578527951445,0.0578527951445,0.242336835651,0.497777652853
276,0.060701877462,0.0791407091003,0.0560656056716,0.0560656056716,0.236081537171,0.511944664924
277,0.0598815808558,0.078146579174,0.0552919843749,0.0552919843749,0.234044318393,0.517343552827
278,0.0595682521118,0.0778126978045,0.054986781675,0.054986781675,0.233972409602,0.518673077132
279,0.059255977748,0.0774794778976,0.0546827236971,0.0546827236971,0.233898213352,0.520000883608
280,0.0569913821784,0.0745903436287,0.0525777121654,0.0525777121654,0.226073090213,0.537189759649
281,0.0559737456004,0.0733291564134,0.0516239687782,0.0516239687782,0.223135667138,0.544313493292
282,0.0567203844399,0.0743790087374,0.052297473756,0.052297473756,0.227231605459,0.537074053852
283,0.0564112257616,0.0740449864797,0.0519973973947,0.0519973973947,0.227111984874,0.538437008095
284,0.0564050878362,0.0741083770624,0.0519767206117,0.0519767206117,0.222830365376,0.542702728502
285,0.0557482114111,0.0733160168123,0.0513565756826,0.0513565756826,0.227531766917,0.540690853494
286,0.0557101728984,0.0733366945204,0.0513067081953,0.0513067081953,0.223677874274,0.544661841917
287,0.0556846831914,0.0733738790098,0.051268418813,0.051268418813,0.219619190171,0.548785410002
288,0.0555584097293,0.0732781393711,0.0511373833214,0.0511373833214,0.216949828032,0.551938856224
289,0.0533627207087,0.0704500802954,0.0491022264062,0.0491022264062,0.209367286866,0.568615459318
290,0.0539317277901,0.0712700007468,0.0496114681532,0.0496114681532,0.212606506889,0.562968828268
291,0.0534880928918,0.0707519549112,0.049189157488,0.049189157488,0.214493839545,0.562887797676
292,0.0522332647693,0.0691587927386,0.0480213060244,0.0480213060244,0.210467351384,0.57209797906
293,0.0513710783484,0.0680828637681,0.0472150009691,0.0472150009691,0.207986956791,0.578129099154
294,0.0513030187286,0.0680582776669,0.0471388264188,0.0471388264188,0.204191574871,0.582169475896
295,0.0542056496439,0.0674993216965,0.0466931146337,0.0466931146337,0.203275386153,0.581633413239
296,0.0549282049046,0.068450126831,0.0472915247687,0.0472915247687,0.206913184623,0.575125434104
297,0.0506077223595,0.0631131184026,0.0435496152583,0.0435496152583,0.191497041439,0.607682887282
298,0.0503063837682,0.0627841389848,0.0432683416399,0.0432683416399,0.191214531638,0.609158262329
299,0.0501774660591,0.0626699813059,0.0431355655549,0.0431355655549,0.191583912527,0.609297508998
300,0.0489062249236,0.0611278296361,0.0420214013684,0.0420214013684,0.187571551647,0.618351591056
301,0.049012451912,0.0607757041116,0.041727001574,0.041727001574,0.187191668576,0.619566172252
302,0.0482992582222,0.0599343007282,0.0410977689072,0.0410977689072,0.185293626322,0.624277276913
303,0.0477412784598,0.0592844013,0.0406011996042,0.0406011996042,0.183972961008,0.627798960024
304,0.046099499135,0.0572867272972,0.0391839364453,0.0391839364453,0.178441593967,0.63980430671
305,0.0458341697016,0.0564138675202,0.0389375176385,0.0389375176385,0.17820881779,0.641668109712
306,0.0456306412276,0.0562017419723,0.0387438254941,0.0387438254941,0.176291446367,0.644388519444
307,0.0453405469811,0.0558826070938,0.0384768685011,0.0384768685011,0.175948646905,0.645874462017
308,0.0450517821236,0.0555646493709,0.0382113142313,0.0382113142313,0.175604507144,0.647356432899
309,0.0436912996115,0.0539235238512,0.0370375285099,0.0370375285099,0.1710579069,0.657252212617
310,0.0434292133213,0.0531073908943,0.0367956122886,0.0367956122886,0.170786941131,0.659085230076
311,0.0420050764516,0.0513993400642,0.035569919868,0.035569919868,0.165920093656,0.669535650092
312,0.041743998467,0.0506314069699,0.0353298821662,0.0353298821662,0.165621135416,0.671343694815
313,0.0405714476433,0.0492397672188,0.0343190836409,0.0343190836409,0.161683880195,0.679866737661
314,0.0396963864498,0.0482076541493,0.0335608683879,0.0335608683879,0.158899196417,0.686075026208
315,0.0385964145741,0.0469009374266,0.0326134102276,0.0326134102276,0.176110625043,0.673165202501
316,0.0369125183772,0.0448825758593,0.0311738156383,0.0311738156383,0.169243406442,0.686613868045
317,0.0362012000262,0.0440449986823,0.0305566886739,0.0305566886739,0.166786361648,0.691854062296
318,0.0359534748444,0.0433712282499,0.030331314258,0.030331314258,0.166447748277,0.693564920112
319,0.0356963595859,0.0430865531646,0.0300982553081,0.0300982553081,0.16595641546,0.695064161174
320,0.0346190154602,0.0418108996091,0.0291742125355,0.0291742125355,0.161727353139,0.70349430672
321,0.0338132684836,0.0408619347991,0.0284799103917,0.0284799103917,0.158728373939,0.709636601995
322,0.0324299981387,0.0392135058379,0.0273001746372,0.0273001746372,0.152972366827,0.720783779921
323,0.0313749797212,0.0379602597901,0.0263978763995,0.0263978763995,0.148712736228,0.729156271462
324,0.0310491071877,0.0375882245886,0.0261096884521,0.0261096884521,0.147881032952,0.731262258367
325,0.0307724881695,0.0372753975638,0.0258631978629,0.0258631978629,0.14727350418,0.732952214361
326,0.0305279906925,0.0370011196241,0.0256439466906,0.0256439466906,0.146904178374,0.734278817929
327,0.0303933959616,0.0368597892187,0.0255171936005,0.0255171936005,0.143482343989,0.73823008363
328,0.0301215178359,0.0365516886741,0.0252753727326,0.0252753727326,0.142877430359,0.739898617665
329,0.0297616649395,0.0361363921873,0.0249600226608,0.0249600226608,0.141844187908,0.742337709643
330,0.0296136748186,0.0359779857467,0.0248225898439,0.0248225898439,0.1418123876,0.742950772146
331,0.0287353654253,0.0349315808952,0.0240734618748,0.0240734618748,0.138263050305,0.749923079625
332,0.0288469823563,0.0350880214412,0.0241540103836,0.0241540103836,0.139462466598,0.748294508837
333,0.0277707382062,0.0337989251595,0.0232403850897,0.0232403850897,0.13489999116,0.757049575295
334,0.0271430410254,0.0330545266635,0.0227029051396,0.0227029051396,0.132480068379,0.761916553653
335,0.0262797014251,0.0320221022836,0.0219690053164,0.0219690053164,0.128878362936,0.768881822723
336,0.0263220911506,0.0320927384481,0.0219926413425,0.0219926413425,0.129702251937,0.767897635779
337,0.0260570721308,0.0317884225627,0.0217595371948,0.0217595371948,0.129009082524,0.769626348393
338,0.0260195851195,0.031761478015,0.0217165805036,0.0217165805036,0.129438235089,0.769347540769
339,0.0259524569592,0.0316982867864,0.0216489376688,0.0216489376688,0.129720387784,0.769330993132
340,0.0256359615963,0.0314571153033,0.0214600018694,0.0214600018694,0.129271239067,0.770715680294
341,0.0250642859437,0.0307741998415,0.0209704472224,0.0209704472224,0.126993167722,0.775227452048
342,0.0248538156236,0.0305342077872,0.0207834500001,0.0207834500001,0.12652921474,0.776515861849
343,0.0245512847235,0.030298665942,0.0205998734635,0.0205998734635,0.12607768687,0.777872615537
344,0.023776429155,0.0293604709906,0.01993949365,0.01993949365,0.122684108931,0.784300003623
345,0.0224380779962,0.0277248460703,0.0188074671763,0.0188074671763,0.116333557153,0.795888584428
346,0.0217325757272,0.0268696367372,0.0182067750128,0.0182067750128,0.113216109939,0.801768127571
347,0.0210828682029,0.0260823903592,0.0176534130344,0.0176534130344,0.131552199044,0.785975716325
348,0.0204297113769,0.0252898952736,0.0170977272386,0.0170977272386,0.12815301383,0.791931925042
349,0.0204485004085,0.0253287272564,0.0171046732605,0.0171046732605,0.12895145065,0.791061975164
350,0.0203285063335,0.0251955866888,0.0169955785134,0.0169955785134,0.125760551971,0.79472419798
351,0.0203265423684,0.0252086517626,0.016985219242,0.016985219242,0.126406733403,0.794087633982
352,0.0201848962237,0.0250483852025,0.0168582050941,0.0168582050941,0.126183030416,0.79486727797
353,0.0199885002269,0.0248199284434,0.0166856137615,0.0166856137615,0.125609467696,0.796210876111
354,0.0190299764939,0.0236442569675,0.0158773271489,0.0158773271489,0.120212090875,0.805359021366
355,0.018692531236,0.0232392783099,0.0155877855143,0.0155877855143,0.118698641259,0.808193978166
356,0.0184868118335,0.0229976598375,0.0154083271847,0.0154083271847,0.118006895943,0.809691978017
357,0.0184272754649,0.0229376993675,0.0153508265202,0.0153508265202,0.118242669907,0.80969070222
358,0.0181350576184,0.0225878435609,0.015099645112,0.015099645112,0.116976809673,0.812100998924
359,0.0169384767743,0.0211104401127,0.0140961112319,0.0140961112319,0.109830489513,0.823928371136
360,0.016756015361,0.0208958858746,0.0139371148741,0.0139371148741,0.109216196892,0.825257672124
361,0.0166664011501,0.0207969176343,0.0138554656294,0.0138554656294,0.10920081105,0.825624938906
362,0.0162786667359,0.0203255860426,0.013526184015,0.013526184015,0.107218715193,0.829124663999
363,0.0155645642274,0.0194459118738,0.0129261916254,0.0129261916254,0.103052009744,0.836085130904
364,0.0144067269162,0.0180104172612,0.0119584836124,0.0119584836124,0.095885416154,0.847780472444
365,0.0144407846032,0.0180641006261,0.0119806048284,0.0119806048284,0.0966152666858,0.846918638428
366,0.0140783703467,0.0176215879757,0.0116739412582,0.0116739412582,0.0946836705985,0.850268488563
367,0.0139531542091,0.0174756023536,0.0115641755755,0.0115641755755,0.0943328222218,0.851110070064
368,0.013815955744,0.0171404511955,0.0114445937447,0.0114445937447,0.093894272321,0.85226013325
369,0.013692750289,0.0169975825104,0.0113367168664,0.0113367168664,0.0935441404319,0.853092093036
370,0.0133504957516,0.0165824622104,0.0110476821251,0.0110476821251,0.0916834668177,0.85628821097
371,0.0133431011636,0.0165830173661,0.01103589908,0.01103589908,0.0921124101959,0.855889673114
372,0.0133344020482,0.0165819452071,0.011023046813,0.011023046813,0.0925342791875,0.855503279931
373,0.0131954535656,0.0164187997649,0.0109025878246,0.0109025878246,0.0920494413266,0.856531129694
374,0.0130946091425,0.0163028967088,0.0108137163983,0.0108137163983,0.0918241903052,0.857150871047
375,0.0129571243753,0.0161412074127,0.0106946906778,0.0106946906778,0.0917994761066,0.85771281075
376,0.0127378781346,0.0158774090499,0.0105083336772,0.0105083336772,0.0907198406241,0.859648204837
377,0.0120656529679,0.0150483376598,0.00994866391546,0.00994866391546,0.0863832685604,0.866605412981
378,0.0119588443602,0.0149238908727,0.00985553735337,0.00985553735337,0.0860679839895,0.867338206071
379,0.0114834891511,0.0143390991862,0.00945893244318,0.00945893244318,0.083080651771,0.872178895005
380,0.0104243015208,0.0130241719899,0.0085820766432,0.0085820766432,0.0758135108914,0.883573862312
381,0.0103504631371,0.0129395178575,0.00851691615098,0.00851691615098,0.075671621667,0.884004565036
382,0.0102161138353,0.0127790682105,0.00840205416362,0.00840205416362,0.0773986674864,0.882802042141
383,0.00986911249792,0.0123522683415,0.00811250574952,0.00811250574952,0.0751681949911,0.88638541267
384,0.00981240183145,0.0122885063017,0.0080617515105,0.0080617515105,0.0751345360234,0.886641052823
385,0.009574914778,0.0119981377106,0.00786259968606,0.00786259968606,0.0737067841216,0.888994964018
386,0.00958191544876,0.0120139663964,0.00786431221052,0.00786431221052,0.0741537540181,0.888521739716
387,0.00942582552497,0.0118252036453,0.00773223373124,0.00773223373124,0.0733345220885,0.889949981279
388,0.0093384794857,0.0117225084524,0.00765665203771,0.00765665203771,0.0714732614544,0.892152446532
389,0.00932640514506,0.011714231879,0.00764282972258,0.00764282972258,0.071757219803,0.891916483728
390,0.00910138263304,0.0114383153414,0.00745460170045,0.00745460170045,0.0703951266247,0.894155972
391,0.00832030560881,0.0104628289228,0.00681135497436,0.00681135497436,0.0646931644478,0.902900991072
392,0.00764696225239,0.009621747278,0.00625691632109,0.00625691632109,0.0597711976777,0.91044626015
393,0.00751207402446,0.00945757973798,0.00614339477481,0.00614339477481,0.0590264637779,0.91171709291
394,0.00731784902789,0.00921846798242,0.00598148716706,0.00598148716706,0.0578035148884,0.913697193767
395,0.00726990572739,0.00916345473301,0.00593925092154,0.00593925092154,0.0577275965724,0.913960541124
396,0.0068150623821,0.00859518935144,0.00556480428587,0.00556480428587,0.0544011935352,0.91905894616
397,0.00670888077207,0.00846624516005,0.00547529215792,0.00547529215792,0.0538359723573,0.920038317395
398,0.0065923607322,0.00832409223564,0.00537743726552,0.00537743726552,0.0531798792189,0.921148793282
399,0.00652220455652,0.00824034678676,0.00531748127068,0.00531748127068,0.0528913550408,0.921711131075
400,0.00632536512721,0.00799635058685,0.00515435489626,0.00515435489626,0.0515655641011,0.923804010392
401,0.00630043363072,0.00796951369674,0.0051314053641,0.0051314053641,0.051633136728,0.923834105216
402,0.00624262985724,0.00790103742544,0.00508171883817,0.00508171883817,0.0514291739374,0.924263721104
403,0.00625500891345,0.00792135761295,0.00508918390632,0.00508918390632,0.0518028664498,0.923842399211
404,0.00619116158866,0.00784510896076,0.00503465268463,0.00503465268463,0.0500488836156,0.925845540466
405,0.00600497186312,0.00761365109669,0.00488073826156,0.00488073826156,0.0487961319058,0.927823768611
406,0.00591192591028,0.00750008404934,0.00480264724776,0.00480264724776,0.0482898178179,0.928692877727
407,0.00586564101139,0.00744573852452,0.00476260266714,0.00476260266714,0.0481608594425,0.929002555687
408,0.00592915017421,0.00753077903383,0.00481169937952,0.00481169937952,0.0489354248747,0.927981247158
409,0.00585972915095,0.00744697936436,0.0047529226104,0.0047529226104,0.04861391753,0.928573528734
410,0.00577839823978,0.00734793373229,0.00468454952569,0.00468454952569,0.0481884227171,0.929316146259
411,0.00577241626713,0.00734464073017,0.00467729941317,0.00467729941317,0.0483888218401,0.929139522336
412,0.00572618343011,0.00729009728945,0.0046374575849,0.0046374575849,0.0482508342416,0.929457969869
413,0.0056946114039,0.00725416308921,0.00460952264422,0.00460952264422,0.0482342831551,0.929597897063
414,0.00567591398281,0.00723459427543,0.00459203118985,0.00459203118985,0.0483258726015,0.929579556761
415,0.00549323577337,0.00700586506259,0.00444195780044,0.00444195780044,0.0470136861203,0.931603297443
416,0.00538838849527,0.00687618546975,0.00435494077923,0.00435494077923,0.0463561253412,0.932669419135
417,0.0052157505325,0.00665979171179,0.00421325096756,0.00421325096756,0.0451042227936,0.934593733027
418,0.00515280446259,0.00658328491698,0.00416026835238,0.00416026835238,0.0450408832105,0.934902490705
