episode,omega2,omega3,omega4,omega
1,0.25,0.25,0.25,0.25
2,0.25,0.25,0.25,0.25
3,0.25,0.25,0.25,0.25
4,0.25,0.25,0.25,0.25
5,0.25,0.25,0.25,0.25
6,0.25,0.25,0.25,0.25
7,0.25,0.25,0.25,0.25
8,0.25,0.25,0.25,0.25
9,0.25,0.25,0.25,0.25
10,0.25,0.25,0.25,0.25
11,0.25,0.25,0.25,0.25
12,0.25,0.25,0.25,0.25
13,0.25,0.25,0.25,0.25
14,0.25,0.25,0.25,0.25
15,0.25,0.25,0.25,0.25
16,0.25,0.25,0.25,0.25
17,0.245871501925,0.245871501925,0.245871501925,0.262385494226
18,0.245609141389,0.245609141389,0.245609141389,0.263172575832
19,0.245937013012,0.245937013012,0.245937013012,0.262188960965
20,0.245707585851,0.245707585851,0.245707585851,0.262877242447
21,0.245987944205,0.245987944205,0.245987944205,0.262036167385
22,0.245784104609,0.245784104609,0.245784104609,0.262647686174
23,0.24557995901,0.24557995901,0.24557995901,0.26326012297
24,0.245375507741,0.245375507741,0.245375507741,0.263873476776
25,0.245661653949,0.245661653949,0.245661653949,0.263015038154
26,0.245477771564,0.245477771564,0.245477771564,0.263566685309
27,0.24572845887,0.24572845887,0.24572845887,0.262814623391
28,0.245561385157,0.245561385157,0.245561385157,0.263315844529
29,0.245784104609,0.245784104609,0.245784104609,0.262647686174
30,0.245972275108,0.245972275108,0.245972275108,0.262083174677
31,0.245831171688,0.245831171688,0.245831171688,0.262506484937
32,0.245689921567,0.245689921567,0.245689921567,0.262930235298
33,0.245548524856,0.245548524856,0.245548524856,0.263354425432
34,0.245740384872,0.245740384872,0.245740384872,0.262778845383
35,0.245609141389,0.245609141389,0.245609141389,0.263172575832
36,0.245477771564,0.245477771564,0.245477771564,0.263566685309
37,0.245346275484,0.245346275484,0.245346275484,0.263961173548
38,0.24521465324,0.24521465324,0.24521465324,0.264356040279
39,0.245082904923,0.245082904923,0.245082904923,0.264751285232
40,0.244951030622,0.244951030622,0.244951030622,0.265146908133
41,0.244819030431,0.244819030431,0.244819030431,0.265542908708
42,0.24468690444,0.24468690444,0.24468690444,0.265939286679
43,0.244554652744,0.244554652744,0.244554652744,0.266336041767
44,0.244422275437,0.244422275437,0.244422275437,0.26673317369
45,0.24467809157,0.24467809157,0.24467809157,0.265965725289
46,0.244554652744,0.244554652744,0.244554652744,0.266336041767
47,0.244431104496,0.244431104496,0.244431104496,0.266706686511
48,0.244670379851,0.244670379851,0.244670379851,0.265988860447
49,0.244554652744,0.244554652744,0.244554652744,0.266336041767
50,0.244438829466,0.244438829466,0.244438829466,0.266683511602
51,0.244663575037,0.244663575037,0.244663575037,0.266009274888
52,0.240976471658,0.255607888586,0.240976471658,0.262439168097
53,0.240799481001,0.255715534247,0.240799481001,0.262685503752
54,0.240622491234,0.255823087981,0.240622491234,0.262931929552
55,0.240740595365,0.255017371554,0.240740595365,0.263501437716
56,0.240568970984,0.255107594049,0.240568970984,0.263754463983
57,0.240658878611,0.254387425959,0.240658878611,0.264294816819
58,0.240721983061,0.253749279063,0.240721983061,0.264806754815
59,0.240558857658,0.253811899823,0.240558857658,0.265070384861
60,0.240745040506,0.254243312822,0.240745040506,0.264266606165
61,0.240905070311,0.25464766183,0.240905070311,0.263542197547
62,0.240969308238,0.254054030029,0.240969308238,0.264007353495
63,0.241115966855,0.25442910664,0.241115966855,0.263338959651
64,0.24124315666,0.254784081141,0.24124315666,0.262729605539
65,0.241304405339,0.254238737509,0.241304405339,0.263152451813
66,0.241422253495,0.25457050961,0.241422253495,0.2625849834
67,0.241290159956,0.254638884879,0.241290159956,0.262780795208
68,0.24139667218,0.254959213678,0.24139667218,0.262247441961
69,0.241457682016,0.25444635712,0.241457682016,0.262638278847
70,0.24150367873,0.253979311397,0.24150367873,0.263013331144
71,0.241609295335,0.254275930683,0.241609295335,0.262505478646
72,0.241702607354,0.254559888616,0.241702607354,0.262034896677
73,0.241747189827,0.254124075288,0.241747189827,0.262381545057
74,0.241632427792,0.25417964356,0.241632427792,0.262555500857
75,0.241517663131,0.254235163871,0.241517663131,0.262729509866
76,0.241402895895,0.254290636178,0.241402895895,0.262903572032
77,0.241288126131,0.254346060437,0.241288126131,0.263077687301
78,0.241173353889,0.254401436605,0.241173353889,0.263251855617
79,0.241216473796,0.253968430082,0.241216473796,0.263598622326
80,0.241103678341,0.254017382412,0.241103678341,0.263775260905
81,0.240990879411,0.254066284906,0.240990879411,0.263951956273
82,0.24110337169,0.254352812863,0.24110337169,0.263440443757
83,0.240993390941,0.254404754796,0.240993390941,0.263608463322
84,0.240883407822,0.254456651838,0.240883407822,0.263776532518
85,0.231291606407,0.244485791422,0.231291606407,0.292930995763
86,0.231641593533,0.245017512523,0.231641593533,0.29169930041
87,0.231567051956,0.244468514555,0.231567051956,0.292397381534
88,0.231482417631,0.243950840456,0.231482417631,0.293084324281
89,0.23138893783,0.243460512558,0.23138893783,0.293761611781
90,0.23117197365,0.243372832642,0.23117197365,0.294283220058
91,0.231526992075,0.243887488959,0.231526992075,0.293058526891
92,0.231316633445,0.243806753932,0.231316633445,0.293559979179
93,0.231106173126,0.243725736827,0.231106173126,0.294061916921
94,0.231446805037,0.244226065194,0.231446805037,0.292880324732
95,0.231762378346,0.244700433071,0.231762378346,0.291774810237
96,0.231563908997,0.244632215118,0.231563908997,0.292239966889
97,0.231365354988,0.24456374704,0.231365354988,0.292705542984
98,0.231166716625,0.244495028841,0.231166716625,0.293171537908
99,0.231095809479,0.244007933843,0.231095809479,0.2938004472
100,0.23141229824,0.244477699442,0.23141229824,0.292697704078
101,0.231340649571,0.244016402502,0.231340649571,0.293302298355
102,0.231261934428,0.243576998285,0.231261934428,0.29389913286
103,0.231071660433,0.243501642771,0.231071660433,0.294355036363
104,0.230881302036,0.243426056526,0.230881302036,0.294811339403
105,0.230690859511,0.243350239576,0.230690859511,0.295268041401
106,0.230500333137,0.24327419195,0.230500333137,0.295725141777
107,0.230309723188,0.243197913679,0.230309723188,0.296182639945
108,0.230119029944,0.243121404794,0.230119029944,0.296640535318
109,0.229928253684,0.243044665327,0.229928253684,0.297098827306
110,0.230272383845,0.243533493854,0.230272383845,0.295921738456
111,0.230086728161,0.243462177087,0.230086728161,0.296364366592
112,0.229900996324,0.243390642118,0.229900996324,0.296807365234
113,0.229829975605,0.242940780909,0.229829975605,0.29739926788
114,0.229752583034,0.242510775622,0.229752583034,0.29798405831
115,0.230096139316,0.242989593536,0.230096139316,0.296818127831
116,0.229916819727,0.242916374655,0.229916819727,0.297249985892
117,0.230242918311,0.243377280208,0.230242918311,0.29613688317
118,0.230548568073,0.243816945464,0.230548568073,0.295085918389
119,0.230483729337,0.243406662813,0.230483729337,0.295625878513
120,0.230314029032,0.243339921551,0.230314029032,0.296032020384
121,0.230244413983,0.242943697426,0.230244413983,0.296567474608
122,0.230546002977,0.243370781112,0.230546002977,0.295537212934
123,0.230476595537,0.242991559181,0.230476595537,0.296055249745
124,0.230312245192,0.242923549957,0.230312245192,0.296451959659
125,0.230147831374,0.242855369123,0.230147831374,0.296848968129
126,0.229983354264,0.242787016703,0.229983354264,0.29724627477
127,0.22981881404,0.242718492723,0.22981881404,0.297643879197
128,0.230123064922,0.243145182583,0.230123064922,0.296608687573
129,0.229962378968,0.243080737311,0.229962378968,0.296994504753
130,0.229801634394,0.243016128476,0.229801634394,0.297380602736
131,0.229640831368,0.2429513561,0.229640831368,0.297766981165
132,0.229938628028,0.243371873433,0.229938628028,0.296750870512
133,0.230219616993,0.243774912378,0.230219616993,0.295785853637
134,0.230163889793,0.243396018201,0.230163889793,0.296276202213
135,0.230010856114,0.243336436321,0.230010856114,0.29664185145
136,0.230283991838,0.243727810208,0.230283991838,0.295704206116
137,0.230542387117,0.244103862604,0.230542387117,0.294811363162
138,0.230395822072,0.244051226047,0.230395822072,0.295157129809
139,0.23024921131,0.243998453652,0.23024921131,0.295503123728
140,0.230102554956,0.243945545426,0.230102554956,0.295849344662
141,0.230052869651,0.24357350573,0.230052869651,0.296320754968
142,0.230310628393,0.243945904979,0.230310628393,0.295432838235
143,0.230260390903,0.243588727264,0.230260390903,0.295890490929
144,0.230205996222,0.243244520634,0.230205996222,0.296343486921
145,0.230063920234,0.243188071066,0.230063920234,0.296684088466
146,0.230318785837,0.243551288949,0.230318785837,0.295811139377
147,0.230264738409,0.243217935818,0.230264738409,0.296252587364
148,0.23012598761,0.243162512375,0.23012598761,0.296585512405
149,0.229987193009,0.243106966886,0.229987193009,0.296918647096
150,0.229848354715,0.243051299362,0.229848354715,0.297251991208
151,0.229709472835,0.242995509816,0.229709472835,0.297585544514
152,0.229570547476,0.242939598263,0.229570547476,0.297919306785
153,0.229830030481,0.24330537839,0.229830030481,0.297034560648
154,0.229693843657,0.24325237294,0.229693843657,0.297359939745
155,0.229642393392,0.242919757995,0.229642393392,0.297795455221
156,0.229506605982,0.242864745813,0.229506605982,0.298122042222
157,0.229762096072,0.243223863553,0.229762096072,0.297251944302
158,0.229710943719,0.24290132584,0.229710943719,0.297676786722
159,0.229656483693,0.242589104469,0.229656483693,0.298097928145
160,0.229906226359,0.242937131549,0.229906226359,0.297250415733
161,0.229776421313,0.242884171577,0.229776421313,0.297562985797
162,0.229646577763,0.242831104939,0.229646577763,0.297875739534
163,0.229516695798,0.242777931649,0.229516695798,0.298188676756
164,0.229762053833,0.243121750901,0.229762053833,0.297354141432
165,0.229996127911,0.243453835213,0.229996127911,0.296553908965
166,0.230219616993,0.243774912378,0.230219616993,0.295785853637
167,0.230175419505,0.24347059763,0.230175419505,0.296178563361
168,0.230052904148,0.243423336968,0.230052904148,0.296470854736
169,0.229930355581,0.243375981302,0.229930355581,0.296763307536
170,0.229807773877,0.24332853064,0.229807773877,0.297055921607
171,0.229761642003,0.243029005016,0.229761642003,0.297447710979
172,0.229987215406,0.243347950412,0.229987215406,0.296677618776
173,0.230202989482,0.243656707953,0.230202989482,0.295937313082
174,0.230409536667,0.243955873538,0.230409536667,0.295225053129
175,0.230607385739,0.244245997624,0.230607385739,0.294539230899
176,0.230493252289,0.244205743773,0.230493252289,0.29480775165
177,0.230684726553,0.24448933254,0.230684726553,0.294141214354
178,0.23057240106,0.244450995949,0.23057240106,0.294404201931
179,0.230537020954,0.244160220641,0.230537020954,0.294765737451
180,0.230425025675,0.244120334532,0.230425025675,0.295029614117
181,0.230387154685,0.24383699563,0.230387154685,0.295388695
182,0.23057902122,0.244117000517,0.23057902122,0.294724957042
183,0.230540801407,0.243842419583,0.230540801407,0.295075977603
184,0.230500074907,0.243575654808,0.230500074907,0.295424195379
185,0.230688732737,0.243848526418,0.230688732737,0.294774008108
186,0.230869997584,0.244113723372,0.230869997584,0.294146281461
187,0.230764078036,0.244075307963,0.230764078036,0.294396535965
188,0.230725639295,0.24381557889,0.230725639295,0.294733142521
189,0.230903567878,0.244075616974,0.230903567878,0.29411724727
190,0.231074736692,0.244328639822,0.231074736692,0.293521886795
191,0.230972220374,0.244292322288,0.230972220374,0.293763236964
192,0.230869681475,0.244255938142,0.230869681475,0.294004698908
193,0.230767120036,0.244219487387,0.230767120036,0.294246272541
194,0.2306645361,0.244182970024,0.2306645361,0.294487957777
195,0.223133319452,0.236280090218,0.223133319452,0.317453270878
196,0.222989006326,0.23619696465,0.222989006326,0.317825022698
197,0.222844641408,0.236113714556,0.222844641408,0.318197002629
198,0.222700224834,0.23603034,0.222700224834,0.318569210333
199,0.209641427217,0.222255461859,0.267668816461,0.300434294463
200,0.209848380218,0.222540528105,0.266333192801,0.301277898876
201,0.210022977779,0.222791420757,0.266874258224,0.30031134324
202,0.210213982683,0.223059852093,0.265603774539,0.301122390686
203,0.210080153477,0.222706894053,0.265743716692,0.301469235778
204,0.200297526592,0.212397651193,0.25366403803,0.333640784184
205,0.200592955767,0.212772398632,0.254333946108,0.332300699493
206,0.200407837808,0.212380578986,0.254395070034,0.332816513172
207,0.200220986913,0.211995265777,0.25445378921,0.3333299581
208,0.200032508421,0.211616074122,0.254510229422,0.333841188035
209,0.200324674086,0.211982799641,0.255178713011,0.332513813262
210,0.200435746354,0.212158024537,0.253896522571,0.333509706538
211,0.20020379099,0.211970141063,0.253889752021,0.333936315925
212,0.199971907946,0.211782216282,0.25388273267,0.334363143102
213,0.200262722474,0.212147892164,0.25453973594,0.333049649422
214,0.200541669239,0.212501175787,0.255182799914,0.33177435506
215,0.200809294826,0.212842636302,0.255812571399,0.330535497473
216,0.201066112983,0.213172808671,0.256429658365,0.329331419981
217,0.200892504275,0.212806146498,0.256498248313,0.329803100914
218,0.200670788394,0.212627986807,0.256505172547,0.330196052252
219,0.200791299089,0.21281243219,0.255242786001,0.331153482721
220,0.201047819444,0.213141151695,0.255850326165,0.329960702695
221,0.201294235835,0.213459316843,0.256446022609,0.328800424714
222,0.201407956444,0.21363688387,0.255234397526,0.32972076216
223,0.201193303728,0.213466126294,0.255235773134,0.330104796844
224,0.201026808985,0.213107080101,0.2552980174,0.330568093514
225,0.200812412809,0.212935515689,0.255299203066,0.330952868436
226,0.20064460423,0.212581341638,0.255359389534,0.331414664599
227,0.200895488937,0.212901827115,0.255952851784,0.330249832164
228,0.200683507577,0.212731808369,0.255956941783,0.330627742272
229,0.200792596621,0.212902121945,0.25476943509,0.331535846343
230,0.200627432631,0.212554214897,0.254825832033,0.331992520439
231,0.200416827955,0.212384641097,0.254824292183,0.332374238765
232,0.200669401732,0.212705929008,0.255412004464,0.331212664797
233,0.200770609131,0.212866879388,0.254263166882,0.3320993446
234,0.200857885765,0.213013123616,0.253163770372,0.332965220248
235,0.200932263133,0.213145744734,0.25211013144,0.333811860694
236,0.200726869719,0.21298156796,0.252096751107,0.334194811214
237,0.200566867995,0.212639372321,0.25214017115,0.334653588534
238,0.200827536315,0.212968469979,0.252712791392,0.333491202314
239,0.201078784127,0.213287725131,0.253274419491,0.33235907125
240,0.200877699389,0.213127209613,0.253266598579,0.332728492419
241,0.200721222724,0.212791922505,0.253314820548,0.333172034223
242,0.200967657442,0.213105024278,0.253871874485,0.332055443796
243,0.200768745291,0.212945907489,0.253866641782,0.332418705438
244,0.200848517447,0.213082359824,0.252824696669,0.33324442606
245,0.200916654408,0.213206519053,0.251824026666,0.334052799873
246,0.201164111644,0.213521061511,0.252367660723,0.332947166122
247,0.200968952194,0.213365824711,0.252356292812,0.333308930283
248,0.201030911899,0.213483545823,0.251387456936,0.334098085341
249,0.201275383562,0.213795176218,0.251921053853,0.333008386367
250,0.201127833043,0.213467329564,0.251964302407,0.333440534986
251,0.201366031087,0.2137712542,0.252491109514,0.332371605199
252,0.2012192951,0.213449311366,0.25253556159,0.332795831944
253,0.201071324983,0.21313196037,0.252578336908,0.333218377739
254,0.20092218315,0.212818973726,0.252619509461,0.333639333663
255,0.201158408122,0.213117636529,0.253145509982,0.332578445367
256,0.201010184429,0.212809925567,0.253188012818,0.332991877186
257,0.200860895043,0.212506190659,0.253229041557,0.333403872741
258,0.200710591484,0.212206244326,0.253268657291,0.333814506898
259,0.200944789934,0.212499902431,0.253793764153,0.332761543482
260,0.201171197283,0.212785436954,0.254309765182,0.331733600581
261,0.186682699334,0.197503269316,0.307377056318,0.308436975031
262,0.187063098367,0.19794861009,0.305325383436,0.309662908107
263,0.181336102582,0.191929939675,0.296533862249,0.330200095494
264,0.181642166235,0.192295551844,0.294547365431,0.331514916491
265,0.181830822284,0.192536992933,0.295395733138,0.330236451645
266,0.182121250847,0.192886317866,0.293480023181,0.331512408107
267,0.182391539474,0.193214450159,0.291638305478,0.332755704889
268,0.182152933183,0.193003506612,0.291771159652,0.333072400553
269,0.182346185269,0.193250145248,0.292596542547,0.331807126936
270,0.18260451395,0.193565864731,0.290809369249,0.33302025207
271,0.179716870284,0.205090043384,0.28670615855,0.328486927781
272,0.179892788349,0.205391237768,0.287483694851,0.327232279031
273,0.18012201564,0.205753572965,0.285750981048,0.328373430347
274,0.171288413751,0.195758668991,0.272198520942,0.360754396317
275,0.171548554099,0.196151894273,0.273074833244,0.359224718383
276,0.171354856899,0.195627170099,0.273229681241,0.359788291761
277,0.171159390299,0.195110604454,0.273381441576,0.360348563671
278,0.171311413649,0.195376592046,0.271669196733,0.361642797572
279,0.171572251461,0.195766947391,0.272536132787,0.360124668361
280,0.171823869791,0.196147104696,0.273390534249,0.358638491264
281,0.172066585092,0.196517410621,0.274232836858,0.357183167429
282,0.172300699722,0.196878196389,0.27506345698,0.355757646909
283,0.172458320268,0.197151833454,0.273386835792,0.357003010486
284,0.172273343401,0.196645109776,0.273540149712,0.35754139711
285,0.172417969283,0.196902237304,0.271913775662,0.358766017751
286,0.172167386857,0.196708021264,0.271954483275,0.359170108604
287,0.171916993776,0.196513796938,0.271994920368,0.359574288918
288,0.17166679031,0.196319564771,0.272035086874,0.359978558045
289,0.171909811263,0.196689427278,0.272857533689,0.358543227771
290,0.171661532807,0.196497213072,0.272900871269,0.358940382852
291,0.171897923255,0.196859825445,0.273715389628,0.357526861672
292,0.171718053292,0.196358230187,0.27386793872,0.358055777801
293,0.171536527189,0.195864225265,0.274017626605,0.358581620941
294,0.17135342268,0.195377487154,0.274164563836,0.35910452633
295,0.171587961151,0.195732537689,0.274980565939,0.35769893522
296,0.171814545501,0.196078789653,0.275785713997,0.356320950849
297,0.171972672624,0.196347152537,0.27414834877,0.357531826069
298,0.172196168888,0.196690384123,0.274937442608,0.35617600438
299,0.172345168203,0.196948751831,0.273348457609,0.357357622357
300,0.172481187435,0.197192471794,0.271810428529,0.358515912242
301,0.172604929821,0.197422328541,0.270320589798,0.359652151839
302,0.172368072809,0.197239719972,0.270353612145,0.360038595073
303,0.172481078961,0.197457433787,0.268904137394,0.361157349859
304,0.172309272037,0.196977548965,0.269031583513,0.361681595485
305,0.172412393679,0.197182486451,0.26762038183,0.36278473804
306,0.172504993939,0.197375528264,0.266250555756,0.36386892204
307,0.172333923706,0.196902079534,0.266365284956,0.364398711804
308,0.172100229703,0.196720729152,0.266382869705,0.36479617144
309,0.172184697577,0.196903019651,0.265042840133,0.365869442639
310,0.172259609124,0.197074498673,0.263740464655,0.366925427548
311,0.172516244762,0.197454082686,0.264497754588,0.365531917964
312,0.172348019986,0.196986576683,0.264604347629,0.366061055702
313,0.172178342512,0.196525642262,0.264708498039,0.366587517187
314,0.171948363807,0.196346359776,0.264719596739,0.366985679678
315,0.172202693851,0.196720152412,0.265476858536,0.365600295201
316,0.17203379384,0.196265387846,0.265582331731,0.366118486583
317,0.17211106949,0.196435707615,0.264291000644,0.36716222225
318,0.172179449669,0.196595978629,0.263034734659,0.368189837043
319,0.17201114381,0.196146813063,0.263129119639,0.368712923488
320,0.172269206587,0.19652221429,0.263876384131,0.367332194992
321,0.172519642691,0.196889188146,0.264613479037,0.365977690126
322,0.172353841887,0.196447102282,0.264712788692,0.366486267139
323,0.172130673244,0.196272723914,0.264723663258,0.366872939584
324,0.171963799948,0.195835742278,0.264820786972,0.367379670801
325,0.172034530362,0.195995154395,0.263574754037,0.368395561206
326,0.172286382848,0.19636109457,0.264308429339,0.367044093243
327,0.17235239534,0.196515403695,0.263091983599,0.368040217367
328,0.172187953362,0.196084107425,0.263182206041,0.368545733172
329,0.172437841999,0.196446732254,0.263906328793,0.367209096954
330,0.172274015997,0.196021432592,0.263997899371,0.367706652041
331,0.172109039785,0.195601374607,0.264087497994,0.368202087614
332,0.172355291423,0.195957202362,0.264808699603,0.366878806612
333,0.172422882577,0.196110072098,0.263605714523,0.367861330802
334,0.172206954668,0.195940437402,0.263612443688,0.368240164242
335,0.171991158295,0.195770791365,0.263618960167,0.368619090173
336,0.172052194218,0.195916213828,0.262439091815,0.369592500139
337,0.17210574672,0.196053194947,0.26128873657,0.370552321763
338,0.172152146967,0.196182102239,0.260166585097,0.371499165697
339,0.172407607114,0.196549414064,0.260872115984,0.370170862839
340,0.172195143126,0.196383328018,0.260870095867,0.370551432989
341,0.172238503431,0.196508956573,0.25976894908,0.371483590916
342,0.166252764533,0.189753314485,0.284608827359,0.359385093624
343,0.166370214004,0.189961005054,0.283215858002,0.36045292294
344,0.16658723512,0.190282562865,0.284026768918,0.359103433097
345,0.166797533335,0.190596659367,0.284828038027,0.357777769271
346,0.166578998898,0.190420761173,0.284897687183,0.358102552746
347,0.166783980824,0.190729018143,0.285692324526,0.356794676506
348,0.166904361313,0.190940700448,0.284317121001,0.357837817238
349,0.167016351146,0.191142915511,0.282974941185,0.358865792158
350,0.167120294667,0.191336046475,0.281664427534,0.359879231324
351,0.167216517814,0.191520456002,0.280384295086,0.360878731097
352,0.167428823182,0.191837985432,0.281155180027,0.359578011359
353,0.167520934733,0.192017962261,0.279900930869,0.360560172138
354,0.167730169347,0.192332352172,0.280659520855,0.359277957626
355,0.167572252207,0.191908170588,0.280804484635,0.35971509257
356,0.167776762187,0.192215996504,0.281557487149,0.35844975416
357,0.167869018197,0.192395375387,0.280320976709,0.359414629707
358,0.168070639309,0.192700255323,0.281062185607,0.358166919761
359,0.167915422679,0.19228188691,0.281207353943,0.358595336468
360,0.168112548611,0.192580495496,0.281943274164,0.35736368173
361,0.167905897413,0.192416582622,0.282002576813,0.357674943152
362,0.16809835156,0.192710057414,0.282732739241,0.356458851784
363,0.168194418187,0.192893185137,0.281506420093,0.357405976583
364,0.16798967531,0.192731310959,0.281564052432,0.357714961298
365,0.168079497218,0.192907363004,0.280360908761,0.358652231017
366,0.168273413071,0.193203036133,0.281079174472,0.357444376324
367,0.168070541626,0.193043161877,0.281135191503,0.357751104994
368,0.168157296253,0.19321592474,0.279951438597,0.35867534041
369,0.168008297344,0.192801605552,0.280092124722,0.359097972382
370,0.167858217273,0.192392422579,0.280230856197,0.359518503951
371,0.167940166411,0.192557523834,0.279065082822,0.360437226933
372,0.167739008789,0.192397995145,0.279113650461,0.360749345606
373,0.167588870226,0.191993127031,0.279246836155,0.361171166589
374,0.167789236273,0.192292930124,0.279964695569,0.359953138033
375,0.167984011996,0.192586517662,0.280674659581,0.358754810761
376,0.167835530957,0.192187095481,0.280811730323,0.359165643238
377,0.167686068761,0.191792366155,0.280947004252,0.359574560831
378,0.167535662411,0.191402172287,0.281080535999,0.359981629303
379,0.196822060583,0.184471284643,0.27117855715,0.347528097624
380,0.19700236274,0.1846086197,0.270018975474,0.348370042086
381,0.196499024136,0.184527803076,0.270171698362,0.348801474426
382,0.196805599517,0.184785132529,0.270820040748,0.347589227206
383,0.197106162306,0.185036727386,0.2714609995,0.346396110808
384,0.197020705278,0.184651164959,0.271570757866,0.346757371898
385,0.197316876308,0.184897436449,0.272206981553,0.34557870569
386,0.197607316793,0.185138250323,0.272836168888,0.344418263996
387,0.197794005965,0.185281789242,0.271682710125,0.345241494668
388,0.198082041,0.185520193029,0.272302167371,0.344095598599
389,0.197583826063,0.185445858822,0.272463101473,0.344507213643
390,0.19750171965,0.185064914702,0.272575531469,0.34485783418
391,0.197785458346,0.185299801558,0.273193288216,0.34372145188
392,0.197293489774,0.185224790674,0.273354658122,0.34412706143
393,0.196808497345,0.18514806274,0.273513541945,0.34452989797
394,0.196993884772,0.185293594601,0.272365129358,0.345347391269
395,0.196911503622,0.184916318907,0.272475752346,0.345696425126
396,0.196828056254,0.184543171135,0.272584895958,0.346043876652
397,0.197111858768,0.184779109805,0.273203053824,0.344905977602
398,0.19663159486,0.184702394946,0.273359440041,0.345306570153
399,0.196814480663,0.184845042825,0.272222156226,0.346118320286
400,0.196731513984,0.184475748581,0.272329250598,0.346463486837
401,0.196908574266,0.184612015257,0.271211891589,0.347267518888
402,0.197079188855,0.184742191011,0.270116868475,0.348061751659
403,0.197367843789,0.184982953279,0.270725248121,0.346923954811
404,0.197651167825,0.185218637552,0.271327099604,0.34580309502
405,0.19717511743,0.18514547303,0.271476986817,0.346202422724
406,0.18795140697,0.176457003414,0.25898240396,0.376609185656
407,0.187470191175,0.176355014956,0.259078042828,0.377096751041
408,0.18736158662,0.17597645345,0.259134356228,0.377527603701
409,0.187703338778,0.176270285859,0.259813966559,0.376212408803
410,0.187227762253,0.176168130913,0.259910413752,0.376693693082
411,0.187119169756,0.17579348671,0.259968071626,0.377119271908
412,0.186649059764,0.175689634346,0.260062542356,0.377598763533
413,0.186771960215,0.175779436724,0.258952884773,0.378495718287
414,0.186307266705,0.175674902623,0.259042359252,0.37897547142
415,0.186423858021,0.175759831093,0.257951132034,0.379865178852
416,0.185964425307,0.175654630302,0.258035745408,0.380345198982
417,0.186308081673,0.175955050395,0.258716701368,0.379020166563
418,0.186645678734,0.176249662792,0.259390150891,0.377714507583
419,0.186762301263,0.176335553142,0.258312174335,0.378589971261
420,0.186655925657,0.175964130275,0.258365437191,0.379014506876
421,0.186767584582,0.176044608002,0.257304932662,0.379882874754
422,0.187106769489,0.176339492318,0.257968935553,0.378584802641
423,0.187440096214,0.176628769835,0.258625719058,0.377305414893
424,0.187336333045,0.176261640674,0.258679807509,0.377722218772
425,0.187665372605,0.176545794045,0.259331911372,0.376456921978
426,0.18756215662,0.176182643901,0.2593870767,0.376868122778
427,0.187458079134,0.175823013366,0.259440982882,0.377277924618
428,0.187574913994,0.175906135424,0.258385556408,0.378133394173
429,0.187117847488,0.175807939036,0.258473961677,0.378600251799
430,0.176507948533,0.165815175105,0.244002154604,0.413674721758
431,0.176044463572,0.165686716872,0.244032770569,0.414236048987
432,0.175909544478,0.165316350144,0.244031006138,0.414743099239
433,0.176306596073,0.165665616603,0.244767636662,0.413260150662
434,0.176697167584,0.166008690874,0.245496242451,0.411797899091
435,0.177081400908,0.166345708906,0.246217001342,0.410355888844
436,0.177148846995,0.166385087472,0.245158179217,0.411307886315
437,0.177529922967,0.166718982176,0.245869132082,0.409881962774
438,0.177904905916,0.167047056046,0.246572565721,0.408475472317
439,0.177973433189,0.167087321224,0.24552846505,0.409410780537
440,0.17784644781,0.166722402249,0.245533594727,0.409897555214
441,0.176957426177,0.165864582111,0.244485764081,0.412692227631
442,0.176497075084,0.165741575115,0.24451996976,0.413241380041
443,0.176872545171,0.166070485763,0.245221351665,0.411835617401
444,0.177242145974,0.166393789217,0.245915493816,0.410448570993
445,0.177115013295,0.166031789946,0.245920823503,0.410932373255
446,0.176659775943,0.165910471513,0.245958647056,0.411471105488
447,0.176209735892,0.165788034619,0.245994685332,0.412007544158
448,0.176080983494,0.165428815988,0.245998895911,0.412491304607
449,0.176147101761,0.165467832774,0.244952274559,0.413432790907
450,0.176208468026,0.165502372163,0.243923966729,0.414365193081
451,0.176079768644,0.165145980507,0.243922406349,0.4148518445
452,0.176454030194,0.165473426904,0.244617969687,0.413454573215
453,0.176326106123,0.165120561539,0.244617729277,0.41393560306
454,0.176696056077,0.165442966498,0.245308562646,0.412552414779
455,0.176759222293,0.165478070169,0.244289590095,0.413473117443
456,0.176311911453,0.165358176152,0.244322124384,0.414007788011
457,0.176370103246,0.165389436282,0.243318319188,0.414922141284
458,0.176740087429,0.165713023536,0.244000868988,0.413546020047
459,0.176297487605,0.16559391937,0.244032016128,0.414076576898
460,0.17666198808,0.165913598632,0.244710213894,0.412714199394
461,0.177020990805,0.166228024816,0.245381630992,0.411369353387
462,0.177374607213,0.166537304681,0.246046406611,0.410041681494
463,0.177722945843,0.166841542215,0.246704676342,0.4087308356
464,0.177789832962,0.166881510418,0.245706246057,0.409622410562
465,0.177352175085,0.166767394093,0.24574346957,0.410136961252
466,0.177698068036,0.167070484371,0.246395880758,0.408835566835
467,0.178038859967,0.167368696019,0.2470420099,0.407550434113
468,0.178374651814,0.167662125838,0.247681983016,0.406281239332
469,0.178705541949,0.167950868164,0.248315922936,0.405027666951
470,0.179031626254,0.168235014948,0.248943949396,0.403789409402
471,0.178917796497,0.167888516239,0.248960604495,0.404233082768
472,0.178803263746,0.167545066431,0.24897618104,0.404675488783
473,0.179127152773,0.167825387817,0.249602569936,0.403444889474
474,0.17869394797,0.16771772638,0.249652313814,0.403936011836
475,0.179013222967,0.167994873567,0.250275244542,0.402716658923
476,0.179327925288,0.168267652809,0.250892533999,0.401511887904
477,0.178899633738,0.16816144363,0.25094512553,0.401993797103
478,0.179209885774,0.168431168526,0.251559101463,0.400799844236
479,0.179098741717,0.168091628418,0.251581884264,0.401227745601
480,0.179405772826,0.168357448286,0.252192405049,0.40004437384
481,0.179493467136,0.168417392557,0.251178593925,0.400910546381
482,0.179069175775,0.168312827182,0.251231770131,0.401386226912
483,0.179374327639,0.168577936638,0.251837114627,0.400210621096
484,0.179675193477,0.168838947485,0.252437165397,0.39904869364
485,0.179255613207,0.168735743519,0.252493036889,0.399515606385
486,0.179342785233,0.168796706166,0.25148820269,0.40037230591
487,0.179641843873,0.169057052853,0.252083233501,0.399217869774
488,0.170160142754,0.16011402052,0.238944505277,0.430781331449
489,0.169736426762,0.159988932388,0.238954186196,0.431320454655
490,0.170077862021,0.160291332605,0.239602728999,0.430028076375
491,0.160543944227,0.1512876743,0.22633008432,0.461838297153
492,0.160548010925,0.151273172176,0.225331802614,0.462847014286
493,0.160396787774,0.150918900412,0.22527503212,0.463409279695
494,0.160780939547,0.151261625684,0.225970521587,0.461986913181
495,0.161160193496,0.151599656522,0.226659975824,0.460580174158
496,0.161534632603,0.151933072702,0.227343498192,0.459188796503
497,0.16190433809,0.15226195231,0.228021189884,0.457812519716
498,0.161477730669,0.1521211103,0.227995826141,0.45840533289
499,0.161842910828,0.152446820428,0.2286700976,0.457040171144
500,0.162203507083,0.152768132871,0.229338714315,0.45568964573
501,0.162559595709,0.15308512103,0.230001771528,0.454353511733
502,0.162576956147,0.153083083094,0.229002869025,0.455337091734
503,0.162931013222,0.153398040204,0.229658573736,0.454012372839
504,0.162946919901,0.153394592225,0.228673919103,0.454984568771
505,0.163298965839,0.153707538854,0.229322411007,0.4536710843
506,0.163646693996,0.154016344416,0.229965605536,0.452371356052
507,0.163990174867,0.154321076733,0.230603590299,0.451085158101
508,0.164009321618,0.154320559377,0.229629250054,0.452040868951
509,0.163871921277,0.153972592427,0.229589225037,0.452566261259
510,0.164214728763,0.154275766875,0.230222277187,0.451287227174
511,0.164553399697,0.154574978924,0.230850265691,0.450021355689
512,0.16488800065,0.154870292544,0.231473273147,0.448768433658
513,0.164465291669,0.15474162819,0.231462930667,0.449330149474
514,0.164795951277,0.155034283604,0.232083135663,0.448086629457
515,0.164662406562,0.154690339716,0.232049887412,0.44859736631
516,0.164896556051,0.154891482152,0.232535008966,0.447676952832
517,0.165220932329,0.155177315403,0.233147996472,0.446453755796
518,0.165541470498,0.155459472535,0.233756279159,0.445242777808
519,0.165858230918,0.15573801155,0.234359932145,0.444043825387
520,0.166171272747,0.156012989297,0.234959029058,0.442856708899
521,0.16604258294,0.155673300923,0.234933814943,0.443350301194
522,0.166353061575,0.155945050519,0.235530257152,0.442171630755
523,0.166659925969,0.156213342634,0.236122270439,0.441004460959
524,0.166532833485,0.155877027711,0.236099732596,0.441490406208
525,0.157539877176,0.147440853902,0.223499205733,0.471520063189
526,0.157878586595,0.147739170043,0.224129266101,0.470252977261
527,0.157454635049,0.147600376287,0.224096537447,0.470848451217
528,0.157459848026,0.147587128062,0.223107384347,0.471845639565
529,0.157039778785,0.147447773878,0.223071570399,0.472440876938
530,0.184467231335,0.142444429288,0.215671130985,0.457417208392
531,0.184356559548,0.142109793664,0.215605425369,0.457928221419
532,0.184798219315,0.142380306479,0.216185805995,0.456635668212
533,0.185235746443,0.142647336934,0.216761674786,0.455355241837
534,0.185127147373,0.142315906066,0.21669860283,0.45585834373
535,0.185561941263,0.142579783214,0.217271725437,0.454586550086
536,0.184889102188,0.142494691277,0.217313417733,0.455302788802
537,0.185319045517,0.142756535745,0.217884558031,0.454039860707
538,0.185745019493,0.143015035358,0.218451355268,0.452788589882
539,0.185814159273,0.142998637497,0.217477851024,0.453709352207
540,0.186238724149,0.143255616209,0.218038524802,0.452467134841
541,0.185571321882,0.143173157833,0.218082906353,0.453172613932
542,0.185637847657,0.143155704052,0.217121213391,0.4540852349
543,0.18553264093,0.142827480911,0.217061009599,0.454578868561
544,0.185595358471,0.142806820808,0.216112811283,0.455485009438
545,0.184933918726,0.142723209118,0.216151139724,0.456191732432
546,0.185359201959,0.142983307487,0.216710339362,0.454947151192
547,0.185419472931,0.142961694887,0.215773365832,0.455845466351
548,0.185314472506,0.142635938099,0.215711064652,0.456338524743
549,0.185739585654,0.14289474976,0.21626595015,0.455099714436
550,0.186160874044,0.143150340044,0.216816672608,0.453872113305
551,0.186057797752,0.142827623575,0.216756800918,0.454357777755
552,0.18595411358,0.142507380126,0.216696170877,0.454842335417
553,0.186015837043,0.142485852038,0.21576579952,0.455732511399
554,0.185356380613,0.142404792671,0.215805216309,0.456433610407
555,0.185777976852,0.142660674405,0.216355566705,0.455205782037
556,0.186195819115,0.142913398566,0.216901830496,0.453988951822
557,0.186093421441,0.142595873607,0.216842177751,0.454468527201
558,0.186155264949,0.142574975045,0.215919541896,0.455350218109
559,0.186572963762,0.142826480349,0.216461660754,0.454138895134
560,0.185917963943,0.142747785775,0.216503658098,0.454830592184
561,0.185271382019,0.142667466996,0.216543132535,0.45551801845
562,0.181588067217,0.158934875586,0.212297234731,0.447179822466
563,0.181517626569,0.15848335209,0.212273994688,0.447725026653
564,0.181911763646,0.158789127238,0.21279417239,0.446504936726
565,0.181965591652,0.158797764517,0.211886675718,0.447349968114
566,0.182015936014,0.158803348996,0.210992733417,0.448187981573
567,0.182410820809,0.159109449959,0.211505778343,0.446973950888
568,0.182802151313,0.159412294345,0.21201495488,0.445770599462
569,0.182735101637,0.158964084876,0.211992612342,0.446308201145
570,0.182786543055,0.158969826393,0.211107384156,0.447136246396
571,0.183177827507,0.159271045194,0.211612859071,0.445938268229
572,0.18253922374,0.159217848112,0.211647661945,0.446595266203
573,0.182926263454,0.159517247876,0.212151386233,0.445405102438
574,0.17253941748,0.150423589052,0.200156949083,0.476880044385
575,0.172957265763,0.150751785415,0.200693677398,0.475597271425
576,0.173371523095,0.151076686874,0.201226502565,0.474325287466
577,0.173282351617,0.150630658868,0.201175126086,0.474911863429
578,0.17369441819,0.150952141371,0.201705781207,0.473647659231
579,0.173605571546,0.15051041918,0.201654852588,0.474229156686
580,0.173624946547,0.150490044281,0.200777627727,0.475107381445
581,0.173535233319,0.150052318441,0.200724250095,0.475688198145
582,0.173948566544,0.150372018551,0.201252841428,0.474426573477
583,0.173859203132,0.149938428203,0.2011999358,0.475002432865
584,0.174270369831,0.150254804265,0.20172637874,0.473748447164
585,0.174678083249,0.150568033083,0.202249074919,0.472504808749
586,0.175082387698,0.150878155179,0.202768072737,0.471271384386
587,0.175483326793,0.151185210438,0.203283419841,0.470048042927
588,0.175880943469,0.151489238115,0.203795163134,0.468834655282
589,0.176275279984,0.151790276848,0.204303348788,0.46763109438
590,0.176192727666,0.151360061096,0.204258923005,0.468188288234
591,0.166991586256,0.143418736044,0.193640696157,0.495948981542
592,0.166989932891,0.143380330147,0.192769821475,0.496859915487
593,0.166353236001,0.143293386982,0.192749441787,0.49760393523
594,0.166773243761,0.143618968259,0.19328417377,0.49632361421
595,0.167189914622,0.143941503435,0.193815291608,0.495053290336
596,0.167603288532,0.144261029129,0.194342838825,0.493792843513
597,0.168013404866,0.144577581438,0.194866858331,0.492542155365
598,0.168420302435,0.144891195936,0.195387392423,0.491301109206
599,0.168424938492,0.144858666698,0.194519901261,0.492196493548
600,0.168326080912,0.144430836555,0.194452560615,0.492790521918
601,0.168733028363,0.144743013999,0.194969629799,0.491554327839
602,0.169136817791,0.145052314115,0.195483286878,0.490327581215
603,0.169537486462,0.145358770997,0.19599357238,0.489110170161
604,0.16993507111,0.145662418251,0.196500526261,0.487901984378
605,0.170329607953,0.145963289003,0.197004187913,0.486702915131
606,0.170236026975,0.145538778555,0.196943384994,0.487281809476
607,0.169597218566,0.145462766987,0.1969389623,0.488001052146
608,0.169989133122,0.14576198261,0.197442752133,0.486806132135
609,0.170001885716,0.145735996547,0.196574874532,0.487687243205
610,0.169908097634,0.145314759008,0.196513362273,0.488263781085
611,0.166552510539,0.14240830938,0.192678356391,0.498360823691
612,0.166952047735,0.142713282746,0.193186707284,0.497147962235
613,0.166851377034,0.142295984198,0.193116341781,0.497736296988
614,0.157355298403,0.134162533325,0.182168944561,0.526313223712
615,0.15777559582,0.134485895475,0.182699155859,0.525039352847
616,0.157747180898,0.134426703176,0.181852397368,0.525973718557
617,0.157626964249,0.134014167005,0.181755831657,0.52660303709
618,0.158047305227,0.134336144526,0.182282659596,0.525333890651
619,0.15801817826,0.134276007562,0.181445241876,0.526260572302
620,0.158437375553,0.134596756319,0.181967288187,0.524998579941
621,0.15831880801,0.134187381564,0.18187179125,0.525622019177
622,0.158736213071,0.134505282905,0.182392089113,0.52436641491
623,0.159150677714,0.134820514234,0.182909231303,0.523119576749
624,0.159033704835,0.134414504562,0.182815686792,0.523736103811
625,0.159007579715,0.134356147466,0.181983442645,0.524652830174
626,0.158889908001,0.133953481771,0.181888103907,0.52526850632
627,0.159305596242,0.134267251104,0.182403407533,0.52402374512
628,0.15971838899,0.13457839932,0.182915609552,0.522787602137
629,0.160128316478,0.134886953961,0.183424742512,0.521559987049
630,0.160105092358,0.134830556663,0.182598521649,0.52246582933
631,0.15946762315,0.134738075071,0.182561275861,0.523233025918
632,0.158838178647,0.134644180706,0.182522036542,0.523995604105
633,0.159245292492,0.134953936335,0.183030163892,0.522770607281
634,0.158622821438,0.134859823892,0.182990731996,0.523526622674
635,0.158007998649,0.134764366088,0.182949393101,0.524278242162
636,0.157981270048,0.134707756919,0.182128837408,0.525182135624
637,0.158385649551,0.135018673471,0.1826359319,0.523959745077
638,0.158271085289,0.134617614413,0.182544711627,0.524566588671
639,0.157661804677,0.134521909393,0.182502168811,0.525314117118
640,0.157633746048,0.134464511917,0.181689385047,0.526212356989
