episode,omega2,omega3,omega4,omega
1,0.25,0.25,0.25,0.25
2,0.25,0.25,0.25,0.25
3,0.24908420805,0.252747375849,0.24908420805,0.24908420805
4,0.24908420805,0.252747375849,0.24908420805,0.24908420805
5,0.248777468238,0.253667595287,0.248777468238,0.248777468238
6,0.232953300682,0.238691142621,0.232953300682,0.295402256015
7,0.229389818142,0.236186493914,0.229389818142,0.305033869803
8,0.237218628376,0.245438789125,0.237218628376,0.280123954123
9,0.235352305372,0.244695708677,0.235352305372,0.284599680579
10,0.234098437562,0.241915977506,0.234098437562,0.28988714737
11,0.237601393241,0.246433721571,0.237601393241,0.278363491947
12,0.239205509895,0.249004644111,0.239205509895,0.272584336099
13,0.240065848095,0.250813994445,0.240065848095,0.269054309365
14,0.239232051462,0.250856791362,0.239232051462,0.270679105714
15,0.239007136339,0.248979826237,0.239007136339,0.273005901085
16,0.239758705673,0.250493100747,0.239758705673,0.269989487908
17,0.239535975416,0.249045468942,0.239535975416,0.271882580225
18,0.240124475974,0.250265549108,0.240124475974,0.269485498943
19,0.239538906805,0.250263461119,0.239538906805,0.27065872527
20,0.239995836067,0.25135170387,0.239995836067,0.268656623996
21,0.239883899394,0.250101734112,0.239883899394,0.2701304671
22,0.239373832977,0.250090996662,0.239373832977,0.271161337383
23,0.238863393197,0.250078733299,0.238863393197,0.272194480308
24,0.23933735938,0.25109810707,0.23933735938,0.27022717417
25,0.239688520885,0.251991539138,0.239688520885,0.268631419092
26,0.239649054225,0.250835880862,0.239649054225,0.269866010688
27,0.235475879727,0.262619055358,0.235475879727,0.266429185187
28,0.234918461888,0.263099035312,0.234918461888,0.267064040912
29,0.234361184956,0.263578566964,0.234361184956,0.267699063124
30,0.233804054456,0.264057644964,0.233804054456,0.268334246123
31,0.233247075909,0.264536263973,0.233247075909,0.268969584209
32,0.232690254827,0.265014418665,0.232690254827,0.269605071681
33,0.225002820333,0.257336606847,0.225002820333,0.292657752487
34,0.224218897337,0.257518314436,0.224218897337,0.294043890891
35,0.224253584513,0.254977454756,0.224253584513,0.296515376217
36,0.223491316833,0.25507219098,0.223491316833,0.297945175354
37,0.224364176034,0.257037236466,0.224364176034,0.294234411466
38,0.223649242131,0.257187602219,0.223649242131,0.295513913519
39,0.223680358488,0.254850107915,0.223680358488,0.29778917511
40,0.224482908314,0.256644064683,0.224482908314,0.294390118689
41,0.225134334555,0.25827397734,0.225134334555,0.291457353549
42,0.224511177223,0.258444835235,0.224511177223,0.292532810319
43,0.223888058625,0.258613858511,0.223888058625,0.293610024239
44,0.223973639595,0.256428381231,0.223973639595,0.29562433958
45,0.22336549304,0.256538168522,0.22336549304,0.296730845398
46,0.222757329053,0.256646080244,0.222757329053,0.29783926165
47,0.222782573948,0.254632873925,0.222782573948,0.299801978179
48,0.222737167434,0.252843732689,0.222737167434,0.301681932444
49,0.222151447984,0.252859996607,0.222151447984,0.302837107425
50,0.222058228847,0.251213225163,0.222058228847,0.304670317143
51,0.221480997987,0.25119181246,0.221480997987,0.305846191567
52,0.220903601761,0.251168507498,0.220903601761,0.307024288981
53,0.220326047194,0.251143308409,0.220326047194,0.308204597202
54,0.215910417314,0.264195534281,0.215910417314,0.30398363109
55,0.215269663331,0.264416478007,0.215269663331,0.305044195332
56,0.214629160818,0.264635571969,0.214629160818,0.306106106395
57,0.21398891852,0.264852810839,0.21398891852,0.307169352121
58,0.214954351846,0.267062772642,0.214954351846,0.303028523666
59,0.214343461322,0.267319820054,0.214343461322,0.303993257302
60,0.215174560026,0.269380188867,0.215174560026,0.300270691082
61,0.214589052419,0.269672151739,0.214589052419,0.301149743424
62,0.21400383767,0.269962790668,0.21400383767,0.302029533993
63,0.213418922275,0.270252100939,0.213418922275,0.302910054511
64,0.213644256149,0.267764109738,0.213644256149,0.304947377964
65,0.213796923581,0.26551239892,0.213796923581,0.306893753919
66,0.214645866504,0.267470529179,0.214645866504,0.303237737813
67,0.214105646603,0.267701978466,0.214105646603,0.304086728328
68,0.214246768791,0.265597463963,0.214246768791,0.305908998455
69,0.214333739568,0.263668197046,0.214333739568,0.307664323817
70,0.215150165677,0.265480080218,0.215150165677,0.304219588427
71,0.214647639079,0.265668105354,0.214647639079,0.305036616487
72,0.214145285121,0.265855020806,0.214145285121,0.305854408953
73,0.214884993509,0.267587292001,0.214884993509,0.302642720981
74,0.21440059789,0.267798682575,0.21440059789,0.303400121646
75,0.213916385837,0.268009102086,0.213916385837,0.304158126241
76,0.214589052419,0.269672151739,0.214589052419,0.301149743424
77,0.214120856879,0.269904769024,0.214120856879,0.301853517218
78,0.212753099384,0.268998915055,0.212753099384,0.305494886176
79,0.213352904318,0.270580340607,0.213352904318,0.302713850758
80,0.212887463838,0.270813815075,0.212887463838,0.303411257249
81,0.213088643366,0.268759546157,0.213088643366,0.305063167111
82,0.212631014128,0.268961581676,0.212631014128,0.305776390069
83,0.212173564624,0.269162750299,0.212173564624,0.306490120454
84,0.212338956733,0.267214242786,0.212338956733,0.308107843748
85,0.211888465201,0.267386827763,0.211888465201,0.308836241835
86,0.212015775614,0.265557530076,0.212015775614,0.310410918696
87,0.211571523296,0.265704024436,0.211571523296,0.311152928972
88,0.21224101,0.267251836918,0.21224101,0.308266143082
89,0.211810135496,0.267416751689,0.211810135496,0.30896297732
90,0.212417596804,0.268895068886,0.212417596804,0.306269737505
91,0.212959192243,0.270295747781,0.212959192243,0.303785867733
92,0.213127597674,0.268516369999,0.213127597674,0.305228434653
93,0.213631832543,0.269835809025,0.213631832543,0.30290052589
94,0.21408378409,0.271094014581,0.21408378409,0.300738417239
95,0.213701221878,0.271297443312,0.213701221878,0.301300112932
96,0.213876280308,0.269596474056,0.213876280308,0.302650965328
97,0.214016482382,0.268008869699,0.214016482382,0.303958165538
98,0.213644387862,0.268170599654,0.213644387862,0.304540624622
99,0.213758207328,0.266665126208,0.213758207328,0.305818459137
100,0.214233475519,0.267861806356,0.214233475519,0.303671242606
101,0.21433588332,0.266439282232,0.21433588332,0.304888951128
102,0.214781668581,0.267575050214,0.214781668581,0.302861612623
103,0.21443532789,0.26772552174,0.21443532789,0.303403822481
104,0.214531515264,0.26636249379,0.214531515264,0.304574475682
105,0.214958281503,0.267453693487,0.214958281503,0.302629743506
106,0.214623570807,0.267598873499,0.214623570807,0.303153984888
107,0.214288946431,0.267743588987,0.214288946431,0.303678518151
108,0.214383158509,0.266420740175,0.214383158509,0.304812942808
109,0.214799535812,0.267480875105,0.214799535812,0.302920053272
110,0.214475779721,0.267620688527,0.214475779721,0.30342775203
111,0.214152104733,0.2677600663,0.214152104733,0.303935724235
112,0.214244387556,0.266475142644,0.214244387556,0.305036082243
113,0.213924200511,0.266600368895,0.213924200511,0.305551230083
114,0.213604089154,0.266725150985,0.213604089154,0.306066670707
115,0.213284054566,0.266849488221,0.213284054566,0.306582402647
116,0.213710557161,0.267909146896,0.213710557161,0.304669738781
117,0.213397293267,0.268042740921,0.213397293267,0.305162672546
118,0.213084108735,0.26817592353,0.213084108735,0.305655859001
119,0.213184059672,0.266888252268,0.213184059672,0.306743628388
120,0.21287412417,0.267008144081,0.21287412417,0.307243607579
121,0.213296168832,0.268047396446,0.213296168832,0.30536026589
122,0.213684342743,0.269046994072,0.213684342743,0.303584320442
123,0.213386650522,0.269184217879,0.213386650522,0.304042481077
124,0.213749479406,0.270155813475,0.213749479406,0.302345227714
125,0.21408378409,0.271094014581,0.21408378409,0.300738417239
126,0.214391963382,0.272001664936,0.214391963382,0.2992144083
127,0.214676154568,0.272881298281,0.214676154568,0.297766392583
128,0.214826916249,0.271595915791,0.214826916249,0.298750251711
129,0.215098618877,0.27244196818,0.215098618877,0.297360794066
130,0.215238215248,0.271216005425,0.215238215248,0.298307564078
131,0.215358882529,0.27005131337,0.215358882529,0.299230921571
132,0.215462236992,0.268942599374,0.215462236992,0.300132926642
133,0.215549714824,0.267885160626,0.215549714824,0.301015409727
134,0.215290494184,0.268003965087,0.215290494184,0.301415046545
135,0.215580473304,0.268807230552,0.215580473304,0.30003182284
136,0.215325516384,0.268931815333,0.215325516384,0.3004171519
137,0.215070612438,0.269056146915,0.215070612438,0.300802628208
138,0.215158584697,0.2680139157,0.215158584697,0.301668914906
139,0.215444130331,0.268800252337,0.215444130331,0.300311487001
140,0.215195589622,0.268920996932,0.215195589622,0.300687823824
141,0.215465408468,0.26969024877,0.215465408468,0.299378934295
142,0.215220715843,0.269816248159,0.215220715843,0.299742320156
143,0.215314401923,0.268793061525,0.215314401923,0.30057813463
144,0.21507196188,0.26891018813,0.21507196188,0.30094588811
145,0.215154196453,0.267922519163,0.215154196453,0.301769087931
146,0.215427495082,0.268671779697,0.215427495082,0.300473230139
147,0.215682990947,0.269400465288,0.215682990947,0.299233552818
148,0.215766498317,0.268445530168,0.215766498317,0.300021473198
149,0.215535272827,0.268556647007,0.215535272827,0.300372807339
150,0.215784150104,0.269266597641,0.215784150104,0.299165102151
151,0.216017230602,0.269958324595,0.216017230602,0.2980072142
152,0.206663072484,0.258652452602,0.206663072484,0.32802140243
153,0.207032127371,0.259499695556,0.207032127371,0.326436049701
154,0.207039948015,0.25849228599,0.207039948015,0.327427817981
155,0.206759243903,0.258516575985,0.206759243903,0.327964936209
156,0.206757378685,0.257539286693,0.206757378685,0.328945955938
157,0.207126002259,0.258364276674,0.207126002259,0.327383718808
158,0.2074752309,0.259166861335,0.2074752309,0.325882676865
159,0.207806251573,0.259948425921,0.207806251573,0.324439070932
160,0.207539633315,0.259983028962,0.207539633315,0.324937704409
161,0.207550404938,0.259027096856,0.207550404938,0.325872093268
162,0.207285277017,0.259054687073,0.207285277017,0.326374758892
163,0.207287240026,0.258126127465,0.207287240026,0.327299392482
164,0.207023517711,0.258147011459,0.207023517711,0.327805953119
165,0.206759829723,0.258167521061,0.206759829723,0.328312819493
166,0.206754802318,0.25725857513,0.206754802318,0.329231820234
167,0.206492438258,0.257272664553,0.206492438258,0.32974245893
168,0.206845885394,0.258054606628,0.206845885394,0.328253622583
169,0.206587440527,0.25807377998,0.206587440527,0.328751338965
170,0.206329029318,0.258092592932,0.206329029318,0.329249348431
171,0.206325178972,0.257194706851,0.206325178972,0.330154935205
172,0.206068029368,0.257207372373,0.206068029368,0.330656568891
173,0.206421636298,0.257982953176,0.206421636298,0.329173774228
174,0.206416505698,0.25710710169,0.206416505698,0.330059886914
175,0.199368561633,0.248643778034,0.199368561633,0.3526190987
176,0.199299356524,0.247747491831,0.199299356524,0.353653795121
177,0.199745261603,0.248610733481,0.199745261603,0.351898743313
178,0.19945736009,0.248561279076,0.19945736009,0.352524000744
179,0.199388341815,0.24768557865,0.199388341815,0.35353773772
180,0.199101359567,0.247630653428,0.199101359567,0.354166627438
181,0.19954283452,0.2484823433,0.19954283452,0.352431987659
182,0.199965078499,0.249311765241,0.199965078499,0.35075807776
183,0.19990279729,0.248455217346,0.19990279729,0.351739188075
184,0.199833434272,0.247622622579,0.199833434272,0.352710508878
185,0.199757393268,0.246812567559,0.199757393268,0.353672645905
186,0.199481379244,0.246755040779,0.199481379244,0.354282200733
187,0.199399781448,0.245961950328,0.199399781448,0.355238486776
188,0.199312187543,0.245189046038,0.199312187543,0.356186578877
189,0.19975129604,0.246001594493,0.19975129604,0.354495813426
190,0.199480809025,0.245940779509,0.199480809025,0.35509760244
191,0.199905595915,0.246737683915,0.199905595915,0.353451124256
192,0.199824925087,0.245980328469,0.199824925087,0.354369821357
193,0.199559053881,0.245920465026,0.199559053881,0.354961427212
194,0.220912634462,0.23922186149,0.193912191029,0.345953313019
195,0.220937348344,0.238462671696,0.193802935889,0.346797044071
196,0.22018694445,0.238550558078,0.193667236826,0.347595260646
197,0.220763525303,0.239273497161,0.194046623146,0.34591635439
198,0.221321852374,0.239977197644,0.194409392286,0.344291557696
199,0.221350772013,0.239232595114,0.19430687389,0.345109758982
200,0.22189771133,0.23991783505,0.194658836831,0.343525616789
201,0.222428025369,0.240585593516,0.194995677683,0.341990703431
202,0.222463019103,0.239857933161,0.194898044953,0.342781002782
203,0.222983120033,0.240508769355,0.195225175151,0.34128293546
204,0.223018282009,0.239797509914,0.195127498306,0.342056709771
205,0.222866998781,0.239720492292,0.194866844541,0.342545664387
206,0.2227155566,0.239643217949,0.194606310398,0.343034915053
207,0.221978046527,0.239746234066,0.194492363684,0.343783355723
208,0.222006770604,0.239041753218,0.194392753593,0.344558722585
209,0.222529422421,0.239690099447,0.19472540503,0.343055073102
210,0.223037002992,0.240322639086,0.195044369999,0.341595987923
211,0.222321538468,0.240426194293,0.194933612133,0.342318655106
212,0.222353609098,0.239734236583,0.194839718864,0.343072435455
213,0.222204856548,0.239659325873,0.194587517692,0.343548299886
214,0.221507994849,0.239752929248,0.194472311881,0.344266764023
215,0.210203655501,0.227602046746,0.184434952796,0.377759344956
216,0.210832622693,0.22836791822,0.1848738005,0.375925658587
217,0.211443818842,0.229115071307,0.185296469692,0.374144640159
218,0.211240654607,0.228980000348,0.185005333649,0.374774011396
219,0.211201383405,0.228245046745,0.184857934597,0.375695635253
220,0.211157486549,0.22752465069,0.184706600381,0.376611262381
221,0.210954743894,0.227383692154,0.184416519169,0.377245044782
222,0.210906696284,0.226674514736,0.184261875162,0.378156913818
223,0.210179798865,0.226681053301,0.184094546048,0.379044601785
224,0.209473561534,0.226681026698,0.183922041959,0.379923369809
225,0.210094679751,0.227433669121,0.184359819934,0.378111831195
226,0.210698699149,0.228168299592,0.184782029154,0.376350972105
227,0.210653800948,0.227469158103,0.184634916629,0.37724212432
228,0.211246917047,0.228187148147,0.185046796754,0.375519138053
229,0.211203292977,0.227501744197,0.184900691164,0.376394271663
230,0.21178591868,0.228203721885,0.185302631893,0.374707727542
231,0.21159524433,0.228072614632,0.185027834651,0.375304306386
232,0.211404402485,0.227941217011,0.18475314852,0.375901231984
233,0.211979086012,0.228635386126,0.185147347083,0.374238180779
234,0.212538942665,0.229313986616,0.185528080465,0.372618990254
235,0.213084578499,0.229977657137,0.18589590051,0.371041863853
236,0.212904233912,0.229857945364,0.18563024937,0.371607571354
237,0.212211832238,0.229887340498,0.185485234895,0.372415592368
238,0.212747419282,0.23054567967,0.185847334637,0.37085956641
239,0.212724033162,0.229865706705,0.185720943746,0.371689316388
240,0.21325109097,0.230510284214,0.18607493337,0.370163691446
241,0.213765300857,0.231141364923,0.186417254682,0.368676079537
242,0.213747191217,0.230474646601,0.18629517253,0.369482989652
243,0.213575073691,0.230361068934,0.186039017214,0.370024840162
244,0.212897460997,0.230395160175,0.185902320725,0.370805058103
245,0.212873922616,0.229736369351,0.185778077508,0.371611630525
246,0.212213338739,0.229762343708,0.185637431187,0.372386886365
247,0.21203758425,0.229646517382,0.185382420207,0.372933478162
248,0.212555068677,0.230281645106,0.185733393559,0.371429892658
249,0.21253077858,0.229630804409,0.185610777231,0.37222763978
250,0.212358253856,0.229516005587,0.185358851473,0.372766889085
251,0.211710514257,0.229539296579,0.185218648049,0.373531541116
252,0.211681164614,0.228895923156,0.185093968988,0.374328943242
253,0.211048726722,0.228911805139,0.18495023505,0.375089233089
254,0.211566320355,0.229547204472,0.185306730037,0.373579745137
255,0.210950240221,0.229562622772,0.18516242043,0.374324716578
256,0.2103491613,0.229573215969,0.185014333794,0.375063288937
257,0.209762196116,0.229579251432,0.184862695203,0.375795857249
258,0.209727914282,0.228939616376,0.184741272281,0.376591197061
259,0.210239031162,0.229575834244,0.185100107905,0.375085026689
260,0.210738057641,0.230199252577,0.185447904924,0.373614784858
261,0.21056667212,0.23009049663,0.185205647223,0.374137184027
262,0.210395165581,0.229981507423,0.18496347707,0.374659849926
263,0.210366226903,0.229349563876,0.18484677383,0.375437435391
264,0.210688424824,0.229776595624,0.185038528813,0.374496450739
265,0.21117570039,0.230383977007,0.185374958538,0.373065364066
266,0.21059851349,0.230397985406,0.185233653562,0.373769847542
267,0.210034403386,0.230407760895,0.185089055272,0.374468780447
268,0.209482639119,0.230413524369,0.184941349283,0.375162487229
269,0.209311927302,0.230307888135,0.184704419699,0.375675764863
270,0.20914110503,0.230202025628,0.184467573519,0.376189295824
271,0.209112581706,0.229571262873,0.184356360736,0.376959794686
272,0.208941883736,0.229463177714,0.184119927045,0.377475011505
273,0.208910182862,0.22884137455,0.184006101165,0.378242341423
274,0.20836408138,0.228839677514,0.183857280651,0.378938960456
275,0.20819223432,0.228729464249,0.18362146487,0.379456836561
276,0.208020278322,0.228619028574,0.183385730562,0.379974962542
277,0.208519898278,0.229246820824,0.183741947837,0.378491333061
278,0.208488098109,0.228630250047,0.183629742053,0.379251909791
279,0.208980163769,0.229246166739,0.183978793589,0.377794875903
280,0.208948944765,0.228640198475,0.183867016341,0.378543840419
281,0.208410924718,0.228639303684,0.183722728348,0.379227043249
282,0.208375505172,0.228041600281,0.183608806896,0.379974087651
283,0.208864554848,0.228650178536,0.183956875591,0.378528391024
284,0.209342759803,0.229247248154,0.184295046514,0.377114945529
285,0.209311625808,0.228659818837,0.184184680628,0.377843874727
286,0.209277553902,0.228081763376,0.184071792699,0.378568890024
287,0.209752360451,0.22866825827,0.184406355808,0.377173025471
288,0.244513944871,0.218465274408,0.176045828214,0.360974952507
289,0.243433707096,0.21863300962,0.176048519919,0.361884763366
290,0.243380409363,0.218503604942,0.175812023815,0.362303961881
291,0.244029859248,0.219004948245,0.176082913659,0.360882278848
292,0.244121678574,0.218421791436,0.17595105876,0.36150547123
293,0.244210400156,0.217847457224,0.175817047533,0.362125095087
294,0.243147424615,0.218009110129,0.175818399912,0.363025065344
295,0.243791504071,0.218505200219,0.176089172179,0.361614123531
296,0.24275546751,0.218662602897,0.176086710946,0.362495218647
297,0.242701098132,0.218536183849,0.175855767551,0.362906950468
298,0.241689685636,0.218685591821,0.175846863024,0.36377785952
299,0.24176928688,0.218115195676,0.175716512723,0.364399004722
300,0.241711611329,0.217987833998,0.175486574819,0.364813979854
301,0.241788420984,0.217424453067,0.175354461782,0.365432664167
302,0.241862381188,0.216869204372,0.175220366199,0.366048048241
303,0.24193358398,0.21632179938,0.175084361283,0.366660255357
304,0.240932953168,0.216459248395,0.17507295687,0.367534841568
305,0.241580677329,0.216964462732,0.175358724184,0.366096135755
306,0.240603991679,0.217098508617,0.175344223482,0.366953276222
307,0.241238867392,0.217598006564,0.175624615621,0.365538510424
308,0.241180656838,0.217472188489,0.17540018636,0.365946968314
309,0.241122260197,0.217346262764,0.175175898497,0.366355578542
310,0.241751849573,0.217840334993,0.175451192421,0.364956623013
311,0.241825638871,0.217296645044,0.175322773965,0.365554942121
312,0.241769830026,0.217171557454,0.175100572393,0.365958040127
313,0.240802340925,0.21730726621,0.175088723145,0.36680166972
314,0.240870618371,0.216768900244,0.17495956924,0.367400912146
315,0.241497767431,0.217260103958,0.175236025941,0.36600610267
316,0.240549820874,0.217391614703,0.175222102397,0.366836462027
317,0.241164896608,0.217877448626,0.175493512145,0.365464142621
318,0.240238536062,0.218005932153,0.175476830692,0.366278701093
319,0.240305690839,0.217473399244,0.175352034396,0.366868875521
320,0.24037030961,0.216948130555,0.175225464466,0.367456095368
321,0.24043246983,0.216429882266,0.175097182779,0.368040465126
322,0.240492245509,0.215918421431,0.174967248466,0.368622084594
323,0.239577445171,0.21603622573,0.17494805589,0.369438273209
324,0.238684342078,0.216147402247,0.174923449682,0.370244805992
325,0.238736484118,0.215640743683,0.174793394061,0.370829378138
326,0.23878637406,0.21514049385,0.174661779494,0.371411352596
327,0.239407109326,0.215630563293,0.174947403199,0.370014924182
328,0.238528205605,0.215737566639,0.174921995351,0.370812232405
329,0.237669369295,0.215838438897,0.174891580213,0.371600611595
330,0.238277144249,0.2163268316,0.175174934523,0.370221089629
331,0.238875097955,0.216806004907,0.175450392795,0.368868504343
332,0.238813405125,0.216686350536,0.175241134872,0.369259109467
333,0.239404164561,0.217158573727,0.175510436445,0.367926825266
334,0.239344635537,0.217040810848,0.175302791821,0.368311761794
335,0.238496232662,0.217147861348,0.175276805548,0.369079100442
336,0.239078588405,0.217616981548,0.175542847568,0.36776158248
337,0.23965187363,0.218077567291,0.175801596403,0.366468962676
338,0.239594303988,0.217963975354,0.175597369021,0.366844351638
339,0.229418861613,0.208648572382,0.21022359563,0.351708970375
340,0.22949967941,0.20866348008,0.20955895148,0.35227788903
341,0.230001347009,0.209060896538,0.209960725663,0.35097703079
342,0.229165620033,0.209141707406,0.210044537638,0.351648134922
343,0.2296575891,0.209534499075,0.210441683227,0.350366228598
344,0.23014154478,0.209919755824,0.210831271176,0.349107428219
345,0.230617722376,0.210297698194,0.211213522703,0.347871056728
346,0.23108634823,0.210668538325,0.211588650595,0.34665646285
347,0.231547640144,0.211032480346,0.211956859605,0.345463019905
348,0.232001807764,0.211389720745,0.212318346821,0.344290124669
349,0.232096511198,0.211419314467,0.211661470348,0.344822703987
350,0.232186995636,0.211445035029,0.211018194927,0.345349774408
351,0.232639683835,0.211800485185,0.21137170369,0.344188127289
352,0.233085567465,0.212149536179,0.211718822182,0.343046074174
353,0.233524835993,0.212492365481,0.212059727623,0.341923070903
354,0.222581542102,0.202480383289,0.202066960009,0.3728711146
355,0.222590983568,0.201956495189,0.202020185978,0.373432335265
356,0.223102316627,0.202364806952,0.202428806819,0.372104069602
357,0.223149051291,0.20235158121,0.201780662509,0.372718704991
358,0.222294833632,0.202407737401,0.201835058382,0.373462370585
359,0.22233570244,0.202391810661,0.201198224285,0.374074262614
360,0.222843879271,0.202801156376,0.201601825036,0.372753139317
361,0.223344567688,0.203203460135,0.201998412202,0.371453559975
362,0.223387566847,0.203189232969,0.201372761478,0.372050438706
363,0.223883776939,0.203587123417,0.201762075898,0.370767023746
364,0.223039588773,0.20364864052,0.201818021178,0.371493749529
365,0.223527248308,0.204042771908,0.202203579729,0.370226400055
366,0.223545093508,0.203521308338,0.202164031859,0.370769566295
367,0.224028323338,0.203908821206,0.202545247256,0.369517608201
368,0.224046601538,0.203394031709,0.202505987774,0.370053378979
369,0.224525500071,0.203775081204,0.202882954601,0.368816464124
370,0.224997708705,0.204149845756,0.203253655058,0.367598790481
371,0.224161929852,0.2042161326,0.203317226777,0.36830471077
372,0.224211854777,0.204210175507,0.202696522015,0.3688814477
373,0.22339165821,0.204272209731,0.202754030462,0.369582101597
374,0.223436147669,0.204263756235,0.202143778162,0.370156317934
375,0.223454287568,0.203752093036,0.20210591888,0.370687700515
376,0.223924844536,0.204130775017,0.20247714957,0.369467230877
377,0.224388907487,0.204503339185,0.202842295939,0.368265457389
378,0.224409820298,0.203998061249,0.202806741903,0.36878537655
379,0.224869902033,0.204364593829,0.203167977595,0.367597526542
380,0.224891169969,0.203865592128,0.203132646749,0.368110591154
381,0.2249104989,0.203372741207,0.203095569296,0.368621190597
382,0.224093879131,0.203435660931,0.203157674142,0.369312785795
383,0.223293970323,0.203493871889,0.203215076224,0.369997081564
384,0.222510111426,0.203547557071,0.203267958333,0.370674373171
385,0.221741675836,0.203596889945,0.203316493745,0.371344940475
386,0.221751921095,0.203107037702,0.203279959641,0.371861081562
387,0.220996648608,0.203151427396,0.203324836565,0.372527087431
388,0.221451350292,0.203525013906,0.203699192232,0.371324443571
389,0.220709372102,0.203567892865,0.203742558248,0.371980176785
390,0.221156803893,0.203938075875,0.204113510064,0.370791610168
391,0.221166414384,0.203452631822,0.204080302676,0.371300651117
392,0.221212046722,0.203451054575,0.20346595358,0.371870945123
393,0.221254296857,0.2034463587,0.202862938475,0.372436405968
394,0.220520398537,0.203488246346,0.202903219519,0.373088135598
395,0.220557794493,0.203481130867,0.202310068882,0.373651005758
396,0.22100755634,0.203854370489,0.202678191374,0.372459881797
397,0.220284667801,0.203895450511,0.202716064738,0.37310381695
398,0.219574901171,0.203932815002,0.202750242964,0.373742040863
399,0.218877780794,0.203966595786,0.202780857271,0.374374766149
400,0.219318710283,0.204341257941,0.203150365366,0.37318966641
401,0.219753650138,0.204710201252,0.20351417716,0.37202197145
402,0.220182742469,0.20507356108,0.203872427471,0.37087126898
403,0.220194262842,0.204588534897,0.203843967197,0.371373235064
404,0.220619728019,0.204946366541,0.20419864456,0.370235260879
405,0.259608192708,0.194558668482,0.193847086634,0.351986052177
406,0.260181451937,0.194849123124,0.19413471823,0.350834706709
407,0.260332933094,0.194823421144,0.193545476145,0.351298169617
408,0.260902838092,0.195110565856,0.193827595429,0.350159000623
409,0.261053468464,0.195083879739,0.193248105407,0.350614546391
410,0.261174666584,0.194598963206,0.193195360613,0.351031009596
411,0.260033233537,0.194766935309,0.193358698861,0.351841132294
412,0.258914843635,0.194928425105,0.193515595943,0.352641135317
413,0.25781868173,0.19508365934,0.1936662773,0.35343138163
414,0.257957462629,0.195056618091,0.193093448314,0.353892470965
415,0.258093012867,0.195027082903,0.192530280503,0.354349623728
416,0.258204245533,0.19454494156,0.192476956198,0.354773856709
417,0.258772827557,0.194840388197,0.192764298297,0.35362248595
418,0.259335495971,0.195130891881,0.193046735312,0.352486876837
419,0.25989238697,0.195416564657,0.193324378466,0.351366669907
420,0.260443632722,0.195697515251,0.193597335689,0.350261516338
421,0.259350503596,0.195859132829,0.193752229402,0.351038134173
422,0.259466288813,0.195381448197,0.193704195853,0.351448067137
423,0.247290939081,0.186087823822,0.184486574514,0.382134662583
424,0.247356680849,0.185605120488,0.184407543779,0.382630654884
425,0.247446795006,0.185546712123,0.183841488955,0.383165003916
426,0.247510994776,0.185068756503,0.183760369604,0.383659879117
427,0.248131868427,0.185406122523,0.184092277319,0.382369731731
428,0.247040170204,0.185515642775,0.184197946498,0.383246240523
429,0.247652224483,0.185850565247,0.184527409574,0.381969800696
430,0.246578877454,0.185957428366,0.184630429686,0.382833264495
431,0.246641102803,0.185483632119,0.184552514334,0.383322750744
432,0.246728867312,0.185426708559,0.183991852736,0.383852571393
433,0.23482252016,0.176361691464,0.174993827846,0.41382196053
434,0.234838117652,0.175882919967,0.174886358855,0.414392603527
435,0.235511187922,0.176269299005,0.17526824863,0.412951264444
436,0.235551684862,0.176181947887,0.174709321357,0.413557045895
437,0.236220573343,0.176564329464,0.175085128333,0.41212996886
438,0.236240050475,0.176090190331,0.174979327936,0.412690431257
439,0.236280850198,0.176002212841,0.174427987675,0.413288949285
440,0.236948296431,0.176380740277,0.174799543771,0.411871419522
441,0.236989305063,0.176292682037,0.174256190246,0.412461822654
442,0.235907729923,0.176359295115,0.174317430594,0.413415544367
443,0.236568851711,0.176736907174,0.174686057744,0.412008183371
444,0.236607624747,0.176649304045,0.174149793401,0.412593277807
445,0.235541227985,0.176714300387,0.174208265973,0.413536205654
446,0.235559925033,0.176242653296,0.174103775685,0.414093645985
447,0.236217432905,0.17661941258,0.174471175297,0.412691979219
448,0.236237107385,0.17615268491,0.174367209142,0.413242998562
449,0.236273957752,0.176064526896,0.173836681695,0.413824833657
450,0.236930048544,0.176437545929,0.174200029034,0.412432376493
451,0.236967179424,0.176349373668,0.173676877925,0.413006568983
452,0.236988055433,0.175886474039,0.173572285182,0.413553185346
453,0.235924940742,0.175951760435,0.173631613436,0.414491685387
454,0.235957483134,0.175861876196,0.173114613577,0.415066027093
455,0.236612627163,0.17623576581,0.173476632731,0.413674974296
456,0.237261220708,0.176604220522,0.173833276883,0.412301281886
457,0.23728334716,0.176145159304,0.173730674952,0.412840818584
458,0.23623047098,0.176211206873,0.173790556826,0.413767765321
459,0.235196297675,0.1762724784,0.173845724626,0.414685499298
460,0.234180221475,0.176329126779,0.173896329565,0.415594322181
461,0.233181662369,0.176381298415,0.173942516436,0.416494522779
462,0.232200064768,0.176429133563,0.173984423953,0.417386377716
463,0.231234896243,0.176472766642,0.174022185058,0.418270152057
464,0.23124259988,0.176015415359,0.173920942684,0.418821042078
465,0.23187790696,0.176394994157,0.174291498418,0.417435600465
466,0.231903077677,0.176310192887,0.173776503915,0.418010225522
467,0.232534491647,0.176686070523,0.17414155905,0.416637878779
468,0.231577781567,0.176730792542,0.174180214909,0.417511210982
469,0.230636717466,0.176771505824,0.174214917432,0.418376859279
470,0.230658194121,0.176687518449,0.173705688429,0.418948599
471,0.229727532382,0.175874632048,0.172900245759,0.421497589811
472,0.22973181925,0.175419115739,0.172798960042,0.422050104969
473,0.230359738604,0.175797878131,0.17316653199,0.420675851274
474,0.229426525444,0.175834473704,0.173197045783,0.421541955069
475,0.230046560782,0.176210536316,0.173561921971,0.420180980931
476,0.230065821941,0.176126199548,0.173057427255,0.420750551256
477,0.229144003457,0.17616188035,0.173086081226,0.421608034968
478,0.22823672043,0.176193848232,0.173111084883,0.422458346455
479,0.228849852112,0.17657134714,0.173475559356,0.421103241391
480,0.228854204846,0.176118619149,0.173378346692,0.421648829313
481,0.228857099878,0.175670380578,0.173280084737,0.422192434807
482,0.227958863647,0.17570024498,0.173304596264,0.423036295109
483,0.228568974395,0.176075147598,0.173669430203,0.421686447803
484,0.227683077681,0.176103899531,0.173692831698,0.42252019109
485,0.22681065541,0.176129209442,0.173712836915,0.423347298233
486,0.225951319725,0.176151175046,0.173729542518,0.424167962711
487,0.225948192316,0.175705529632,0.173633021276,0.424713256777
488,0.225099949387,0.17572377933,0.173646816153,0.42552945513
489,0.224264096503,0.175738868003,0.173657486666,0.426339548829
490,0.224863469892,0.176120532592,0.174030382047,0.42498561547
491,0.224873985802,0.176040789697,0.173526117751,0.42555910675
492,0.224882427323,0.175959459415,0.173028673031,0.426129440231
493,0.224877062084,0.175516396537,0.172932200398,0.42667434098
494,0.224047275841,0.175530864799,0.172941241714,0.427480617646
495,0.223229344857,0.17554231039,0.17294730434,0.428281040413
496,0.22242294316,0.175550815223,0.172950469245,0.429075772373
497,0.221627756626,0.175556458244,0.172950814466,0.429864970664
498,0.222223081019,0.175945343599,0.173328702302,0.42850287308
499,0.221437693639,0.175950423736,0.173328481288,0.429283401337
500,0.212480579495,0.168755324806,0.206297214038,0.412466881662
501,0.213009242419,0.169097102617,0.206798252969,0.411095401995
502,0.212985237778,0.168662100216,0.206762710914,0.411589951092
503,0.212219130832,0.168651066889,0.20683325323,0.412296549049
504,0.212192594435,0.168219868157,0.206796800361,0.412790737047
505,0.212164860086,0.167792779267,0.206759183254,0.413283177393
506,0.200156491764,0.158222160255,0.19504678387,0.44657456411
507,0.200209832582,0.158190664002,0.194195514035,0.447403989382
508,0.199448803089,0.158143668809,0.194216515876,0.448191012226
509,0.199496910115,0.158109429867,0.19337805363,0.449015606389
510,0.200084949898,0.158502912042,0.193936164444,0.447475973616
511,0.200666826337,0.158891120767,0.194488232511,0.445953820384
512,0.2012426473,0.159274148393,0.195034363476,0.444448840831
513,0.201183344541,0.158844386974,0.194964934158,0.445007334328
514,0.200426612574,0.158801173842,0.194989910956,0.445782302628
515,0.200997364948,0.159181138477,0.195534699013,0.444286797562
516,0.201052028058,0.159152190917,0.194701839007,0.445093942017
517,0.200992599814,0.158725690539,0.194632158104,0.445649551544
518,0.20156223661,0.159102725413,0.195171605348,0.444163432629
519,0.20161610978,0.159072451438,0.194349807068,0.444961631713
520,0.202182719051,0.159446528836,0.194882185624,0.443488566489
521,0.202743599092,0.159815714565,0.195408965795,0.442031720548
522,0.201988723492,0.159778400537,0.195438898972,0.442793976999
523,0.202542888556,0.160144686364,0.195962695194,0.441349729886
524,0.203091512351,0.160506230965,0.19648106345,0.439921193235
525,0.203634688602,0.160863114539,0.196994095429,0.43850810143
526,0.204172509068,0.161215415596,0.197501880901,0.437110194435
527,0.204237642384,0.161194299404,0.19668397385,0.437884084361
528,0.204299093292,0.161170264558,0.195879248842,0.438651393308
529,0.203547197183,0.16113894671,0.195913678642,0.439400177464
530,0.20408392569,0.161492376562,0.196416058758,0.43800763899
531,0.204036638391,0.161068227015,0.196356332711,0.438538801884
532,0.20456994481,0.161417187545,0.19685531296,0.437157554685
533,0.204523351016,0.160996950031,0.196796229007,0.437683469947
534,0.203776837605,0.160966352338,0.19683310085,0.438423709206
535,0.203039939063,0.16093356351,0.196867292109,0.439159205318
536,0.203099515141,0.16091073682,0.196066594945,0.439923153094
537,0.203155579344,0.160885118361,0.195278528292,0.440680774003
538,0.203106016856,0.160467287293,0.195216484234,0.441210211618
539,0.203640713881,0.160819149929,0.195715971136,0.439824165054
540,0.203696056301,0.160792283095,0.194937842168,0.440573818436
541,0.203647368635,0.160377885357,0.194875357783,0.441099388226
542,0.203597636999,0.159967184364,0.194811883372,0.441623295265
543,0.204133204403,0.160316496259,0.195308414258,0.44024188508
544,0.204663664165,0.16066145549,0.195799976444,0.438874903901
545,0.203926088209,0.16063184928,0.195835217333,0.439606845177
546,0.204450477735,0.160974277167,0.196324190609,0.438251054489
547,0.204969919297,0.161312479712,0.196808339081,0.436909261909
548,0.205484492704,0.161646525047,0.197287740443,0.435581241807
549,0.205547873614,0.161625466711,0.196512192953,0.436314466723
550,0.20481538781,0.161599247997,0.196550401634,0.437034962559
551,0.204092162615,0.161570909716,0.196586033658,0.437750894011
552,0.204602319675,0.161905990315,0.197064001663,0.436427688348
553,0.204558720273,0.161497688303,0.197008585973,0.436935005451
554,0.204618884774,0.161476029547,0.196240249872,0.437664835807
555,0.205128318836,0.161808751306,0.196713950786,0.436348979073
556,0.205633058895,0.162137457466,0.197183077838,0.4350464058
557,0.20613317919,0.1624622115,0.197647703241,0.433756906069
558,0.206628752497,0.162783075622,0.198107897781,0.4324802741
559,0.206694966838,0.162765529095,0.197346584111,0.433192919956
560,0.206657201937,0.162360149912,0.197294162237,0.433688485914
561,0.207152184924,0.162678811603,0.197750316141,0.432418687331
562,0.206427540385,0.162658343566,0.197794378591,0.433119737458
563,0.206389270416,0.162256228409,0.197742650002,0.433611851172
564,0.206880375728,0.162572707851,0.198198086774,0.432348829647
565,0.206842667687,0.162174127387,0.198146871331,0.432836333595
566,0.206124011552,0.162152520614,0.198190858527,0.433532609307
567,0.206611289382,0.162466839661,0.198645583047,0.43227628791
568,0.206679202488,0.162451239081,0.19788681626,0.432982742171
569,0.207164381494,0.162763457004,0.19833614789,0.431736013612
570,0.207231300333,0.162746904329,0.197587638036,0.432434157302
571,0.20771440201,0.163057042375,0.198031672514,0.431196883101
572,0.208193274133,0.163363568908,0.19847159918,0.429971557779
573,0.208667981182,0.163666538921,0.198907480522,0.428757999375
574,0.209138586408,0.163966006359,0.199339377835,0.427556029397
575,0.209605151864,0.164262024132,0.19976735125,0.426365472754
576,0.210067738425,0.164554644147,0.200191459756,0.425186157672
577,0.209347739497,0.164544073123,0.200246856812,0.425861330569
578,0.209319365247,0.164147484418,0.200204267134,0.426328883201
579,0.209395072002,0.164137685973,0.199458053378,0.427009188647
580,0.208681849235,0.164125040906,0.199509949539,0.42768316032
581,0.208651625417,0.163731294997,0.19946556935,0.428151510236
582,0.209113293674,0.164024994712,0.199891394476,0.426970317138
583,0.196937840339,0.15441021453,0.188238265638,0.460413679493
584,0.196232790193,0.154367171695,0.188249856848,0.461150181265
585,0.196733265153,0.154697184215,0.188716527817,0.459853022815
586,0.196035752759,0.154653829771,0.18872786583,0.46058255164
587,0.196531112523,0.154981793399,0.189192472512,0.459294621565
588,0.197022362438,0.15530622617,0.189653061927,0.458018349464
589,0.197057184285,0.155270729166,0.188913967694,0.458758118855
590,0.196365089302,0.155228825798,0.18892598878,0.45948009612
591,0.19630561645,0.154833606015,0.188856385424,0.46000439211
592,0.196336608249,0.154795772812,0.188126082188,0.460741536751
593,0.196364788584,0.154755729274,0.18740623816,0.461473243981
594,0.196858846788,0.155082705117,0.187862937721,0.460195510374
595,0.197348859862,0.155406207522,0.188315704097,0.458929228519
596,0.197834883977,0.155726284725,0.188764591808,0.457674239489
597,0.18633198862,0.146612762928,0.177775055786,0.489280192666
598,0.186248103141,0.146218143089,0.17768100701,0.48985274676
599,0.186767977841,0.146566862579,0.178162914771,0.488502244809
600,0.186763852164,0.146504230827,0.177454424571,0.489277492438
601,0.187281708565,0.146850921206,0.177931278888,0.48793609134
602,0.187795516534,0.147194133377,0.178404204529,0.48660614556
603,0.18830532858,0.147533912525,0.178873252368,0.485287506528
604,0.188811196401,0.147870303135,0.179338472491,0.483980027973
605,0.189313170898,0.148203348996,0.179799914213,0.482683565892
606,0.189811302189,0.148533093219,0.180257626085,0.481397978507
607,0.190305639618,0.14885957824,0.18071165591,0.480123126232
608,0.190796231771,0.149182845839,0.181162050752,0.478858871638
609,0.190805779356,0.149129852498,0.180455006653,0.479609361494
610,0.190734323159,0.148737690685,0.180370879799,0.480157106357
611,0.183508885966,0.143044751552,0.210777802281,0.4626685602
612,0.183952526595,0.143332023976,0.211335359107,0.461380090323
613,0.184392556376,0.143616225625,0.211889009054,0.460102208945
614,0.184829021353,0.143897395956,0.212438802299,0.458834780392
615,0.185261966854,0.144175573805,0.21298478824,0.457577671101
616,0.185691437504,0.1444507974,0.213527015515,0.45633074958
617,0.185001076386,0.144397701025,0.213584215352,0.457017007237
618,0.185426126691,0.14467125607,0.214124871495,0.455777745744
619,0.185354082304,0.14428907901,0.214091603386,0.4562652353
620,0.184670264159,0.144235357295,0.214148580317,0.456945798229
621,0.183994571006,0.144180034402,0.21420316388,0.457622230712
622,0.184415535464,0.144453082485,0.21474589051,0.456385491542
623,0.184833141086,0.144723263591,0.215284958222,0.455158637101
624,0.184163540126,0.144668798557,0.215341386931,0.455826274386
625,0.183501741241,0.144612792471,0.215395504557,0.45648996173
626,0.18391420289,0.14488253401,0.215935102618,0.455268160483
627,0.183841969851,0.144502464224,0.21590573367,0.455749832255
628,0.183940670502,0.144524444877,0.214878576611,0.456656308011
629,0.184353319072,0.144792965131,0.215414034257,0.45543968154
630,0.184450175164,0.144813326257,0.214400821627,0.456335676952
631,0.184535414168,0.144824533147,0.214551219863,0.456088832822
632,0.18387607753,0.144770288009,0.214604697484,0.456748936978
