episode,omega,omega1,omega5
0,0.351504254037,0.257294621049,0.391201124913
10,0.312447161972,0.211544498931,0.476008339098
20,0.426057313558,0.195307233696,0.378635452747
30,0.442696713849,0.204156103966,0.353147182185
40,0.470481090556,0.212248077644,0.317270831801
50,0.480791330128,0.204881825282,0.31432684459
60,0.505560814236,0.179409039604,0.31503014616
70,0.570149929386,0.201723784917,0.228126285697
80,0.516086854989,0.215567713278,0.268345431733
90,0.530475434993,0.244147768745,0.225376796262
100,0.562807696165,0.21335085133,0.223841452504
110,0.629343385656,0.196896267842,0.173760346501
120,0.670279434459,0.218480046892,0.11124051865
130,0.716259303588,0.209148025499,0.0745926709128
140,0.646808464295,0.230453755183,0.122737780522
150,0.705812950335,0.201210225505,0.0929768241605
160,0.678623260401,0.253678097046,0.0676986425533
170,0.622675500446,0.313570908225,0.0637535913295
180,0.65955496203,0.291944964751,0.0485000732195
190,0.652706665758,0.303119712482,0.0441736217604
200,0.730690844354,0.238648187532,0.0306609681143
210,0.780939721436,0.194318383441,0.0247418951229
220,0.672959810818,0.30910641768,0.0179337715019
230,0.691283578564,0.295760536395,0.012955885041
240,0.796026246619,0.191068529796,0.0129052235845
250,0.705511995278,0.287701583249,0.00678642147327
260,0.75988004111,0.237023805249,0.00309615364111
270,0.689004823068,0.308353937547,0.00264123938521
280,0.745877813217,0.252033445145,0.00208874163793
290,0.71414829701,0.284033059952,0.00181864303833
300,0.726816322804,0.27196511237,0.0012185648267
310,0.675557194969,0.323286143547,0.00115666148376
320,0.781651152836,0.217110956882,0.00123789028171
330,0.74057795527,0.258897156061,0.000524888668959
340,0.693167696289,0.306210249506,0.000622054204777
350,0.737542409816,0.26173265745,0.000724932734375
360,0.691477622411,0.307917161196,0.000605216393099
370,0.741355345683,0.257876312016,0.00076834230091
380,0.707496236467,0.291993724331,0.000510039201782
390,0.704354927896,0.295090588262,0.000554483842242
400,0.673492646524,0.325863009727,0.000644343749666
410,0.715239830764,0.28418286281,0.000577306425966
420,0.66516276836,0.334297653801,0.000539577838978
430,0.743896656718,0.255418179847,0.00068516343559
440,0.736827484493,0.262526961376,0.000645554130966
450,0.697067933417,0.302439988135,0.000492078447756
460,0.652529033254,0.346837244404,0.000633722342291
470,0.724465496385,0.274907351314,0.000627152301081
480,0.701356622454,0.29797705639,0.00066632115601
490,0.688946367417,0.310493642707,0.000559989876435
500,0.998553119566,0.000659223501685,0.000787656932167
510,0.998505672133,0.000894276590326,0.000600051276547
520,0.998447111854,0.00088444158003,0.000668446566454
530,0.998421181264,0.000690855366597,0.000887963369502
540,0.675139394239,0.324381139055,0.000479466706687
550,0.744115562901,0.255493341656,0.000391095442332
560,0.998750089176,0.000643074039998,0.000606836784042
570,0.998547029004,0.000739560825068,0.000713410171342
580,0.998585470243,0.000755284898302,0.000659244858913
590,0.998617681713,0.000644920648337,0.00073739763855
600,0.998169955574,0.00109518528388,0.000734859141744
610,0.998491982074,0.000786035063775,0.000721982862048
620,0.998419790443,0.000858278894521,0.000721930662209
630,0.747109095686,0.252449497691,0.000441406623135
640,0.766367230689,0.233145207659,0.000487561651605
650,0.730271558684,0.26918973436,0.000538706955988
660,0.720611966988,0.278969039228,0.000418993783852
670,0.703622695551,0.295965315079,0.000411989369838
680,0.651498769508,0.348025414701,0.000475815791574
690,0.693748794057,0.305854630932,0.000396575010886
700,0.72077883511,0.278754744375,0.000466420515873
710,0.708117045936,0.291374505185,0.000508448879323
720,0.748429037402,0.251131421303,0.00043954129508
730,0.732598669703,0.266826339915,0.000574990381866
740,0.756640127638,0.242957795597,0.000402076764384
750,0.711329877046,0.288050636049,0.000619486905277
760,0.747323937004,0.252269697082,0.00040636591441
770,0.736211741957,0.26335890778,0.000429350262802
780,0.743159136741,0.256443970751,0.000396892507522
790,0.711648700802,0.287891706954,0.000459592244274
800,0.740063674418,0.259494687155,0.000441638426624
810,0.727969138897,0.271580516112,0.000450344990526
820,0.678030111314,0.321562426971,0.000407461715227
830,0.674287593749,0.325270361114,0.000442045136589
840,0.73793905902,0.261611674358,0.000449266621954
850,0.762969732661,0.236563899983,0.000466367355748
860,0.676285857684,0.32331137012,0.000402772196157
870,0.70156183079,0.298064240817,0.000373928392608
880,0.695009731835,0.304577584594,0.000412683570877
890,0.756078653502,0.24326354666,0.000657799838851
900,0.663921522998,0.335346375453,0.000732101549539
910,0.769110762386,0.230265961094,0.000623276519867
920,0.649190441191,0.350277645039,0.000531913770422
930,0.713062146424,0.28645131127,0.000486542305864
940,0.785969588772,0.213346605824,0.000683805403633
950,0.771406910743,0.227970447525,0.00062264173142
960,0.690839335725,0.30855721465,0.000603449625165
970,0.726448946465,0.272917133077,0.000633920458157
980,0.742132852801,0.25711623889,0.000750908309444
990,0.75218119002,0.24689847978,0.000920330199441
1000,0.776141378324,0.223036334274,0.000822287401767
1010,0.735318685467,0.264093706997,0.000587607536367
1020,0.76723052167,0.232011585049,0.000757893280595
1030,0.721694306856,0.277716733933,0.000588959211312
1040,0.750401532814,0.248789819185,0.000808648001641
1050,0.714047670468,0.285416559511,0.000535770021405
1060,0.740224159882,0.259291538283,0.000484301834852
1070,0.722502480678,0.276917839377,0.000579679945093
1080,0.744040678705,0.255467630041,0.000491691254496
1090,0.702991428664,0.296588216174,0.000420355162192
1100,0.786270584129,0.21321498753,0.000514428341064
1110,0.785472117708,0.214066124617,0.000461757674688
1120,0.733248153877,0.266262906277,0.000488939846741
1130,0.709183923673,0.290358075869,0.000458000458254
1140,0.777246452644,0.222239912424,0.000513634931921
1150,0.785508597859,0.214076066618,0.000415335522833
1160,0.710581281093,0.288900789672,0.000517929234414
1170,0.754949628647,0.244606557018,0.000443814334299
1180,0.73713711935,0.262374776305,0.000488104344916
1190,0.703830320272,0.295756743741,0.000412935986157
1200,0.721605839344,0.277960512138,0.000433648518127
1210,0.775304019676,0.224136498795,0.000559481529595
1220,0.725897098345,0.27352916899,0.000573732664159
1230,0.733031094926,0.266450403325,0.000518501749294
1240,0.732468617035,0.267045884671,0.000485498294726
1250,0.690354774003,0.309267200779,0.000378025218747
1260,0.665478457255,0.334122023656,0.000399519088694
1270,0.743087296635,0.256419180688,0.000493522676862
1280,0.716565510546,0.2830064459,0.000428043554561
1290,0.724006349585,0.275558559312,0.000435091103056
1300,0.729731009233,0.269798662324,0.000470328442612
1310,0.707325232953,0.292215217917,0.000459549130357
1320,0.732695448706,0.266861588664,0.000442962629392
1330,0.670103691188,0.32945259147,0.000443717341899
1340,0.705803836301,0.293634955125,0.000561208573728
1350,0.707199975604,0.292163470712,0.000636553683281
1360,0.693502131788,0.306051783178,0.000446085033843
1370,0.669845338609,0.329655064215,0.000499597176554
1380,0.703433992124,0.296181974555,0.000384033321402
1390,0.806506699593,0.193004249062,0.000489051344779
1400,0.746469957437,0.252991368517,0.000538674046547
1410,0.676871579445,0.322622066143,0.000506354412097
1420,0.681267919441,0.318287686838,0.000444393720946
1430,0.712637869113,0.286854005281,0.000508125605997
1440,0.715545492736,0.283736269647,0.000718237617361
1450,0.797142064288,0.202154632444,0.0007033032685
1460,0.717974156472,0.281584780029,0.000441063498942
1470,0.729674671615,0.269777832986,0.000547495399255
1480,0.792242247749,0.207237859526,0.000519892725094
1490,0.759567479144,0.24002645943,0.00040606142606
1500,0.675625724777,0.323966223254,0.000408051968524
1510,0.664927965044,0.334513993089,0.000558041867276
1520,0.690992291834,0.308625531129,0.000382177036506
1530,0.698963320726,0.300545232547,0.000491446727396
1540,0.703784972343,0.295737688075,0.000477339582918
1550,0.731014825365,0.268388012285,0.000597162349995
1560,0.693100657508,0.30648696857,0.000412373922467
1570,0.743091308586,0.256420565102,0.000488126311753
1580,0.722808955504,0.276758406982,0.000432637514155
1590,0.734450853774,0.265104233402,0.000444912823722
1600,0.700061505308,0.29951610705,0.000422387641813
1610,0.732903352286,0.266670507207,0.000426140506735
1620,0.73187131737,0.267629805425,0.000498877204124
1630,0.767281223721,0.23225906039,0.000459715889561
1640,0.709793050029,0.289736951836,0.00046999813551
1650,0.733167471071,0.266233608094,0.000598920835492
1660,0.678474725653,0.321130386218,0.000394888129067
1670,0.741807033211,0.257517877863,0.000675088926575
1680,0.768619798525,0.2308103637,0.000569837775529
1690,0.712515430414,0.28709166891,0.0003929006762
1700,0.720838400546,0.278777780772,0.000383818681989
1710,0.686932680592,0.312697508589,0.000369810819413
1720,0.801540869565,0.197855301317,0.000603829118237
1730,0.75054560732,0.248837585972,0.000616806707864
1740,0.750749148937,0.248656287962,0.000594563101258
1750,0.770862089047,0.22872250146,0.000415409492943
1760,0.688403226361,0.311181004551,0.000415769088348
1770,0.726327619283,0.273144560114,0.000527820602641
1780,0.731011319099,0.268386724979,0.000601955921794
1790,0.723183468329,0.276348555102,0.000467976569148
1800,0.720330963216,0.279139254543,0.000529782241227
1810,0.718967289162,0.280567927601,0.000464783237394
1820,0.732466119024,0.267044973938,0.000488907037926
1830,0.737557045586,0.261999720029,0.000443234384222
1840,0.717790968928,0.281794588807,0.000414442264769
1850,0.671833659784,0.327671237098,0.000495103117365
1860,0.716537631687,0.282995435188,0.000466933125134
1870,0.688794965281,0.310735989621,0.000469045098496
1880,0.725591844363,0.273961520087,0.000446635550088
1890,0.701944019448,0.297630759594,0.000425220958192
1900,0.702087872102,0.297394211493,0.000517916405094
1910,0.739109400969,0.26045912763,0.000431471400114
1920,0.740261504387,0.259304619609,0.000433876003502
1930,0.672557414178,0.327041633405,0.000400952417657
1940,0.674938277424,0.324608956083,0.000452766493103
1950,0.678905454908,0.320692229372,0.000402315720671
1960,0.706838611951,0.292598794377,0.000562593671419
1970,0.740764159401,0.258703417975,0.000532422624118
1980,0.754391168438,0.245159991639,0.000448839922216
1990,0.727394378654,0.272181413269,0.000424208077428
2000,0.749387389369,0.249948790425,0.000663820205236
