episode,omega2,omega3,omega4,omega
1,0.25,0.25,0.25,0.25
2,0.25,0.25,0.25,0.25
3,0.25,0.25,0.25,0.25
4,0.25,0.25,0.25,0.25
5,0.25,0.25,0.25,0.25
6,0.25,0.25,0.25,0.25
7,0.25,0.25,0.25,0.25
8,0.25,0.25,0.25,0.25
9,0.25,0.25,0.25,0.25
10,0.25,0.25,0.25,0.25
11,0.25,0.25,0.25,0.25
12,0.25,0.25,0.25,0.25
13,0.25,0.25,0.25,0.25
14,0.25,0.25,0.25,0.25
15,0.25,0.25,0.25,0.25
16,0.25,0.25,0.25,0.25
17,0.25,0.25,0.25,0.25
18,0.25,0.25,0.25,0.25
19,0.25,0.25,0.25,0.25
20,0.25,0.25,0.25,0.25
21,0.25,0.25,0.25,0.25
22,0.25,0.25,0.25,0.25
23,0.25,0.25,0.25,0.25
24,0.25,0.25,0.25,0.25
25,0.25,0.25,0.25,0.25
26,0.25,0.25,0.25,0.25
27,0.25,0.25,0.25,0.25
28,0.25,0.25,0.25,0.25
29,0.25,0.25,0.25,0.25
30,0.25,0.25,0.25,0.25
31,0.243452937725,0.243452937725,0.243452937725,0.269641186826
32,0.243229200944,0.243229200944,0.243229200944,0.270312397167
33,0.243005113864,0.243005113864,0.243005113864,0.270984658408
34,0.242780676963,0.242780676963,0.242780676963,0.271657969112
35,0.242555890726,0.242555890726,0.242555890726,0.272332327823
36,0.243639117109,0.243639117109,0.243639117109,0.269082648672
37,0.243452937725,0.243452937725,0.243452937725,0.269641186826
38,0.243266514747,0.243266514747,0.243266514747,0.27020045576
39,0.244090251241,0.244090251241,0.244090251241,0.267729246276
40,0.243931191906,0.243931191906,0.243931191906,0.268206424283
41,0.243771953095,0.243771953095,0.243771953095,0.268684140714
42,0.243612534979,0.243612534979,0.243612534979,0.269162395064
43,0.244288822771,0.244288822771,0.244288822771,0.267133531686
44,0.244149852188,0.244149852188,0.244149852188,0.267550443437
45,0.244010744018,0.244010744018,0.244010744018,0.267967767945
46,0.243871498375,0.243871498375,0.243871498375,0.268385504875
47,0.24373211537,0.24373211537,0.24373211537,0.268803653891
48,0.272049373444,0.234428406032,0.234428406032,0.259093814491
49,0.272526623505,0.234097175781,0.234097175781,0.259279024933
50,0.273822771748,0.234466896593,0.234466896593,0.257243435065
51,0.274319371208,0.234149472462,0.234149472462,0.257381683867
52,0.274816367172,0.233832049125,0.233832049125,0.257519534577
53,0.276009997874,0.234105161513,0.234105161513,0.2557796791
54,0.276522801748,0.233798574018,0.233798574018,0.255880050216
55,0.277036061046,0.233491968879,0.233491968879,0.255980001195
56,0.277549774568,0.233185347052,0.233185347052,0.256079531327
57,0.275844506234,0.233594644266,0.233594644266,0.256966205235
58,0.276317011062,0.233301135793,0.233301135793,0.257080717353
59,0.274766943222,0.233659385088,0.233659385088,0.257914286603
60,0.273380157777,0.233964384648,0.233964384648,0.258691072928
61,0.272130292221,0.234224713141,0.234224713141,0.259420281496
62,0.272505364847,0.23396190464,0.23396190464,0.259570825873
63,0.272880628588,0.233699111964,0.233699111964,0.259721147484
64,0.273946994173,0.23402656528,0.23402656528,0.257999875267
65,0.274918401399,0.234270008224,0.234270008224,0.256541582152
66,0.275817242006,0.234449093666,0.234449093666,0.255284570662
67,0.27622451488,0.234209027082,0.234209027082,0.255357430956
68,0.27663208102,0.233968945718,0.233968945718,0.255430027543
69,0.275340715476,0.234278199548,0.234278199548,0.256102885429
70,0.275722354687,0.234046402767,0.234046402767,0.256184839779
71,0.276566904198,0.234206395784,0.234206395784,0.255020304233
72,0.276956438836,0.233979904462,0.233979904462,0.255083752241
73,0.277758787812,0.23410109859,0.23410109859,0.254039015008
74,0.278155276413,0.233879144633,0.233879144633,0.254086434322
75,0.278923241185,0.23396853085,0.23396853085,0.253139697114
76,0.279657574242,0.2340280326,0.2340280326,0.252286360558
77,0.280364037707,0.234062668451,0.234062668451,0.251510625391
78,0.281047165688,0.234076387565,0.234076387565,0.250800059183
79,0.279683436361,0.234447060528,0.234447060528,0.251422442583
80,0.278441452788,0.234777822805,0.234777822805,0.252002901603
81,0.278812487309,0.234583639196,0.234583639196,0.252020234299
82,0.279183788203,0.234389424741,0.234389424741,0.252037362316
83,0.27955535511,0.234195179689,0.234195179689,0.252054285513
84,0.279927187665,0.234000904292,0.234000904292,0.252071003752
85,0.280565008503,0.234028246852,0.234028246852,0.251378497793
86,0.279331814448,0.234359648771,0.234359648771,0.251948888011
87,0.279687756764,0.234174164409,0.234174164409,0.251963914419
88,0.278537026,0.234478406025,0.234478406025,0.252506161951
89,0.27912601038,0.234509632382,0.234509632382,0.251854724857
90,0.26942769636,0.225913963188,0.225913963188,0.278744377264
91,0.268239015963,0.2260776295,0.2260776295,0.279605725037
92,0.2684347892,0.225813178518,0.225813178518,0.279938853764
93,0.267311580342,0.225955487638,0.225955487638,0.280777444383
94,0.268208503112,0.226299836141,0.226299836141,0.279191824605
95,0.268397884098,0.226046278955,0.226046278955,0.279509557991
96,0.267326212593,0.226182015405,0.226182015405,0.280309756597
97,0.267501467719,0.225932473371,0.225932473371,0.28063358554
98,0.267676559455,0.225682972025,0.225682972025,0.280957496496
99,0.267851487358,0.225433511863,0.225433511863,0.281281488915
100,0.268727984341,0.225773659477,0.225773659477,0.279724696705
101,0.269561626725,0.226075973538,0.226075973538,0.278286426199
102,0.268503872364,0.226224088565,0.226224088565,0.279047950505
103,0.268681324216,0.225989896992,0.225989896992,0.2793388818
104,0.268858649898,0.225755743442,0.225755743442,0.279629863218
105,0.269035849037,0.225521628324,0.225521628324,0.279920894314
106,0.269212921259,0.225287552049,0.225287552049,0.280211974644
107,0.268171189721,0.225428910066,0.225428910066,0.280970990146
108,0.267190607885,0.225550848158,0.225550848158,0.281707695798
109,0.267344157083,0.225323423131,0.225323423131,0.282008996654
110,0.267497562034,0.225096031782,0.225096031782,0.282310374402
111,0.266551000346,0.225206376141,0.225206376141,0.283036247372
112,0.2656555679,0.225300482091,0.225300482091,0.283743467918
113,0.264806488919,0.225379851476,0.225379851476,0.28443380813
114,0.264930135105,0.225160759773,0.225160759773,0.284748345349
115,0.265053618628,0.224941694006,0.224941694006,0.285062993359
116,0.265176939208,0.224722654515,0.224722654515,0.285377751762
117,0.265300096566,0.224503641639,0.224503641639,0.285692620155
118,0.265423090423,0.224284655719,0.224284655719,0.28600759814
119,0.264572774997,0.224362582265,0.224362582265,0.286702060473
120,0.265407923588,0.224756586028,0.224756586028,0.285078904356
121,0.265529064383,0.224545250078,0.224545250078,0.285380435462
122,0.264708918442,0.224621444324,0.224621444324,0.286048192909
123,0.265504968777,0.224991388182,0.224991388182,0.284512254858
124,0.264720701994,0.225063739506,0.225063739506,0.285151818993
125,0.26397219195,0.225124723409,0.225124723409,0.285778361232
126,0.264724063371,0.225476296973,0.225476296973,0.284323342684
127,0.264006298977,0.225534459863,0.225534459863,0.284924781297
128,0.264109566317,0.225340826602,0.225340826602,0.285208780478
129,0.24838539382,0.211660070614,0.211660070614,0.328294464952
130,0.248338865359,0.211356061407,0.211356061407,0.328949011826
131,0.249504788174,0.212083084536,0.212083084536,0.326329042754
132,0.249468706476,0.211787514591,0.211787514591,0.326956264343
133,0.249432122497,0.211491926263,0.211491926263,0.327584024977
134,0.249395036173,0.211196320535,0.211196320535,0.328212322756
135,0.25052948593,0.211891981141,0.211891981141,0.325686551789
136,0.250502209289,0.211604240511,0.211604240511,0.326289309689
137,0.251588107792,0.212256034818,0.212256034818,0.323899822571
138,0.251570008682,0.211975630023,0.211975630023,0.324478731271
139,0.250719631966,0.21193049934,0.21193049934,0.325419369353
140,0.250694662383,0.211651455167,0.211651455167,0.326002427283
141,0.250669248598,0.211372401743,0.211372401743,0.326585947916
142,0.251729730289,0.212008261635,0.212008261635,0.324253746442
143,0.251712962235,0.211736098663,0.211736098663,0.324814840439
144,0.252731445923,0.212334057991,0.212334057991,0.322600438094
145,0.252722800626,0.212068348856,0.212068348856,0.323140501662
146,0.252713759011,0.211802639817,0.211802639817,0.323680961356
147,0.252704320951,0.211536931562,0.211536931562,0.324221815925
148,0.252694486321,0.211271224785,0.211271224785,0.324763064109
149,0.252684254999,0.211005520177,0.211005520177,0.325304704647
150,0.251817894977,0.210981127701,0.210981127701,0.326219849621
151,0.252830294838,0.211577950796,0.211577950796,0.324013803569
152,0.253797469187,0.212135258612,0.212135258612,0.321932013588
153,0.253796485739,0.211882676471,0.211882676471,0.322438161319
154,0.252956830636,0.211867853275,0.211867853275,0.323307462815
155,0.252949668383,0.211616546838,0.211616546838,0.323817237942
156,0.24684561504,0.206270812694,0.230373308384,0.316510263883
157,0.246005456143,0.206216202207,0.23047658223,0.317301759421
158,0.246873182312,0.206709670137,0.231192880396,0.315224267155
159,0.246061740285,0.206654351378,0.231295858964,0.315988049373
160,0.246191090835,0.206534711254,0.230619154669,0.316655043242
161,0.246312632786,0.206408539852,0.229965529405,0.317313297957
162,0.245519738053,0.206349333289,0.230054903859,0.318076024799
163,0.246365569818,0.206836810107,0.230754192708,0.316043427366
164,0.246483974681,0.206712940684,0.230121263738,0.316681820897
165,0.246112076013,0.206178350055,0.231019052839,0.316690521093
166,0.246068848561,0.205919716886,0.230889360019,0.317122074533
167,0.246893852361,0.206387186605,0.231574090396,0.315144870638
168,0.246856410185,0.206133237026,0.23144963893,0.315560713858
169,0.246818743221,0.20587940768,0.231325038347,0.315976810753
170,0.246028013187,0.205831220562,0.23143137228,0.316709393971
171,0.246829224266,0.206283668546,0.232101034328,0.31478607286
172,0.246063768791,0.206234658231,0.232206904634,0.315494668344
173,0.246188619459,0.20612634216,0.231571148219,0.316113890162
174,0.246306772322,0.20601242791,0.2309551666,0.316725633168
175,0.246418684217,0.20589331464,0.230357551075,0.317330450068
176,0.2472084043,0.206339980929,0.231006300335,0.315445314436
177,0.247966466349,0.206759108851,0.231624940851,0.313649483948
178,0.248695187834,0.207152712375,0.232215671205,0.311936428586
179,0.247941420091,0.20712011526,0.232328993534,0.312609471115
180,0.248642085123,0.207495613136,0.232900425681,0.31096187606
181,0.247911383898,0.207461620127,0.233012574966,0.311614421009
182,0.248585743405,0.207820192472,0.233565970258,0.310028093864
183,0.248562727351,0.207595416174,0.233463942973,0.310377913502
184,0.247849930843,0.207561044394,0.233575955764,0.311013069
185,0.248503807428,0.207906990808,0.234116277969,0.309472923795
186,0.248480962889,0.207686451949,0.234018890781,0.309813694381
187,0.249116167348,0.208015625766,0.234541090553,0.308327116333
188,0.248419677454,0.207985749165,0.234658770303,0.308935803078
189,0.249032591586,0.208300922674,0.235166056411,0.307500429329
190,0.249175870092,0.208222860898,0.23457858548,0.308022683529
191,0.249773885906,0.208524398216,0.235066473838,0.30663524204
192,0.249916338716,0.208445208289,0.234496951685,0.30714150131
193,0.24923262214,0.208421642738,0.234615054744,0.307730680377
194,0.249215117803,0.208212990477,0.234524738279,0.308047153441
195,0.24456642203,0.222722762,0.230077628619,0.302633187351
196,0.244624365497,0.222278452236,0.230059706381,0.303037475886
197,0.243939296414,0.222326222654,0.230149755704,0.303584725227
198,0.243991023934,0.221890578556,0.23013022709,0.30398817042
199,0.24454658284,0.222288654403,0.230585758144,0.302579004614
200,0.245083708717,0.222669547872,0.231023622926,0.301223120486
201,0.245140720423,0.222244883112,0.231008771041,0.301605625424
202,0.245259941937,0.222243984809,0.230430855127,0.302065218127
203,0.244583550821,0.222295010817,0.230525245907,0.302596192455
204,0.244694464366,0.22229064247,0.229962329054,0.30305256411
205,0.245226063931,0.222668216507,0.23039143873,0.301714280832
206,0.245740849596,0.223030123703,0.230804472486,0.300424554215
207,0.24580177383,0.222613441887,0.230791087143,0.30079369714
208,0.246304362081,0.222961344196,0.231192253935,0.299542039787
209,0.235343202356,0.21293655731,0.265237872814,0.28648236752
210,0.235658746993,0.213119521625,0.264083936106,0.287137795276
211,0.23606023792,0.213379949429,0.264678036318,0.285881776332
212,0.236070457973,0.212940811727,0.264833761585,0.286154968715
213,0.235365525108,0.212949167116,0.265118035662,0.286567272114
214,0.223797648464,0.202387451516,0.252229449972,0.321585450047
215,0.224012228656,0.202485886168,0.251059772514,0.322442112663
216,0.223283800685,0.20242705552,0.251239139982,0.323050003814
217,0.223854480286,0.202851884221,0.25201950397,0.321274131522
218,0.224062201787,0.202947528914,0.250879680473,0.322110588826
219,0.224620111924,0.203360087896,0.251635425087,0.320384375093
220,0.225159294391,0.203755281031,0.252370898216,0.318714526362
221,0.22511134926,0.20328735076,0.252448641753,0.319152658227
222,0.225322659541,0.203383880427,0.251333937912,0.31995952212
223,0.224604651877,0.203336805895,0.25151656756,0.320541974668
224,0.223903759308,0.203284943917,0.251693388938,0.321117907837
225,0.224100401735,0.203375352979,0.250604191536,0.32192005375
226,0.223414044767,0.203320880062,0.250770737898,0.322494337273
227,0.223950960272,0.203724159244,0.25150248315,0.320822397334
228,0.224141677936,0.20381226695,0.250439324234,0.321606730881
229,0.223469016891,0.203759364231,0.250601652952,0.322169965927
230,0.22341811961,0.203297570423,0.250670530266,0.322613779701
231,0.222758228877,0.203239854275,0.250828695653,0.323173221195
232,0.22211253477,0.203178162729,0.250982029866,0.323727272635
233,0.221480333965,0.203112692402,0.251130762534,0.324276211099
234,0.221656444462,0.203198358432,0.250077369147,0.325067827958
235,0.222191331075,0.203612709166,0.250810669274,0.323385290485
236,0.221570790367,0.203549170637,0.250955888004,0.323924150991
237,0.221741854292,0.203632796649,0.249926813042,0.324698536017
238,0.221132418436,0.203567411379,0.250063525882,0.325236644303
239,0.221655915428,0.203978080812,0.250785584194,0.323580419566
240,0.2221625783,0.204372952522,0.251489268239,0.32197520094
241,0.222653235996,0.204752805197,0.252175487721,0.320418471086
242,0.222830580127,0.204844343895,0.251164649836,0.321160426142
243,0.223311371284,0.205214649976,0.251831621704,0.319642357036
244,0.222712942739,0.205161717737,0.251979721038,0.320145618486
245,0.222885294508,0.205251141728,0.250991365177,0.320872198587
246,0.222843814633,0.204797422551,0.251066825796,0.321291937021
247,0.223318288129,0.205162741726,0.251723881902,0.319795088244
248,0.223277638204,0.204717839488,0.251800589601,0.320203932707
249,0.22344914439,0.204803119187,0.25082974827,0.320917988152
250,0.223407545119,0.204365551317,0.250899966552,0.321326937011
251,0.223363767012,0.203935227855,0.250967747686,0.321733257446
252,0.223529458411,0.204012233791,0.250016067799,0.322442239998
253,0.223687121963,0.204081832429,0.249090035397,0.323141010211
254,0.224171690268,0.204449497692,0.249736210528,0.321642601512
255,0.223572987451,0.204403307781,0.249877325828,0.322146378941
256,0.223726570611,0.204471546552,0.248970287222,0.322831595615
257,0.21225511815,0.193918933612,0.23630352722,0.357522421018
258,0.211633050866,0.193816697044,0.236361386952,0.358188865138
259,0.199870791846,0.182982021163,0.223320768356,0.393826418635
260,0.199865506953,0.182914581865,0.222367267103,0.394852644079
261,0.199853968887,0.182841446421,0.221435427563,0.39586915713
262,0.199698158493,0.182350006319,0.22135007513,0.396601760058
263,0.200473796951,0.182994534617,0.222297467707,0.394234200725
264,0.200463315607,0.182921263659,0.221382992519,0.395232428215
265,0.200310942342,0.182438125898,0.22129822595,0.39595270581
266,0.20015677809,0.181961320317,0.221211384452,0.396670517141
267,0.200926077428,0.182595003906,0.222145434383,0.394333484283
268,0.191921090018,0.174348852273,0.256113606416,0.377616451293
269,0.192570207041,0.174875631293,0.257257694392,0.375296467274
270,0.19270374516,0.174933973051,0.25586935376,0.376492928029
271,0.193340526061,0.175448923273,0.256985570246,0.374224980421
272,0.193958280836,0.175946221287,0.258078540393,0.372016957484
273,0.194096353179,0.176008159026,0.256717920399,0.373177567396
274,0.19470288262,0.176494677445,0.257785008885,0.37101743105
275,0.195291788881,0.176964853865,0.258830663956,0.368912693298
276,0.195136721148,0.176495648977,0.258891154586,0.369476475289
277,0.195280019388,0.176560782967,0.257552066316,0.370607131329
278,0.183275768741,0.165646751254,0.241962360263,0.409115119742
279,0.183988214413,0.166229965178,0.243146655688,0.406635164721
280,0.184681208522,0.166795163522,0.244307352372,0.404216275583
281,0.185355488005,0.167343031098,0.245445351791,0.401856129105
282,0.185426919133,0.167346410322,0.244103127228,0.403123543318
283,0.18474415478,0.167160099591,0.244159170151,0.403936575477
284,0.184072811974,0.166971278342,0.244211250694,0.404744658991
285,0.18387708684,0.166485968212,0.244195396853,0.405441548096
286,0.184545362994,0.167032592676,0.245327839012,0.403094205318
287,0.183884530923,0.166844868544,0.245382868627,0.403887731907
288,0.18369013885,0.166366721526,0.245370865028,0.404572274596
289,0.183494420008,0.165894173399,0.245356813164,0.405254593428
290,0.184153043029,0.166431342306,0.246486006384,0.402929608281
291,0.183501321973,0.16624441436,0.246543966044,0.403710297624
292,0.184143278491,0.166769194922,0.247658541516,0.401428985071
293,0.183502469478,0.166583625002,0.24771936063,0.402194544891
294,0.183583045457,0.166601572753,0.246361464639,0.403453917151
295,0.183654963661,0.166611636013,0.245035323554,0.404698076772
296,0.183464687534,0.166146978175,0.24502164391,0.405366690381
297,0.182830990601,0.165960816066,0.245069615398,0.406138577934
298,0.182638478438,0.165501152753,0.245054002886,0.406806365923
299,0.183285239708,0.166032136423,0.246165323999,0.40451729987
300,0.183095041737,0.165579105361,0.246153395919,0.405172456983
301,0.183728638056,0.166096219168,0.247249810503,0.402925332273
302,0.183806453841,0.166110693107,0.245930325619,0.404152527434
303,0.183619242196,0.165664031779,0.245917606526,0.404799119498
304,0.184246447529,0.166173274869,0.246996420566,0.402583857036
305,0.184323056867,0.166185734208,0.245699666138,0.403791542787
306,0.184940756752,0.166685847005,0.246756238133,0.40161715811
307,0.184759750942,0.166246838964,0.246747912207,0.402245497887
308,0.185365410532,0.166734271357,0.247790940539,0.400109377573
309,0.185956273959,0.16720804325,0.248815923536,0.398019759254
310,0.186532841348,0.167668618148,0.249823477216,0.395975063288
311,0.187095591189,0.168116439481,0.250814191025,0.393973778305
312,0.187644981447,0.168551931646,0.251788629195,0.392014457713
313,0.18747815822,0.168124220964,0.251802736934,0.392594883882
314,0.186851643877,0.167965519014,0.251890955457,0.393291881652
315,0.187391200291,0.168393202745,0.252859497597,0.391356099367
316,0.187501461867,0.168434934885,0.251557769308,0.392505833941
317,0.188033961753,0.168855792015,0.252507660236,0.390602585997
318,0.187871437143,0.168434765841,0.252524897319,0.391168899697
319,0.188394398963,0.168845444647,0.253464194095,0.389295962295
320,0.188905419726,0.169245122258,0.254388943959,0.387460514057
321,0.188287839557,0.169096187481,0.254489981507,0.388125991454
322,0.188406063592,0.16914552721,0.253199816902,0.389248592296
323,0.188910915308,0.169541801299,0.254112170421,0.387435112971
324,0.189404458432,0.169927644384,0.255010764351,0.385657132834
325,0.189887042724,0.170303380524,0.255896029885,0.383913546866
326,0.18973632321,0.169891972743,0.255928469452,0.384443234595
327,0.190210748301,0.170258894658,0.256804763396,0.382725593644
328,0.190674822911,0.170616285914,0.25766846756,0.381040423615
329,0.191128858322,0.170964434534,0.258519966152,0.379386740992
330,0.190519714452,0.170829353668,0.258641576817,0.380009355063
331,0.190374138573,0.170424963406,0.258684191697,0.380516706324
332,0.190820701876,0.170767439301,0.259532020834,0.378879837989
333,0.190966795329,0.170840862876,0.258235915964,0.379956425831
334,0.190823305169,0.170441672808,0.258276536415,0.380458485608
335,0.19126740233,0.1707803973,0.259113031203,0.378839169166
336,0.191702148571,0.17111052594,0.259938154415,0.377249171073
337,0.192127814845,0.171432309117,0.260752240879,0.375687635159
338,0.192544661925,0.171745987803,0.261555612869,0.374153737403
339,0.192408933345,0.171354369163,0.261608920533,0.374627776959
340,0.192819302239,0.171660965918,0.262405285818,0.373114446025
341,0.192684652788,0.171274191488,0.262460500267,0.373580655457
342,0.192549030289,0.170891323667,0.262514271523,0.374045374522
343,0.192955115605,0.171191818881,0.263307139669,0.372545925845
344,0.192349326449,0.171070264052,0.263451623278,0.373128786221
345,0.192517421156,0.171161249327,0.262144324043,0.374177005474
346,0.192382744115,0.170782847317,0.262196130482,0.374638278086
347,0.192247154685,0.170408115945,0.262246574039,0.375098155331
348,0.191648510572,0.17028496184,0.262383754266,0.375682773321
349,0.19205447056,0.170587555657,0.263177700903,0.37418027288
350,0.191919019611,0.170217003456,0.263230287726,0.374633689207
351,0.192318774533,0.170512915613,0.264017490869,0.373150818986
352,0.192710562264,0.170801542784,0.264794956695,0.371692938257
353,0.192885096248,0.170897463107,0.263490981393,0.372726459252
354,0.192753485452,0.170532030759,0.263544630658,0.373169853132
355,0.192621038095,0.170169961082,0.263597023143,0.37361197768
356,0.192788888175,0.170258633331,0.262314474754,0.37463800374
357,0.193185267902,0.17054897457,0.263081915269,0.373183842258
358,0.193349306066,0.170634046328,0.261824497884,0.374192149721
359,0.224793737007,0.16375143048,0.251565189724,0.359889642789
360,0.225328111611,0.163995494762,0.252242471822,0.358433921806
361,0.225278438899,0.163636861996,0.252266140381,0.358818558723
362,0.225552819787,0.163690740386,0.251036035617,0.35972040421
363,0.225503089313,0.163335384904,0.251055117261,0.360106408522
364,0.226038354089,0.16357727942,0.251725663057,0.358658703435
365,0.22598987804,0.163225684927,0.251746313767,0.359038123265
366,0.226262376581,0.163276494724,0.250532608094,0.359928520601
367,0.226213865487,0.162928002918,0.250548827138,0.360309304456
368,0.225210388228,0.162912557713,0.250819818098,0.361057235961
369,0.224227575584,0.162892387081,0.251083816088,0.361796221247
370,0.223264622814,0.16286767875,0.251341085411,0.362526613025
371,0.223208206189,0.162522108508,0.251358250073,0.362911435229
372,0.22315093374,0.162179381068,0.251374435781,0.36329524941
373,0.223410293745,0.162228262439,0.250165835162,0.364195608654
374,0.223949206754,0.162479761299,0.250845551246,0.362725480701
375,0.222996738932,0.162454342782,0.251098492579,0.363450425707
376,0.223525509058,0.162701695765,0.251773784822,0.361999010356
377,0.223470248916,0.162363214986,0.251791433926,0.362375102171
378,0.223414173351,0.162027438276,0.251808149812,0.362750238561
379,0.257616109063,0.154678206944,0.240667946903,0.347037737091
380,0.256260249866,0.154747190072,0.241057031192,0.34793552887
381,0.256932462808,0.154946765787,0.241650364838,0.346470406567
382,0.255601814525,0.155012024293,0.24203503477,0.347351126411
383,0.255981357791,0.155038557356,0.240833021523,0.348147063329
384,0.256352301592,0.155059552516,0.239655794025,0.348932351867
385,0.256381567399,0.154724190443,0.239641010128,0.349253232029
386,0.254987658191,0.15368072935,0.238296209796,0.353035402663
387,0.253670181928,0.153738894052,0.238658152116,0.353932771904
388,0.253287340646,0.153307846089,0.238260309929,0.355144503336
389,0.25396202234,0.153516917042,0.238857212575,0.353663848044
390,0.254317274041,0.153532347011,0.237689405359,0.354460973589
391,0.2543388927,0.153199016737,0.237668294335,0.354793796229
392,0.253034681342,0.153254748205,0.238022615938,0.355687954515
393,0.253378933488,0.153266572634,0.236872297991,0.356482195887
394,0.252097680624,0.153317738448,0.237214671031,0.357369909896
395,0.252769437412,0.153531876451,0.237809944793,0.355888741344
396,0.25343275416,0.153740107676,0.238397089234,0.35443004893
397,0.254087842944,0.153942581685,0.238976307547,0.352993267824
398,0.252822727072,0.153995972911,0.239324829489,0.353856470527
399,0.252841210372,0.153667383942,0.239309250313,0.354182155373
400,0.252858858765,0.15334129293,0.239292880759,0.354506967546
401,0.25161251867,0.153389234301,0.239634820644,0.355363426385
402,0.252257677874,0.153592385123,0.240219974787,0.353929962216
403,0.252894909733,0.15378997826,0.240797434544,0.352517677463
404,0.253524408778,0.153982151255,0.241367387901,0.351126052065
405,0.25388032166,0.154007652347,0.240208765593,0.3519032604
406,0.2545068871,0.154196833873,0.240768598756,0.35052768027
407,0.25485946658,0.154219518811,0.23963018269,0.351290831919
408,0.254883514017,0.153898286044,0.239616425683,0.351601774255
409,0.253639349694,0.153953749842,0.239963679834,0.352443220631
410,0.25241949334,0.154003703495,0.240302808173,0.353273994991
411,0.253039141399,0.154195360042,0.240863740115,0.351901758444
412,0.253651461991,0.154381869511,0.241417559601,0.350549108897
413,0.254256629577,0.154563355492,0.241964435202,0.349215579729
414,0.25460884619,0.154590594193,0.240831756888,0.34996880273
415,0.253400368065,0.154643780753,0.241173353509,0.350782497673
416,0.252214939966,0.154691721949,0.241507216936,0.351586121149
417,0.252553095466,0.154716768529,0.240390722508,0.352339413497
418,0.252571943917,0.154400052619,0.240380141912,0.352647861553
419,0.252903551112,0.154420411114,0.23928242812,0.353393609654
420,0.252922379704,0.154106154387,0.239268549673,0.353702916235
421,0.253531639479,0.154294825923,0.239813153915,0.352360380683
422,0.254133877413,0.154478568011,0.240350968693,0.351036585882
423,0.249914267014,0.151734101113,0.236328904593,0.362022727279
424,0.250224343621,0.151742830046,0.235242473008,0.362790353325
425,0.250848097346,0.151941323973,0.23579446117,0.361416117511
426,0.249658724384,0.151982940996,0.236103634845,0.362254699774
427,0.248491508821,0.152019609383,0.236405500564,0.363083381232
428,0.248792752173,0.152028432088,0.235331521198,0.363847294542
429,0.247643981513,0.152061474364,0.235623647348,0.364670896775
430,0.248256635223,0.152264059462,0.236179105445,0.36330019987
431,0.248862338979,0.152461728124,0.236727820144,0.361948112753
432,0.247729203454,0.152494626362,0.237021309324,0.362754860859
433,0.248325511933,0.152689705595,0.237567486152,0.361417296321
434,0.247210151675,0.152720253627,0.237858279321,0.362211315377
435,0.246114515393,0.152746384655,0.238142532479,0.362996567474
436,0.246699188265,0.152941058005,0.238690156901,0.36166959683
437,0.246998506267,0.152958408029,0.237616081456,0.362427004249
438,0.245916880278,0.152983492113,0.237895272705,0.363204354905
439,0.245918266717,0.152672505138,0.237878561111,0.363530667033
440,0.246499874916,0.152867116882,0.238423060899,0.362209947302
441,0.246794432425,0.152883303488,0.23736142929,0.362960834796
442,0.24737348726,0.153075321643,0.237897279429,0.361653911668
443,0.246300756199,0.153101527668,0.238176014517,0.362421701617
444,0.246303337274,0.152793872493,0.238160435748,0.362742354486
445,0.246875522067,0.152983848512,0.238695588532,0.36144504089
446,0.245816457459,0.15300803073,0.238972633065,0.362202878746
447,0.246380095125,0.153195567339,0.239505380823,0.360918956713
448,0.245336700147,0.153217733114,0.239780157215,0.361665409524
449,0.245629096964,0.153238867685,0.238721075591,0.36241095976
450,0.246188136264,0.15342596123,0.239249157676,0.361136744829
451,0.246477861587,0.153444829648,0.238206886253,0.361870422512
452,0.245444718839,0.15346712946,0.238474458732,0.36261369297
453,0.245999230223,0.153653775032,0.238997955336,0.361349039409
454,0.233890067615,0.145938229976,0.227218911199,0.39295279121
455,0.265147961671,0.139786350216,0.217853536594,0.377212151519
456,0.265891076962,0.139980599569,0.21836958424,0.37575873923
457,0.255753344303,0.13445378144,0.209952846893,0.399840027364
458,0.256016891428,0.134402681363,0.208935961323,0.400644465886
459,0.256810128698,0.134629141032,0.209490148687,0.399070581582
460,0.257595742989,0.134850705036,0.210037586401,0.397515965574
461,0.256249920076,0.13488799231,0.21029858755,0.398563500064
462,0.254927014304,0.1349205795,0.210552562145,0.399599844051
463,0.241468378716,0.127621302738,0.199353917208,0.431556401338
464,0.241659778942,0.127546295788,0.198352282011,0.432441643259
465,0.240359970843,0.127541033949,0.198533351035,0.433565644173
466,0.240318704531,0.127221123981,0.198417495515,0.434042675974
467,0.241159853355,0.127491909456,0.199029961655,0.432318275534
468,0.227524839373,0.120119189046,0.187699589825,0.464656381755
469,0.228417659812,0.120425709421,0.188358508912,0.462798121856
470,0.228544070588,0.120327655394,0.187374850332,0.463753423686
471,0.228466287277,0.120006355747,0.187231770654,0.464295586323
472,0.229358166746,0.120309909598,0.18788309622,0.462448827435
473,0.230241770277,0.120608072257,0.188527060154,0.460623097312
474,0.2311172429,0.120900939719,0.189163790145,0.458818027236
475,0.231984726625,0.121188605929,0.189793411204,0.457033256242
476,0.232844360504,0.121471162835,0.190416045719,0.455268430942
477,0.233696280699,0.121748700428,0.191031813514,0.45352320536
478,0.232391903421,0.121727891492,0.191180007867,0.454700197219
479,0.232842491908,0.121798685397,0.191472314854,0.453886507841
480,0.233677796282,0.122070034324,0.192080582867,0.452171586527
481,0.2345057632,0.122336596727,0.192682292228,0.450475347845
482,0.235326517766,0.122598455437,0.193277553414,0.448797473383
483,0.236140182509,0.122855691548,0.193866474622,0.447137651321
484,0.236946877447,0.123108384456,0.194449161813,0.445495576284
485,0.235645146871,0.123097076067,0.194615394893,0.446642382169
486,0.235591331939,0.1227838944,0.194494060753,0.447130712907
487,0.234308422261,0.122768704561,0.194654523053,0.448268350126
488,0.23510433973,0.123022018027,0.195241241065,0.446632401178
489,0.235893491026,0.123270905525,0.195821866377,0.445013737072
490,0.236449658873,0.123397325776,0.196208687957,0.443944327394
491,0.237226553964,0.123638231348,0.196778278133,0.442356936556
492,0.235952382333,0.123627737872,0.196948275002,0.443471604793
493,0.235901630094,0.12331852297,0.196833463962,0.443946382974
494,0.235850154251,0.123011453176,0.196718107203,0.44442028537
495,0.236622095962,0.123251232927,0.197289352836,0.442837318276
496,0.235360611772,0.123239227174,0.197458089118,0.443942071936
497,0.234119187421,0.123223528307,0.197621044968,0.445036239303
498,0.232897259723,0.123204245041,0.197778378094,0.446120117143
499,0.232840350454,0.122899823049,0.197665032694,0.446594793803
500,0.221871027494,0.116959732135,0.188290917146,0.472878323225
501,0.222669827417,0.11723030636,0.188906682264,0.471193183959
502,0.210479068956,0.110670073525,0.178505677631,0.500345179887
503,0.211310904619,0.110964982951,0.179152222878,0.498571889552
504,0.212136138284,0.111255491658,0.179792728209,0.496815641849
505,0.212954865501,0.111541664936,0.180427280321,0.495076189241
506,0.21303882562,0.111442557988,0.179417522116,0.496101094276
507,0.213117831607,0.111340933577,0.178424746923,0.497116487894
508,0.213938372147,0.111626295894,0.179048830324,0.495386501635
509,0.203696686029,0.106146223498,0.170417529572,0.519739560901
510,0.203561833443,0.105839177801,0.170244917883,0.520354070873
511,0.204406418653,0.10614183168,0.170891252258,0.518560497408
512,0.205244681899,0.106440255143,0.17153182828,0.516783234679
513,0.204043579755,0.106365481428,0.171571471166,0.518019467651
514,0.190763442423,0.0993162571598,0.16035048019,0.549569820227
515,0.190750962627,0.0991834816405,0.159397063209,0.550668492524
516,0.189586716583,0.0990829256864,0.15938250414,0.55194785359
517,0.189421101059,0.0987781226112,0.159189622674,0.552611153656
518,0.190284228383,0.0991030921351,0.159861117995,0.550751561486
519,0.190269310599,0.0989703616238,0.158918722251,0.551841605525
520,0.191130124201,0.0992927537254,0.159582222397,0.549994899677
521,0.189973791094,0.0991939680733,0.15956927194,0.551262968893
522,0.189810523889,0.0988920425736,0.159378670409,0.551918763129
523,0.190664248839,0.0992126008631,0.160041832713,0.550081317585
524,0.190502656105,0.098912926273,0.159852569704,0.550731847918
525,0.190340571231,0.0986151007468,0.159663002815,0.551381325207
526,0.190178004649,0.0983190843304,0.159473141154,0.552029769867
527,0.191032211637,0.0986366662318,0.160135715095,0.550195407036
528,0.18988155736,0.0985396280732,0.160125622682,0.551453191884
529,0.18971930643,0.0982458455198,0.159937062689,0.552097785361
530,0.190566498045,0.0985616435037,0.160599312407,0.550272546045
531,0.191407805725,0.0988734629643,0.161256160038,0.548462571273
532,0.190266851706,0.0987778520719,0.161248977896,0.549706318326
533,0.191099231803,0.0990875801402,0.161903947767,0.54790924029
534,0.191925873942,0.099393422016,0.162553634001,0.546127070041
535,0.192746845646,0.0996954254078,0.163198098512,0.544359630435
536,0.191613765125,0.0996029197104,0.163197220001,0.545586095164
537,0.192426111495,0.0999029329217,0.163839928272,0.543831027311
538,0.193232927112,0.100199196053,0.164477528526,0.542090348309
539,0.194034276902,0.100491754955,0.165110080429,0.540363887713
540,0.192909080339,0.100402253836,0.16511534792,0.541573317905
541,0.193702093207,0.100692918478,0.165746258788,0.539858729527
542,0.19448977388,0.100979963527,0.166372230434,0.538158032158
543,0.19450787326,0.100867079572,0.165403460212,0.539221586957
544,0.195293849717,0.101152041264,0.166022173898,0.537531935121
545,0.196074607869,0.101433465452,0.166636067967,0.535855858712
546,0.194952442284,0.101348864099,0.166649084611,0.537049609007
547,0.193846617089,0.101261937732,0.166658159605,0.538233285575
548,0.194616552802,0.101543301041,0.167273801374,0.536566344783
549,0.195381401534,0.101821201406,0.167884718556,0.534912678504
550,0.183318303839,0.0954210785738,0.157475708925,0.563784908662
551,0.184100553051,0.0957143553449,0.158103917331,0.562081174273
552,0.184082760134,0.0955913505458,0.157157309504,0.563168579816
553,0.184863466299,0.0958826583954,0.157778533926,0.56147534138
554,0.184845138847,0.0957591985876,0.156844940052,0.562550722514
555,0.185624308628,0.0960485499427,0.157459303823,0.560867837607
556,0.175558006146,0.0907319193101,0.148876145715,0.584833928828
557,0.176346243948,0.0910309691711,0.14950017117,0.58312261571
558,0.176295962274,0.0908968457449,0.148595561842,0.584211630139
559,0.175223070663,0.0907853439599,0.148544301236,0.585447284141
560,0.176006801297,0.091084005884,0.149164542611,0.583744650208
561,0.176785968709,0.0913794796972,0.14978053767,0.582054013924
562,0.176736921042,0.0912465365694,0.148884487198,0.58313205519
563,0.176684517805,0.0911120494471,0.148002479683,0.584200953065
564,0.176506949103,0.0908288868801,0.147807141891,0.584857022126
565,0.176451115766,0.0906930676476,0.146938350963,0.585917465623
566,0.177236681114,0.0909893979458,0.147544635308,0.584229285633
567,0.176164771521,0.0908812471341,0.14749539868,0.585458582665
568,0.175108227954,0.0907712334071,0.147442943676,0.586677594963
569,0.174066656136,0.0906594141949,0.147387355598,0.587886574071
570,0.174838869901,0.0909570864195,0.147997854975,0.586206188704
571,0.174781413765,0.0908228289724,0.14713490311,0.587260854153
572,0.16640049942,0.0863685503882,0.14003735294,0.607193597252
573,0.165386863301,0.0862463723555,0.139957662235,0.608409102108
574,0.166162007982,0.0865520228385,0.140572589514,0.606713379665
575,0.166077560693,0.0864096233372,0.139735636486,0.607777179484
576,0.16599032956,0.0862659890364,0.138911205074,0.60883247633
577,0.164985474812,0.0861439567155,0.138829676202,0.610040892271
578,0.165758990829,0.0864502456903,0.139438771869,0.608351991612
579,0.164765128589,0.0863280353936,0.139357066819,0.609549769199
580,0.16467553395,0.0861846600353,0.138541074572,0.610598731443
581,0.165444699673,0.0864904362086,0.139146635225,0.608918228893
582,0.166209737098,0.0867932654583,0.139748351068,0.607248646375
583,0.166970680106,0.0870931740708,0.140346253853,0.60558989197
584,0.167727562453,0.087390188171,0.140940375195,0.603941874181
585,0.167645974388,0.0872500541015,0.140127904512,0.604976066998
586,0.167561735912,0.0871087462671,0.139327216034,0.606002301786
587,0.168319880307,0.087405077538,0.139913471552,0.604361570603
588,0.162788833501,0.0844384391052,0.135273192742,0.617499534652
589,0.161802907912,0.0843157866495,0.135185189455,0.618696115984
590,0.162556478454,0.0846146245901,0.135773284307,0.61705561265
591,0.16330622403,0.0849107080862,0.136357813284,0.6154252546
592,0.162328105811,0.0847891487218,0.13627196372,0.616610781746
593,0.163071243377,0.0850837629319,0.136855294002,0.614989699689
594,0.163810623709,0.0853756695001,0.137435114729,0.613378592062
595,0.164546275707,0.0856648912147,0.138011453101,0.611777379977
596,0.152799407628,0.0794619527426,0.128120955266,0.639617684363
597,0.153536599084,0.079757628381,0.128700975916,0.638004796619
598,0.154270363577,0.0800507804374,0.129277770179,0.636401085807
599,0.145644216149,0.0754916750803,0.122012975469,0.656851133301
600,0.14637435589,0.0757867997861,0.122588349742,0.655250494582
601,0.147101331103,0.076079548491,0.123160723188,0.653658397218
602,0.146969600664,0.075927935289,0.12240401319,0.654698450857
603,0.146035405344,0.075793542961,0.12228448447,0.655886567225
604,0.135661849252,0.0703329199663,0.113564574527,0.680440656255
605,0.136381136617,0.0706288423739,0.114133043856,0.678856977153
606,0.127940429307,0.0661854389314,0.10703771927,0.698836412491
607,0.127073905367,0.066038191283,0.106884479048,0.700003424301
608,0.12778030075,0.0663336081021,0.107447960699,0.69843813045
609,0.126134681996,0.0654086451454,0.10603391374,0.702422759119
610,0.11722395734,0.0607222614512,0.0985150670598,0.723538714149
611,0.117836771448,0.0609738075873,0.0990018060825,0.722187614882
612,0.11852298,0.0612626763099,0.0995499046894,0.720664439
613,0.118773970747,0.061326135865,0.0997322382037,0.720167655185
614,0.119455403805,0.0616113958247,0.100275790525,0.718657409846
615,0.120134697513,0.0618948662182,0.100817229036,0.717153207233
616,0.119299744375,0.0617467683567,0.10065594779,0.718297539478
617,0.119973744694,0.0620291532198,0.101196651858,0.716800450228
618,0.120645622622,0.0623097667139,0.101735259757,0.715309350907
619,0.121315381203,0.0625886150521,0.102271775668,0.713824228076
620,0.120482566521,0.0624419740274,0.102113264514,0.714962194938
621,0.121147136591,0.062719765308,0.102649075558,0.713484022543
622,0.114309910701,0.059117221386,0.0968299511703,0.729742916743
623,0.114962238742,0.0593914867599,0.0973565058208,0.728289768677
624,0.115612687252,0.0596641334521,0.0978811808943,0.726841998401
625,0.115432250501,0.059507795423,0.0972076232055,0.727852330871
626,0.11608217388,0.0597793361522,0.0977280199872,0.726410469981
627,0.116730229763,0.0600492728185,0.0982465510426,0.724973946376
628,0.1165512293,0.0598935599774,0.0975781253222,0.7259770854
629,0.115739330812,0.0597477048347,0.0974163028735,0.727096661479
630,0.114938462568,0.059601303831,0.0972532785132,0.728206955088
631,0.115579913825,0.0598713856763,0.0977700582522,0.726778642246
632,0.116219530212,0.0601398894583,0.0982850049074,0.725355575422
633,0.116041798576,0.0599852575655,0.0976217993161,0.726351144542
634,0.11524569695,0.0598397714718,0.0974601020773,0.727454429501
635,0.115881833497,0.0601078101,0.0979721179765,0.726038238426
636,0.111177209457,0.0576078486162,0.0939697136178,0.737245228309
637,0.110406259674,0.0574614055145,0.0938030904278,0.738329244384
638,0.109645548391,0.0573145300151,0.0936354480942,0.7394044735
639,0.110265575083,0.0575799665033,0.0941416099482,0.738012848465
640,0.110883959371,0.0578439464853,0.0946461133481,0.736625980796
641,0.110662760591,0.0576697966561,0.094329158154,0.737338284599
642,0.111280180193,0.0579325266333,0.0948317818493,0.735955511324
643,0.10334976541,0.0537491838927,0.0880515930562,0.754849457641
644,0.0969702699378,0.0503800638331,0.0825957990737,0.770053867155
645,0.0967760584418,0.0502279864394,0.0820038378929,0.770992117226
646,0.0965811370855,0.0500757983831,0.0814203363945,0.771922728137
