episode,omega2,omega3,omega4,omega
1,0.25,0.25,0.25,0.25
2,0.25,0.25,0.25,0.25
3,0.25,0.25,0.25,0.25
4,0.25,0.25,0.25,0.25
5,0.25,0.25,0.25,0.25
6,0.25,0.25,0.25,0.25
7,0.25,0.25,0.25,0.25
8,0.25,0.25,0.25,0.25
9,0.25,0.25,0.25,0.25
10,0.25,0.25,0.25,0.25
11,0.25,0.25,0.25,0.25
12,0.25,0.25,0.25,0.25
13,0.25,0.25,0.25,0.25
14,0.25,0.25,0.25,0.25
15,0.25,0.25,0.25,0.25
16,0.25,0.25,0.25,0.25
17,0.25,0.25,0.25,0.25
18,0.25,0.25,0.25,0.25
19,0.25,0.25,0.25,0.25
20,0.25,0.25,0.25,0.25
21,0.25,0.25,0.25,0.25
22,0.25,0.25,0.25,0.25
23,0.25,0.25,0.25,0.25
24,0.25,0.25,0.25,0.25
25,0.25,0.25,0.25,0.25
26,0.25,0.25,0.25,0.25
27,0.25,0.25,0.25,0.25
28,0.25,0.25,0.25,0.25
29,0.25,0.25,0.25,0.25
30,0.25,0.25,0.25,0.25
31,0.25,0.25,0.25,0.25
32,0.25,0.25,0.25,0.25
33,0.244665072281,0.244665072281,0.244665072281,0.266004783156
34,0.244494892435,0.244494892435,0.244494892435,0.266515322696
35,0.244324504789,0.244324504789,0.244324504789,0.267026485632
36,0.244153909547,0.244153909547,0.244153909547,0.267538271358
37,0.243983106913,0.243983106913,0.243983106913,0.268050679262
38,0.243812097091,0.243812097091,0.243812097091,0.268563708726
39,0.244362386658,0.244362386658,0.244362386658,0.266912840026
40,0.244801066409,0.244801066409,0.244801066409,0.265596800772
41,0.244665072281,0.244665072281,0.244665072281,0.266004783156
42,0.245035651515,0.245035651515,0.245035651515,0.264893045454
43,0.245343709709,0.245343709709,0.245343709709,0.263968870874
44,0.245230835114,0.245230835114,0.245230835114,0.264307494657
45,0.245117867786,0.245117867786,0.245117867786,0.264646396642
46,0.245004807781,0.245004807781,0.245004807781,0.264985576658
47,0.245291625269,0.245291625269,0.245291625269,0.264125124193
48,0.245187397113,0.245187397113,0.245187397113,0.26443780866
49,0.24508308996,0.24508308996,0.24508308996,0.264750730119
50,0.245343709709,0.245343709709,0.245343709709,0.263968870874
51,0.274141997451,0.235857909274,0.235857909274,0.254142184001
52,0.256996425533,0.220442563148,0.284674240204,0.237886771116
53,0.257112332265,0.219879517056,0.285374390429,0.23763376025
54,0.257549122505,0.219591456105,0.286433074889,0.236426346501
55,0.257669197242,0.219033915033,0.287141917898,0.236154969826
56,0.288115323957,0.209550003881,0.276089829449,0.226244842713
57,0.284911908933,0.209990521496,0.27806090481,0.227036664761
58,0.287793133985,0.210961522875,0.272840741585,0.228404601555
59,0.288464052501,0.210304350775,0.273220939731,0.228010656993
60,0.285478327788,0.210726682433,0.275007796967,0.228787192812
61,0.28801127262,0.211505207602,0.270530807853,0.229952711925
62,0.285274269315,0.211891863346,0.272139472752,0.230694394588
63,0.287501048488,0.212507335368,0.268304449269,0.231687166875
64,0.289521117658,0.212959762546,0.265014868494,0.232504251301
65,0.290163956538,0.212394656344,0.265230690305,0.232210696813
66,0.287550485612,0.212803072744,0.26666473546,0.232981706183
67,0.288524774048,0.212537502295,0.267258033153,0.231679690504
68,0.29040040417,0.212930734933,0.264257044235,0.232411816661
69,0.287934979003,0.21332271561,0.265598212437,0.233144092951
70,0.288505244826,0.212804516141,0.265808404501,0.232881834532
71,0.286200215783,0.21314564513,0.267094014856,0.233560124231
72,0.287091227227,0.212910926711,0.267661228484,0.232336617578
73,0.288811152843,0.213286569996,0.26486934337,0.233032933792
74,0.289698686325,0.213043161057,0.265364170947,0.231893981672
75,0.290559662002,0.21277858414,0.265833129875,0.230828623983
76,0.29139817312,0.212496088039,0.266280051188,0.229825687653
77,0.28909667953,0.212873043058,0.267556104116,0.230474173295
78,0.286971082356,0.21319549834,0.268768723004,0.2310646963
79,0.288589707247,0.213572153543,0.266123132625,0.231715006585
80,0.28659570312,0.213871960958,0.267249374709,0.232282961213
81,0.288083550603,0.214187231128,0.264860556471,0.232868661798
82,0.289481847628,0.214430910852,0.262709824076,0.233377417444
83,0.289982774918,0.214007599138,0.262849327516,0.233160298428
84,0.290483994288,0.213584700502,0.262988384696,0.232942920514
85,0.288522130983,0.213902818671,0.264041193472,0.233533856874
86,0.286693130681,0.214179658909,0.265046549276,0.234080661134
87,0.284982236255,0.214419800491,0.266009760094,0.234588203159
88,0.286266151342,0.214674487674,0.263946879804,0.235112481179
89,0.287481581653,0.214873965983,0.262067381374,0.235577070989
90,0.287918519893,0.214489834256,0.262189780474,0.235401865378
91,0.289085398957,0.214647882193,0.260445020569,0.235821698281
92,0.290201398399,0.214764893068,0.258836688961,0.236197019572
93,0.290657221721,0.21439183703,0.258917609324,0.236033331924
94,0.288928941246,0.214678591581,0.259796249637,0.236596217537
95,0.287306280728,0.214932457362,0.260637524008,0.237123737902
96,0.28834804007,0.21504680949,0.259107126639,0.237498023801
97,0.289349803741,0.215128677639,0.257684598269,0.237836920351
98,0.287788464326,0.215378963721,0.258469915679,0.238362656275
99,0.288189425948,0.215035574404,0.258543483228,0.238231516419
100,0.286696501657,0.215264085055,0.259305318147,0.238734095141
101,0.2876362228,0.215345441079,0.257944241012,0.239074095109
102,0.288543793914,0.215400528186,0.256670326731,0.239385351169
103,0.28893736954,0.215070904629,0.256722724349,0.239269001482
104,0.287477052266,0.215301800292,0.257444764217,0.239776383224
105,0.286094806706,0.215508363483,0.258139392094,0.240257437718
106,0.284783703994,0.215692753763,0.25880905119,0.240714491054
107,0.283537609706,0.215856883092,0.259455904588,0.241149602615
108,0.283861192286,0.215547925255,0.259534594682,0.241056287777
109,0.284552509909,0.215517649331,0.259948910421,0.239980930339
110,0.283338376913,0.215675209922,0.260590836999,0.240395576166
111,0.283989645199,0.215630469941,0.260989353903,0.239390530957
112,0.28461711399,0.215566579912,0.261365250384,0.238451055714
113,0.284936087939,0.215268594225,0.261457341265,0.238337976571
114,0.285545673999,0.215189758927,0.261815597816,0.237448969258
115,0.285867630521,0.214893753926,0.261909626551,0.237328989003
116,0.284644545794,0.215062502271,0.262570611033,0.237722340903
117,0.285509387504,0.215190764071,0.261228441644,0.23807140678
118,0.286099794761,0.215110786764,0.261568146847,0.237221271628
119,0.284910939191,0.215277229568,0.262208398138,0.237603433104
120,0.285743890184,0.215394433283,0.260929999647,0.237931676885
121,0.28631395395,0.215312174581,0.261251045966,0.237122825502
122,0.285157436034,0.21547627483,0.261871853196,0.23749443594
123,0.28596087193,0.215583593678,0.260651677473,0.237803856918
124,0.286738525563,0.21566987126,0.259501209825,0.238090393352
125,0.287297378803,0.215590406737,0.259796078302,0.237316136158
126,0.288059164642,0.215662086169,0.258699824807,0.237578924382
127,0.288611044481,0.215575493222,0.258972649334,0.236840812963
128,0.287455305978,0.215757653944,0.259569046096,0.237217993981
129,0.288192976179,0.21582320566,0.258516515129,0.237467303033
130,0.288500318217,0.215565824044,0.258572590064,0.237361267675
131,0.287373647136,0.215742776137,0.259150029726,0.237733547
132,0.28789966724,0.215661544699,0.259418016722,0.237020771339
133,0.288413734093,0.215570689893,0.259674651773,0.236340924242
134,0.287314517325,0.215742640002,0.26024851387,0.236694328804
135,0.28780761578,0.215647883239,0.260501298238,0.236043202743
136,0.288290896199,0.215545194759,0.26074468281,0.235419226232
137,0.289019385259,0.215624889325,0.259695546913,0.235660178503
138,0.289728474283,0.215688800559,0.258698641145,0.235884084013
139,0.288638534582,0.21586851124,0.259258047951,0.236234906227
140,0.28911456491,0.215769828879,0.259483690294,0.235631915916
141,0.289404553647,0.215532053747,0.259541980295,0.235521412311
142,0.290096237758,0.215592855243,0.258573758323,0.235737148676
143,0.289022858866,0.215772033107,0.259122525043,0.236082582984
144,0.289689623554,0.215825113404,0.258194957128,0.236290305914
145,0.290340984952,0.21586561093,0.257308991446,0.236484412671
146,0.28929471782,0.216042650591,0.257834282034,0.236828349555
147,0.289923914928,0.216077001069,0.256982973207,0.237016110795
148,0.290394684958,0.215992502771,0.257187707503,0.236425104768
149,0.289373159926,0.216166048037,0.257700189567,0.23676060247
150,0.289647789189,0.215945207682,0.257742804873,0.236664198256
151,0.288656316288,0.216109157415,0.258244972034,0.236989554263
152,0.289264741147,0.216147169427,0.257411059183,0.237177030244
153,0.289716353464,0.216067282629,0.257613821506,0.236602542401
154,0.288747183472,0.21622827338,0.258104235526,0.236920307622
155,0.287813476051,0.216378160011,0.258582169838,0.2372261941
156,0.288066344616,0.21616744525,0.258629430157,0.237136779978
157,0.288319299922,0.215956834252,0.258676577611,0.237047288215
158,0.287402980717,0.216100945551,0.259148871579,0.237347202152
159,0.287988436541,0.216148235135,0.258322342877,0.237540985446
160,0.287098146262,0.21628681635,0.258779734867,0.237835302521
161,0.286238270064,0.21641588166,0.259226431997,0.23811941628
162,0.285407058543,0.216535978183,0.25966305276,0.238393910514
163,0.285632675444,0.216335757514,0.259715781169,0.238315785873
164,0.284821732589,0.216449370739,0.260145487466,0.238583409206
165,0.285040629936,0.216251227522,0.260200717143,0.238507425399
166,0.285445655891,0.216194110496,0.260425619022,0.237934614592
167,0.28464827355,0.216304540827,0.260852751058,0.238194434565
168,0.284861958812,0.216109176282,0.260911325549,0.238117539357
169,0.285075697628,0.215913907256,0.260969815371,0.238040579745
170,0.284290617368,0.216020220243,0.261393030998,0.238296131391
171,0.283529564208,0.216119032371,0.261807782961,0.23854362046
172,0.282791274369,0.216210737935,0.262214519548,0.238783468148
173,0.282986838228,0.216020857345,0.262279955258,0.238712349169
174,0.283535679062,0.216100294939,0.261425177941,0.238938848058
175,0.283733694578,0.215911985232,0.261485006784,0.238869313406
176,0.283001713878,0.216003951982,0.261884459193,0.239109874946
177,0.283535867118,0.216077822159,0.261055719357,0.239330591366
178,0.283919013347,0.216036048124,0.261285825788,0.238759112742
179,0.284444772849,0.2161022369,0.260485741954,0.238967248297
180,0.284642842461,0.215919134448,0.260538303888,0.238899719203
181,0.284840958063,0.215736117508,0.260590792323,0.238832132107
182,0.28503911957,0.215553186134,0.260643207217,0.238764487079
183,0.284299210788,0.215653010969,0.261037707832,0.239010070411
184,0.284815780081,0.215717047918,0.260251003362,0.239216168639
185,0.285010587237,0.215537063932,0.260300681625,0.239151667206
186,0.285518191346,0.215593320877,0.259539199294,0.239349288482
187,0.285903996879,0.215557080968,0.259755919261,0.238783002892
188,0.286102000371,0.215379076345,0.259801808632,0.238717114652
189,0.28630005212,0.215201151915,0.259847625451,0.238651170514
190,0.286804627477,0.215253324434,0.259101656031,0.238840392058
191,0.287004662769,0.215076625832,0.259143051965,0.238775659434
192,0.287501217045,0.215121837237,0.258419664907,0.238957280812
193,0.287988464439,0.215159463024,0.257721473499,0.239130599037
194,0.287223522834,0.215277539392,0.258105439254,0.23939349852
195,0.286480584732,0.215388758908,0.258481670593,0.239648985767
196,0.286862554153,0.215359078397,0.258689132344,0.239089235106
197,0.287335850093,0.215397481901,0.258006576348,0.239260091658
198,0.287800791559,0.215429054109,0.257346683801,0.239423470531
199,0.288181187881,0.215396876578,0.257540570762,0.238881364779
200,0.288379846968,0.215228691296,0.257571832732,0.238819629004
201,0.2876362228,0.215345441079,0.257944241012,0.239074095109
202,0.288093780038,0.215376069725,0.257297048937,0.2392331013
203,0.288543793914,0.215400528186,0.256670326731,0.239385351169
204,0.288919257015,0.215368893099,0.256855429992,0.238856419893
205,0.289287908963,0.215331829102,0.257034180896,0.23834608104
206,0.288548715285,0.215452168466,0.257401098659,0.23859801759
207,0.288906695318,0.215412281961,0.257576871459,0.238104151262
208,0.289258763363,0.2153676704,0.257747100614,0.237626465623
209,0.289605325436,0.215318655457,0.257912156762,0.237163862346
210,0.289946751598,0.215265530338,0.258072377727,0.236715340337
211,0.290401305803,0.215295990104,0.257446247134,0.236856456959
212,0.290848785778,0.215320689438,0.256839212002,0.236991312782
213,0.291289595448,0.215339950749,0.256250199583,0.237120254221
214,0.290542305157,0.21547029506,0.256615761906,0.237371637877
215,0.28981562489,0.215594198409,0.256974074494,0.237616102207
216,0.290150940762,0.215545450684,0.257126844788,0.237176763766
217,0.290579980233,0.215565954766,0.25654920761,0.237304857391
218,0.290774249504,0.215412067799,0.256572727701,0.237240954997
219,0.290055070846,0.215535569473,0.256926777039,0.237482582642
220,0.290384674632,0.215486771597,0.257075677133,0.237052876639
221,0.290575248316,0.21533467709,0.257101318128,0.236988756466
222,0.290999277426,0.215355367148,0.256530577345,0.23711477808
223,0.291191186826,0.21520405445,0.256553358545,0.237051400179
224,0.291610542788,0.215220619613,0.255995914295,0.237172923304
225,0.290890765812,0.215347320591,0.256345983834,0.237415929762
226,0.291217697329,0.215300137883,0.256489293783,0.236992871004
227,0.290513131567,0.215422744275,0.256835100478,0.237229023681
228,0.290831913142,0.215373954252,0.256976785791,0.236817346815
229,0.291242607863,0.215392892341,0.256427281789,0.236937218007
230,0.276942706454,0.254256748528,0.243700683158,0.225099861859
231,0.277364616684,0.253460843324,0.243935702828,0.225238837164
232,0.277777210941,0.252690775076,0.244162195562,0.225369818422
233,0.278181038604,0.251945031249,0.244380658001,0.225493272146
234,0.278425473835,0.252058764116,0.244458853161,0.225056908888
235,0.278823105619,0.251332997008,0.24467131706,0.225172580313
236,0.279153910934,0.251519592133,0.244092562533,0.2252339344
237,0.279546297136,0.250812972517,0.24429610065,0.225344629697
238,0.279931223352,0.250127038329,0.24449281119,0.225448927128
239,0.280261976006,0.250303653379,0.24392511434,0.225509256275
240,0.279495065054,0.250613982327,0.244201047584,0.225689905036
241,0.278286159513,0.249416146383,0.243007504869,0.229290189235
242,0.278656336325,0.248740309238,0.243193353854,0.229410000583
243,0.278924056674,0.248861985241,0.243289548544,0.228924409541
244,0.278162311754,0.249160040652,0.243558136945,0.229119510649
245,0.278478789537,0.249330517755,0.242993519233,0.229197173475
246,0.27773209215,0.249624775497,0.24325463077,0.229388501583
247,0.278040497296,0.249793159938,0.242702301628,0.229464041138
248,0.277308282513,0.250083765615,0.242956214937,0.229651736935
249,0.277608918054,0.250250170977,0.242415648772,0.229725262197
250,0.268249411169,0.241711913834,0.23411466845,0.255924006547
251,0.267505498663,0.241948151985,0.234313427557,0.256232921795
252,0.267809741892,0.241254442586,0.2344556442,0.256480171321
253,0.268215929152,0.24151985191,0.234686844621,0.255577374317
254,0.268516688856,0.240842816878,0.234825534849,0.255814959418
255,0.268811308284,0.240183451021,0.234958645256,0.25604659544
256,0.26807276386,0.240411538982,0.235161408364,0.256354288795
257,0.268472268032,0.240667013289,0.23539092056,0.255469798119
258,0.268760976057,0.240021048258,0.235523041133,0.255694934552
259,0.269044086399,0.239391203009,0.235650061036,0.255914649556
260,0.269297158063,0.239507951344,0.235089188092,0.256105702501
261,0.259985748402,0.231121920131,0.226841563507,0.28205076796
262,0.260182638723,0.231192285368,0.226272257781,0.282352818128
263,0.260409787786,0.23055367062,0.226348664314,0.28268787728
264,0.26095709027,0.230930867192,0.22670305346,0.281408989079
265,0.260190526844,0.231109205221,0.226862187509,0.281838080426
266,0.259439977686,0.231282397365,0.227016247114,0.282261377835
267,0.259968995222,0.231653548546,0.227364577861,0.281012878371
268,0.260192728689,0.231024596476,0.227445638222,0.281337036613
269,0.260411639882,0.23040986925,0.22752234602,0.281656144848
270,0.260933708478,0.230766368659,0.227863654879,0.280436267984
271,0.261135207901,0.230839116712,0.227297634999,0.280728040388
272,0.26038831348,0.23101290337,0.22745573057,0.281143052581
273,0.260898397271,0.231363227133,0.227787616098,0.279950759498
274,0.261395797157,0.231701953392,0.228108045256,0.278794204195
275,0.261618658868,0.231094931175,0.228188640765,0.279097769192
276,0.261821026903,0.231168998001,0.227630381169,0.279379593927
277,0.262040753858,0.23057366903,0.227705513507,0.279680063605
278,0.262535309843,0.230901785592,0.22801920713,0.278543697436
279,0.261790083165,0.231079232735,0.228184090119,0.278946593981
280,0.261990216383,0.231152110535,0.227634080595,0.279223592487
281,0.262474011364,0.231475036841,0.227939561992,0.278111389803
282,0.261739450591,0.231652234948,0.228101514613,0.278506799847
283,0.261019646084,0.23182468452,0.228258773246,0.27889689615
284,0.260314042405,0.231992562932,0.228411513303,0.27928188136
285,0.260505630607,0.232068833601,0.227868637606,0.279556898186
286,0.259811301946,0.232233760262,0.228015914557,0.279939023235
287,0.260279446173,0.232560630974,0.228322164209,0.278837758644
288,0.259596756829,0.232724197988,0.228468056386,0.279210988797
289,0.259782697707,0.232802234427,0.227933167939,0.279481899927
290,0.259110573715,0.232963053993,0.228073884581,0.27985248771
291,0.259567264058,0.23328777424,0.228375028481,0.278769933222
292,0.25975003964,0.233366131851,0.227848934131,0.279034894378
293,0.260198779653,0.23368326156,0.228139808095,0.277978150693
294,0.259533831341,0.233846982483,0.228280875395,0.278338310782
295,0.258881089422,0.234006752867,0.228418061767,0.278694095944
296,0.259316617629,0.234319907245,0.228704932512,0.277658542614
297,0.25867420617,0.234478510763,0.228840919565,0.278006363502
298,0.258043229997,0.234633408078,0.228973265916,0.278350096008
299,0.257423297614,0.234784725014,0.229102095236,0.278689882135
300,0.257634143487,0.23417332316,0.229200081757,0.278992451596
301,0.258058371116,0.234484030332,0.229487714033,0.277969884519
302,0.257445943751,0.234632928573,0.229616954044,0.278304173632
303,0.256843941823,0.234778447883,0.229742867855,0.278634742439
304,0.257256110636,0.235085273452,0.2300265976,0.277632018312
305,0.256662966724,0.235229953304,0.230151640225,0.277955439747
306,0.256869002263,0.234625691089,0.2302538017,0.278251504949
307,0.257070562101,0.234034731343,0.230351849802,0.278542856754
308,0.246657661798,0.224486037324,0.261526026767,0.267330274111
309,0.246051931589,0.224582386518,0.26176846051,0.267597221383
310,0.24635336332,0.224790872162,0.260857688326,0.267998076191
311,0.246699108281,0.22503963715,0.261272156684,0.266989097885
312,0.247036384176,0.225280511713,0.261677798568,0.266005305543
313,0.246436349396,0.225379754757,0.261919177254,0.266264718593
314,0.246735542224,0.225588794175,0.261021547365,0.266654116236
315,0.246143560197,0.225686923238,0.261256832632,0.266912683933
316,0.246473228647,0.225926755473,0.261656393653,0.265943622226
317,0.245889162589,0.226023975494,0.261891027536,0.266195834381
318,0.246042864749,0.225420988078,0.262107022049,0.266429125123
319,0.267982832659,0.218784332191,0.254511317922,0.258721517228
320,0.268212562988,0.218184578715,0.254688187507,0.25891467079
321,0.26744906451,0.218333900303,0.254986116691,0.259230918496
322,0.284743631503,0.213102870147,0.248997663211,0.25315583514
323,0.285229356205,0.213273747031,0.249318199596,0.252178697168
324,0.285687173481,0.213423293641,0.24840265492,0.252486877958
325,0.286137572374,0.213566859727,0.247507335494,0.252788232405
326,0.28643143675,0.212966835819,0.247650645508,0.252951081924
327,0.286721231163,0.212378331431,0.247790260335,0.253110177072
328,0.287209945955,0.212544553863,0.248101534658,0.252143965525
329,0.286299076463,0.212741796646,0.248449275007,0.252509851884
330,0.285403638997,0.212934266078,0.248791711717,0.252870383209
331,0.28452316538,0.2131221065,0.249129005778,0.253225722342
332,0.284995299264,0.213288919963,0.249441972242,0.252273808531
333,0.285459541523,0.213449377294,0.249747742067,0.251343339116
334,0.284588250839,0.213637321058,0.250085921286,0.251688506817
335,0.284868296295,0.213053574779,0.250234878987,0.251843249938
336,0.285144497273,0.212480747932,0.250380307666,0.25199444713
337,0.285594528923,0.21262931758,0.249477090007,0.25229906349
338,0.28603736195,0.212772107992,0.248593466251,0.252597063807
339,0.28650186198,0.212930587076,0.248893516964,0.25167403398
340,0.285630933526,0.213118977767,0.249228771475,0.252021317231
341,0.285906581451,0.212553042789,0.249368985285,0.252171390475
342,0.286363012967,0.212706812892,0.249666662902,0.251263511239
343,0.286812227087,0.21285479715,0.249957770846,0.250375204917
344,0.287088291032,0.21229729067,0.250097764081,0.250516654217
345,0.28622047303,0.212484053149,0.250437395448,0.250858078373
346,0.286662066154,0.212627672554,0.250726420819,0.249983840473
347,0.285805690773,0.212812196656,0.2510639223,0.250318190271
348,0.286237970606,0.212952493492,0.251349487295,0.249460048607
349,0.286508553564,0.2124016543,0.251492868114,0.249596924022
350,0.286936213177,0.212535832445,0.251773934157,0.24875402022
351,0.287357605732,0.212664984861,0.252049257393,0.247928152014
352,0.287812403415,0.212818459067,0.251153282437,0.248215855082
353,0.28823060937,0.21294447831,0.251420609546,0.247404302773
354,0.288505176034,0.212399831189,0.251562444878,0.247532547898
355,0.275066164482,0.20233031646,0.23975120137,0.282852317687
356,0.275443718767,0.20243233905,0.238861048302,0.283262893881
357,0.275657679667,0.201886382606,0.238950655328,0.283505282399
358,0.305180157033,0.193555447875,0.22919873718,0.272065657912
359,0.305489390578,0.193009828514,0.22924705101,0.272253729898
360,0.3059725816,0.193067322468,0.228363461264,0.272596634668
361,0.306449106899,0.193120151271,0.227497387883,0.272933353947
362,0.305312101038,0.193334744462,0.22785384722,0.27349930728
363,0.305617639132,0.192795727897,0.227897059244,0.273689573728
364,0.306085595919,0.192845350459,0.227043948436,0.274025105186
365,0.306783559407,0.193039263427,0.227374485369,0.272802691797
366,0.305654272936,0.193252926285,0.227728546936,0.273364253843
367,0.306116170256,0.193302017698,0.226888189438,0.273693622608
368,0.306804536002,0.193493509015,0.227212384714,0.272489570269
369,0.305686667991,0.193706680274,0.227562289486,0.273044362249
370,0.306361976356,0.19389408511,0.227882174019,0.271861764516
371,0.30702780648,0.194074736966,0.228194354832,0.270703101721
372,0.305921498968,0.194288267759,0.228545441513,0.27124479176
373,0.306574971852,0.194465174154,0.228853690949,0.270106163045
374,0.307219602145,0.194635755158,0.229154719279,0.268989923419
375,0.307529771765,0.194098789266,0.229205855538,0.269165583431
376,0.30799826107,0.194155424307,0.228366710431,0.269479604192
377,0.306896089102,0.194370694442,0.228718876667,0.270014339789
378,0.307355017733,0.194425034693,0.227893897784,0.270326049791
379,0.307661611199,0.193894508896,0.227940300444,0.27050357946
380,0.30656981932,0.194106083781,0.22828670266,0.271037394238
381,0.306869835412,0.19358328721,0.22833240873,0.271214468649
382,0.307322501901,0.193633937573,0.227517291161,0.271526269365
383,0.307769468948,0.193680594299,0.226717131924,0.271832804829
384,0.308420475997,0.193855101306,0.227014980492,0.270709442205
385,0.307332412213,0.194067562149,0.227357500511,0.271242525127
386,0.307971733329,0.194238585617,0.227651698943,0.270137982111
387,0.30689759094,0.194448639924,0.227991865176,0.27066190396
388,0.307525553177,0.194616293436,0.228282537631,0.269575615756
389,0.306465004005,0.194823989909,0.228620400319,0.270090605767
390,0.305420624884,0.19502688886,0.228952870759,0.270599615497
391,0.304391988672,0.195225116587,0.229280090454,0.271102804286
392,0.305003187217,0.195394457938,0.229573601796,0.270028753049
393,0.305295769983,0.194873703752,0.229626920299,0.270203605966
394,0.304276486539,0.19506934458,0.229953697264,0.270700471617
395,0.304713203403,0.195128456265,0.229149983628,0.271008356704
396,0.303705972332,0.195321365428,0.229470112667,0.271502549573
397,0.3027134782,0.195509901715,0.229785325287,0.271991294798
398,0.301735344416,0.195694176459,0.230095746233,0.272474732892
399,0.300771207007,0.195874297266,0.230401496068,0.272952999659
400,0.301046819589,0.195358426735,0.230458243783,0.273136509894
401,0.301644592791,0.19553430808,0.230761268509,0.27205983062
402,0.302068632484,0.195597082338,0.229962303668,0.272371981511
403,0.302661693006,0.19576881789,0.230257133729,0.271312355374
404,0.303247141076,0.195935033316,0.230545669145,0.270272156464
405,0.303825223011,0.19609590468,0.230828109412,0.269250762897
406,0.302859004068,0.196282194737,0.231140673047,0.269718128149
407,0.301906435985,0.196464422778,0.2314486661,0.270180475137
408,0.300967180935,0.196642688963,0.231752200942,0.270637929159
409,0.301386672568,0.196710957351,0.230957943193,0.270944426888
410,0.300457765612,0.196886956317,0.231255537298,0.271399740773
411,0.300869241894,0.196952948088,0.230473966429,0.271703843589
412,0.299950461389,0.197126719368,0.2307657601,0.272157059142
413,0.285970002611,0.187746944258,0.266872404728,0.259410648403
414,0.286456594413,0.187874423166,0.267281658668,0.258387323753
415,0.287007333479,0.188043474616,0.266129730879,0.258819461026
416,0.286083794974,0.188175369142,0.26653990595,0.259200929933
417,0.285172466836,0.188303800646,0.266945672766,0.259578059752
418,0.285651354624,0.188431927902,0.267351501257,0.258565216217
419,0.286123688858,0.188555293588,0.267751061425,0.257569956129
420,0.286345140843,0.188034622579,0.267915752708,0.25770448387
421,0.286892207191,0.188204859625,0.266771033281,0.258131899903
422,0.285983478054,0.188334845301,0.267177111574,0.258504565072
423,0.286201623734,0.187820981434,0.267337713858,0.258639680974
424,0.316832513545,0.179655424498,0.255929157744,0.247582904213
425,0.317406410125,0.179739613869,0.256263377265,0.246590598742
426,0.316296812329,0.179926764967,0.256744897269,0.247031525435
427,0.31659811388,0.179415434725,0.256863365825,0.24712308557
428,0.317247219005,0.179543759661,0.255723242688,0.247485778646
429,0.317887758316,0.17966658291,0.254604370662,0.247841288112
430,0.318461313659,0.179750952058,0.254931488016,0.246856246267
431,0.317354348425,0.179939849042,0.255407336641,0.247298465892
432,0.317918359908,0.18002194294,0.255732071229,0.246327625923
433,0.318476048048,0.180099931557,0.256051328896,0.245372691499
434,0.318780855053,0.179592836101,0.25616698792,0.245459320926
435,0.317679362502,0.179780996849,0.256645785016,0.245893855633
436,0.31831882196,0.179906730509,0.255531003493,0.246243444038
437,0.317229010548,0.180092911268,0.256001873794,0.24667620439
438,0.317779916597,0.180171557291,0.256320353799,0.245728172313
439,0.318411853136,0.180295578144,0.255220574504,0.246071994215
440,0.318960247393,0.180371730637,0.255531043883,0.245136978087
441,0.319263398892,0.179868968849,0.255644760671,0.245222871589
442,0.318176062729,0.1800565181,0.256115876256,0.245651542914
443,0.318473419148,0.179560516235,0.256229135917,0.245736928701
444,0.317397120092,0.179743682564,0.256696923166,0.246162274178
445,0.316334707843,0.179922913406,0.257159672483,0.246582706268
446,0.316871888342,0.179999543726,0.257476237781,0.24565233015
447,0.315820284647,0.180176691367,0.257937044465,0.246065979521
448,0.316444144319,0.180305570839,0.256836163237,0.246414121604
449,0.31697617319,0.180381583065,0.257147882125,0.245494361619
450,0.317595457803,0.180506711119,0.256064111651,0.245833719427
451,0.316549190104,0.180685850473,0.256517922272,0.246247037151
452,0.316838980029,0.18019326325,0.256632805884,0.246334950836
453,0.317449770449,0.18031485295,0.255563255651,0.24667212095
454,0.318053000311,0.180431567616,0.254512465535,0.247002966538
455,0.318344046451,0.179944829912,0.254620067043,0.247091056593
456,0.317299867018,0.180123391157,0.255067676075,0.24750906575
457,0.316268782493,0.180298235799,0.255510553875,0.247922427833
458,0.316551527642,0.17981749221,0.255619367608,0.24801161254
459,0.316831885058,0.179343256858,0.255726096434,0.248098761649
460,0.31742803345,0.179457591244,0.254681476589,0.248432898717
461,0.317707879108,0.178989207621,0.254783724951,0.24851918832
462,0.318298576521,0.179098444864,0.253754637243,0.248848341372
463,0.348970158849,0.170947672282,0.242389393458,0.237692775411
464,0.347750319065,0.171175185644,0.242895503707,0.238178991584
465,0.346545767199,0.171398374361,0.243396099471,0.23865975897
466,0.345356182951,0.171617329111,0.243891296341,0.239135191597
467,0.346026494174,0.171692025582,0.242871454925,0.239410025319
468,0.344848541056,0.171908830394,0.243359199508,0.239883429043
469,0.343684991991,0.172121557275,0.243841758615,0.240351692118
470,0.344309420802,0.172179675096,0.244105706219,0.239405197882
471,0.34315700672,0.172390254004,0.244586222535,0.239866516742
472,0.34377226604,0.172446564819,0.244848281491,0.23893288765
473,0.342630785782,0.172655025831,0.245326786414,0.239387401973
474,0.343237079804,0.172709581797,0.245587020523,0.238466317876
475,0.343580543615,0.172239397373,0.245658840947,0.238521218065
476,0.34392168191,0.171775263541,0.245728775251,0.238574279298
477,0.344525304804,0.171825437569,0.245985897693,0.237663359934
478,0.345193478692,0.171907245217,0.244960671474,0.237938604617
479,0.345854424249,0.171984852944,0.243952425803,0.238208297004
480,0.346198497628,0.17152528365,0.244016871101,0.238259347621
481,0.34685418953,0.171598376582,0.243022966478,0.238524467411
482,0.345702412738,0.171811551898,0.243501346105,0.238984689259
483,0.346308586025,0.171862814655,0.243750653457,0.238077945863
484,0.346909054905,0.171910739171,0.243995456337,0.237184749587
485,0.347503977245,0.171955417258,0.24423587505,0.236304730446
486,0.347849034436,0.17149966549,0.244300329551,0.236350970523
487,0.348506118728,0.171573270543,0.243311781315,0.236608829414
488,0.347353411964,0.171789434198,0.243793501719,0.237063652119
489,0.348000869154,0.171860999712,0.242818830678,0.237319300456
490,0.348641735504,0.1719287497,0.241859603775,0.237569911021
491,0.347497103311,0.172144719131,0.242332484208,0.23802569335
492,0.346365985056,0.172356850446,0.242800500256,0.238476664243
493,0.345248113715,0.172565219524,0.243263748085,0.238922918676
494,0.345583715292,0.172112994841,0.243326996821,0.238976293046
495,0.346211479382,0.17218201253,0.242375170541,0.239231337546
496,0.346546558772,0.171734964679,0.242434702892,0.239283773657
497,0.346879536446,0.171293362253,0.24249255391,0.239334547391
498,0.347504233745,0.171357901552,0.241551627758,0.239586236946
499,0.347836764231,0.170921198427,0.241605904504,0.239636132839
500,0.346714495466,0.171128567936,0.242067207939,0.24008972866
501,0.347331886813,0.171190887926,0.241137034918,0.240340190343
502,0.347932833216,0.171244595694,0.241378015793,0.239444555297
503,0.348547130105,0.171304370809,0.240460035977,0.239688463109
504,0.347429780741,0.17151316714,0.240915812443,0.240141239676
505,0.348025339179,0.171566229741,0.241153196027,0.239255235053
506,0.34691818723,0.171773033649,0.241607034968,0.239701744154
507,0.345823693535,0.171976249977,0.242056327639,0.240143728848
508,0.346408485859,0.172029399929,0.24229475626,0.239267357951
509,0.345323813337,0.172230705552,0.242742207404,0.239703273707
510,0.345900675869,0.172282334015,0.242979054875,0.238837935241
511,0.346507052414,0.172348178539,0.242062170446,0.239082598602
512,0.347081505101,0.17239766344,0.242292993642,0.238227837817
513,0.347684802975,0.172460998146,0.241387958912,0.238466239968
514,0.346602130457,0.17266530107,0.241832676194,0.238899892278
515,0.347171651851,0.17271425502,0.242060151,0.238053942129
516,0.347769395784,0.172776779283,0.241165002206,0.238288822727
517,0.346693808832,0.172980810997,0.241606191413,0.238719188758
518,0.345630214898,0.173181426574,0.242043076505,0.239145282023
519,0.344578389725,0.173378689916,0.242475737994,0.239567182365
520,0.345138072668,0.173430188269,0.242704869312,0.238726869752
521,0.344095359757,0.173625671046,0.243135823586,0.239143145611
522,0.344647697489,0.173675766398,0.243363509908,0.238313026205
523,0.343613947895,0.173869491534,0.243792781066,0.238723779505
524,0.343932559988,0.173430513688,0.243858452402,0.238778473921
525,0.342907407273,0.173620798278,0.244285144769,0.239186649679
526,0.341893284319,0.173807942054,0.244707867785,0.239590905841
527,0.342475306814,0.173879607693,0.243808800229,0.239836285264
528,0.342788149525,0.173445096343,0.243873911158,0.239892842974
529,0.343366049396,0.173513059142,0.242986308388,0.240134583075
530,0.342355661331,0.173699936015,0.243403199498,0.240541203157
531,0.342925826457,0.173766195059,0.242526881069,0.240781097416
532,0.343236966,0.17333589648,0.242588323155,0.240838814365
533,0.343546129575,0.172910722993,0.242648185782,0.240894961651
534,0.343853373053,0.172490534199,0.242706511335,0.240949581414
535,0.344422395239,0.172552495494,0.241837773362,0.241187335905
536,0.343410672202,0.172738628361,0.242251734377,0.241598965059
537,0.34240965778,0.172921722178,0.242661857509,0.242006762533
538,0.341419160695,0.173101831254,0.243068211305,0.242410796746
539,0.340438994102,0.173279008642,0.243470862724,0.242811134533
540,0.339468975464,0.173453306166,0.243869877182,0.243207841188
541,0.340012976444,0.173514970321,0.244110839813,0.242361213422
542,0.340308771397,0.17309788024,0.244173325914,0.242420022449
543,0.340865381288,0.173164489977,0.243305790288,0.242664338447
544,0.341416815835,0.173228037565,0.24245057569,0.24290457091
545,0.341962232522,0.173288106886,0.242684856533,0.242064804059
546,0.340991306686,0.173464951314,0.243082975934,0.242460766066
547,0.341538040983,0.173527745515,0.242236601909,0.242697611593
548,0.341834911107,0.173113808348,0.242294657513,0.242756623032
549,0.342377994521,0.173173306137,0.241458492821,0.242990206522
550,0.342922608877,0.173233161891,0.241688509189,0.242155720043
551,0.343463276658,0.173290610048,0.240862256515,0.242383856779
552,0.344005495705,0.1733484294,0.241086903994,0.241559170901
553,0.343031589623,0.173529105672,0.241482701555,0.24195660315
554,0.343567767827,0.173585907114,0.240664724771,0.242181600288
555,0.344099301091,0.173639960299,0.239857794505,0.242402944105
556,0.34462630443,0.173691332782,0.239061640616,0.242620722172
557,0.345148889147,0.17374008994,0.238276001679,0.242835019233
558,0.34566716298,0.173786295059,0.23750062464,0.243045917321
559,0.34469263328,0.173970778342,0.237886103895,0.243450484482
560,0.343728036034,0.174152425023,0.23826805995,0.243851478992
561,0.34277320072,0.174331283806,0.238646553226,0.244248962248
562,0.34307027435,0.173917973212,0.238698994531,0.244312757908
563,0.343579195729,0.173965175278,0.23792846882,0.244527160173
564,0.343875600713,0.173556260083,0.237978083151,0.244590056053
565,0.344381535486,0.173600638083,0.237216096985,0.244801729446
566,0.34467729372,0.173196013006,0.237262948518,0.244863744757
567,0.345180304844,0.173237633302,0.236509320027,0.245072741827
568,0.344222154538,0.173416868016,0.236884277047,0.245476700399
569,0.343273604948,0.173593368245,0.237255837758,0.245877189049
570,0.343820961175,0.173661582194,0.237479655729,0.245037800902
571,0.342879886526,0.17383673552,0.237849966646,0.245433411308
572,0.34337501173,0.173880423954,0.23710087604,0.245643688276
573,0.343665861683,0.17347870311,0.237147849758,0.245707585448
574,0.342729932141,0.173652207491,0.237514811932,0.246103048436
575,0.341803207755,0.173823090534,0.237878517143,0.246495184568
576,0.32590564727,0.165543297284,0.226671397352,0.281879658095
577,0.3265671054,0.165683985983,0.226988063764,0.280760844852
578,0.325635536352,0.165819292777,0.227297631399,0.281247539472
579,0.326288460023,0.16595754935,0.227611515308,0.28014247532
580,0.325364095478,0.166091985061,0.227920431291,0.280623488171
581,0.325601689195,0.165694949734,0.227946691327,0.280756669744
582,0.326027684717,0.165718608933,0.227201529612,0.281052176739
583,0.32510812307,0.165851429846,0.227507155722,0.281533291362
584,0.32552844895,0.165873916748,0.22677004827,0.281827586032
585,0.324615672976,0.16600535572,0.227071505079,0.282307466226
586,0.323711499286,0.166134460881,0.227370026055,0.282784013778
587,0.324357949039,0.166276522823,0.227686544034,0.281678984104
588,0.324773424438,0.166299775118,0.226954902088,0.281971898355
589,0.325007588411,0.165905215387,0.226979919643,0.28210727656
590,0.325420350705,0.165926056171,0.226256033471,0.282397559652
591,0.324517220648,0.166056075664,0.226552582359,0.28287412133
592,0.325162274386,0.166197307459,0.226864686008,0.281775732146
593,0.325800823365,0.166334683814,0.227171789992,0.280692702829
594,0.326433021618,0.166468295617,0.227474010385,0.279624672379
595,0.326669274552,0.166076671218,0.227500033034,0.279754021197
596,0.327085151263,0.1660988249,0.226778953772,0.280037070066
597,0.326181677788,0.166231750119,0.22707925063,0.280507321464
598,0.32681009043,0.166363745018,0.227378528225,0.279447636326
599,0.3274323918,0.166492121675,0.227673109087,0.278402377438
600,0.327669045662,0.166103664561,0.227699259299,0.278528030478
601,0.32828689882,0.166228225098,0.227990030578,0.277494845504
602,0.328898899419,0.166349329714,0.228276302531,0.276475468336
603,0.327995294641,0.166485481107,0.228583471922,0.27693575233
604,0.328414622807,0.166510662953,0.227862842523,0.277211871716
605,0.329021639447,0.166630630578,0.228145665172,0.276202064802
606,0.329439865824,0.166654613238,0.227432481178,0.27647303976
607,0.329854668158,0.166676600543,0.22672776945,0.27674096185
608,0.330094848604,0.166290372323,0.226752535118,0.276862243955
609,0.329190513751,0.166428275641,0.227056555601,0.277324655007
610,0.329427194597,0.166045972679,0.227081034301,0.277445798423
611,0.328529306623,0.166181388268,0.227383076787,0.277906228322
612,0.328762547257,0.165802925283,0.227407280685,0.278027246776
613,0.329369767559,0.165923164471,0.22768990095,0.277017167019
614,0.329602983555,0.165548391849,0.22771370825,0.277134916346
615,0.330206027591,0.165665072795,0.227992754036,0.276136145578
616,0.314887416034,0.157802322626,0.264061048003,0.263249213337
617,0.313984873586,0.157908723964,0.264460392442,0.263646010008
618,0.31450676075,0.15799480288,0.263489110252,0.264009326118
619,0.31361075497,0.158100232436,0.263883586333,0.264405426262
620,0.312722866359,0.158203574926,0.264275049081,0.264798509633
621,0.311842967494,0.158304863429,0.264663545638,0.265188623439
622,0.312354868717,0.158391428877,0.263699183403,0.265554519004
623,0.31288001941,0.158484327324,0.264070515943,0.264565137323
624,0.312004735897,0.158585837984,0.264456642189,0.264952783929
625,0.311137238129,0.158685344273,0.264839879298,0.2653375383
626,0.311643772525,0.158772274013,0.263882253114,0.265701700348
627,0.312163262965,0.158865425259,0.264251782217,0.264719529558
628,0.312667704668,0.158950540621,0.263304267023,0.265077487688
629,0.311803101063,0.15905136609,0.263683458407,0.26546207444
630,0.310946107452,0.159150228065,0.264059831958,0.265843832525
631,0.310096607262,0.159247156906,0.264433430682,0.266222805149
632,0.293153851989,0.150387199709,0.249922375006,0.306536573296
633,0.293295238681,0.15001895357,0.249979696466,0.306706111283
634,0.292445361524,0.150082711566,0.250288073808,0.307183853102
635,0.293077674797,0.150248790043,0.250767560809,0.305905974351
636,0.292233652724,0.150312097246,0.251075993918,0.306378256112
637,0.292372028608,0.149946984838,0.251134839737,0.306546146817
638,0.292792225792,0.150004913743,0.250193293729,0.307009566737
639,0.291952208746,0.150067146995,0.250498183423,0.307482460836
640,0.291119305095,0.150127661166,0.25080052966,0.30795250408
641,0.291745316749,0.150294646673,0.251281211997,0.306678824581
642,0.291881617037,0.149932383561,0.251339964793,0.306846034609
643,0.291052774399,0.149992294588,0.25164313022,0.307311800793
644,0.291467890449,0.150051201243,0.25070474355,0.307776164758
645,0.290644469155,0.15011027347,0.251003734488,0.308241522887
646,0.289827902559,0.15016769041,0.251300273021,0.308704134009
647,0.290447771591,0.150335526116,0.25178205454,0.307434647753
648,0.291061027507,0.150499444443,0.252257879227,0.306181648823
649,0.291474932434,0.150559898914,0.251324110362,0.30664105829
650,0.290660985448,0.150619003987,0.251621654301,0.307098356264
