episode,omega2,omega3,omega4,omega
1,0.25,0.25,0.25,0.25
2,0.25,0.25,0.25,0.25
3,0.25,0.25,0.25,0.25
4,0.25,0.25,0.25,0.25
5,0.25,0.25,0.25,0.25
6,0.25,0.25,0.25,0.25
7,0.25,0.25,0.25,0.25
8,0.25,0.25,0.25,0.25
9,0.25,0.25,0.25,0.25
10,0.25,0.25,0.25,0.25
11,0.25,0.25,0.25,0.25
12,0.25,0.25,0.25,0.25
13,0.25,0.25,0.25,0.25
14,0.25,0.25,0.25,0.25
15,0.25,0.25,0.25,0.25
16,0.25,0.25,0.25,0.25
17,0.25,0.25,0.25,0.25
18,0.25,0.25,0.25,0.25
19,0.25,0.25,0.25,0.25
20,0.25,0.25,0.25,0.25
21,0.25,0.25,0.25,0.25
22,0.25,0.25,0.25,0.25
23,0.25,0.25,0.25,0.25
24,0.25,0.25,0.25,0.25
25,0.25,0.25,0.25,0.25
26,0.25,0.25,0.25,0.25
27,0.25,0.25,0.25,0.25
28,0.25,0.25,0.25,0.25
29,0.25,0.25,0.25,0.25
30,0.25,0.25,0.25,0.25
31,0.25,0.25,0.25,0.25
32,0.245808387611,0.245808387611,0.245808387611,0.262574837166
33,0.246159017769,0.246159017769,0.246159017769,0.261522946692
34,0.246438867858,0.246438867858,0.246438867858,0.260683396427
35,0.2463294306,0.2463294306,0.2463294306,0.2610117082
36,0.246568087848,0.246568087848,0.246568087848,0.260295736456
37,0.246468698911,0.246468698911,0.246468698911,0.260593903267
38,0.246675675991,0.246675675991,0.246675675991,0.259972972027
39,0.239413246095,0.239413246095,0.239413246095,0.281760261716
40,0.239928662637,0.239928662637,0.239928662637,0.280214012088
41,0.240373956961,0.240373956961,0.240373956961,0.278878129117
42,0.231154398906,0.268511454223,0.231154398906,0.269179747965
43,0.230696555084,0.268960565199,0.230696555084,0.269646324633
44,0.230238841373,0.269409518476,0.230238841373,0.270112798779
45,0.230414866092,0.270602425869,0.230414866092,0.268567841947
46,0.230701778273,0.26875614512,0.230701778273,0.269840298333
47,0.230274685909,0.269170312563,0.230274685909,0.27028031562
48,0.230445456461,0.270285413779,0.230445456461,0.2688236733
49,0.230031145898,0.270716421956,0.230031145898,0.269221286247
50,0.23030524108,0.268962571591,0.23030524108,0.27042694625
51,0.229905013875,0.269346747531,0.229905013875,0.270843224719
52,0.230081775472,0.270408773837,0.230081775472,0.269427675219
53,0.230331578732,0.268780461305,0.230331578732,0.270556381232
54,0.229954934565,0.269138765387,0.229954934565,0.270951365482
55,0.229578381463,0.269496931024,0.229578381463,0.27134630605
56,0.229201921122,0.269854956542,0.229201921122,0.271741201215
57,0.228825555238,0.270212840268,0.228825555238,0.272136049255
58,0.228449285507,0.270570580532,0.228449285507,0.272530848455
59,0.228073113619,0.270928175668,0.228073113619,0.272925597095
60,0.228331984404,0.269253572162,0.228331984404,0.27408245903
61,0.228576850911,0.270296509684,0.228576850911,0.272549788495
62,0.228221574665,0.270631509547,0.228221574665,0.272925341123
63,0.228431350722,0.271638197563,0.228431350722,0.271499100992
64,0.228085239932,0.271985520168,0.228085239932,0.271843999968
65,0.227739213777,0.272332760975,0.227739213777,0.272188811471
66,0.227393273572,0.272679918666,0.227393273572,0.272533534189
67,0.227047420631,0.273026991928,0.227047420631,0.272878166809
68,0.226701656267,0.273373979446,0.226701656267,0.273222708019
69,0.226913443632,0.274394990415,0.226913443632,0.271778122321
70,0.226575890369,0.27475342615,0.226575890369,0.272094793112
71,0.226757700888,0.275743279393,0.226757700888,0.27074131883
72,0.217643651315,0.265400883618,0.217643651315,0.299311813752
73,0.217189976474,0.265588709889,0.217189976474,0.300031337163
74,0.217387441795,0.263570292332,0.217387441795,0.301654824077
75,0.217847249946,0.264825708717,0.217847249946,0.29947979139
76,0.218013161376,0.262974070024,0.218013161376,0.300999607224
77,0.217587655999,0.263117785472,0.217587655999,0.301706902531
78,0.217711251149,0.261398130373,0.217711251149,0.303179367329
79,0.218175992228,0.262579013591,0.218175992228,0.301069001953
80,0.217768774428,0.262712120057,0.217768774428,0.301750331087
81,0.217361636461,0.262844471436,0.217361636461,0.302432255642
82,0.217476098687,0.261204399092,0.217476098687,0.303843403534
83,0.217074823906,0.261312836072,0.217074823906,0.304537516116
84,0.21754304267,0.262469483915,0.21754304267,0.302444430745
85,0.217963670016,0.263572480271,0.217963670016,0.300500179696
86,0.217583373816,0.263708416481,0.217583373816,0.301124835887
87,0.217203155641,0.263843711569,0.217203155641,0.30174997715
88,0.217333905446,0.26224411714,0.217333905446,0.303088071969
89,0.21774890988,0.263312781662,0.21774890988,0.301189398578
90,0.217860894691,0.261821011791,0.217860894691,0.302457198826
91,0.217500216377,0.2619279355,0.217500216377,0.303071631746
92,0.217900642912,0.262952649238,0.217900642912,0.301246064938
93,0.218000934769,0.261538809621,0.218000934769,0.30245932084
94,0.218379630361,0.262512177635,0.218379630361,0.300728561643
95,0.218465619176,0.261184917557,0.218465619176,0.301883844091
96,0.218824490176,0.262111502107,0.218824490176,0.300239517542
97,0.219151951043,0.263002971238,0.219151951043,0.298693126677
98,0.218831323466,0.263117636847,0.218831323466,0.299219716221
99,0.218921971595,0.261845290161,0.218921971595,0.300310766649
100,0.218605204933,0.261944531726,0.218605204933,0.300845058409
101,0.218930261926,0.262813734679,0.218930261926,0.29932574147
102,0.219012382204,0.261599171662,0.219012382204,0.30037606393
103,0.218705841813,0.261693005839,0.218705841813,0.300895310535
104,0.218399339677,0.261786405246,0.218399339677,0.301414915401
105,0.249667505136,0.251304272183,0.209285946462,0.289742276219
106,0.250061722777,0.250061722777,0.20926110501,0.290615449436
107,0.250046325292,0.250046325292,0.208893546077,0.291013803339
108,0.250746360943,0.250746360943,0.209123305592,0.289383972521
109,0.251134556082,0.249552956086,0.20909205087,0.290220436961
110,0.251818143538,0.25021760089,0.209305825032,0.28865843054
111,0.251820057029,0.250204865423,0.208952641414,0.289022436134
112,0.25220295076,0.249056692709,0.208915643759,0.289824712771
113,0.252566517186,0.247964986232,0.208862188315,0.290606308266
114,0.25325321188,0.248598354108,0.209075074819,0.289073359193
115,0.253267538985,0.248571606401,0.208732502364,0.28942835225
116,0.25328161338,0.248544612793,0.208390282632,0.289783491195
117,0.252014156307,0.248943807235,0.208405408441,0.290636628017
118,0.252367602729,0.247874038915,0.208356141554,0.291402216802
119,0.253044825688,0.24850104173,0.208573352016,0.289880780566
120,0.253392443773,0.247475981724,0.208518059746,0.290613514758
121,0.253406504895,0.247440583521,0.208188353139,0.290964558445
122,0.252172457092,0.247818479414,0.208206395476,0.291802668017
123,0.251002416835,0.248174752363,0.208205814661,0.292617016141
124,0.249890200398,0.24851145785,0.208188412284,0.293409929468
125,0.250541365564,0.249147823097,0.208421305614,0.291889505726
126,0.25086133509,0.248138191453,0.208377942393,0.292622531064
127,0.249790234592,0.248461344827,0.208358023669,0.293390396912
128,0.24876794744,0.24876794744,0.208323894441,0.29414021068
129,0.249059429613,0.247790169533,0.208276809888,0.294873590966
130,0.249337058402,0.24685308804,0.208217882003,0.295591971555
131,0.249601960215,0.245953313334,0.208148099431,0.29629662702
132,0.249583821455,0.245907582954,0.207842402167,0.296666193424
133,0.250245688447,0.246531773515,0.208102641006,0.295119897032
134,0.249238340252,0.246818406939,0.208077296492,0.295865956317
135,0.249496144817,0.245939684418,0.208010034344,0.296554136421
136,0.248525943229,0.246206900011,0.207975906613,0.297291250147
137,0.247595633769,0.24646064162,0.20793017201,0.298013552601
138,0.24823148087,0.247085226348,0.208196703569,0.296486589213
139,0.248843145412,0.247685698515,0.208441952605,0.295029203468
140,0.249432427009,0.248263851745,0.208667504778,0.293636216468
141,0.250000951651,0.248821306618,0.208874792757,0.292302948974
142,0.250269169604,0.247956734379,0.208830622255,0.292943473762
143,0.250258397839,0.247929739134,0.208553724213,0.293258138814
144,0.250247449224,0.247902571177,0.208277045747,0.293572933852
145,0.249324696567,0.248176618647,0.208253492012,0.294245192774
146,0.249579936951,0.247328336746,0.20820626614,0.294885460163
147,0.249563995261,0.247297082324,0.207932888529,0.295206033886
148,0.24866657099,0.247556036192,0.207903590542,0.295873802275
149,0.249237983571,0.248117341897,0.208127690312,0.29451698422
150,0.249486706957,0.247287895644,0.208081800925,0.295143596475
151,0.250045898417,0.247827434366,0.208294342382,0.293832324835
152,0.250586772798,0.248348754619,0.208490818131,0.292573654452
153,0.250839433318,0.247544306788,0.208447001902,0.293169257992
154,0.250832997069,0.247516421129,0.208187936687,0.293462645114
155,0.251367305803,0.248022087149,0.208377457911,0.292233149137
156,0.251364597073,0.247997838625,0.208121576606,0.292515987697
157,0.251886260276,0.248490895972,0.20829964365,0.291323200103
158,0.25239244904,0.248968601139,0.208464187701,0.290174762119
159,0.252657698296,0.248175110508,0.208429260196,0.290737931
160,0.252663604419,0.248152795148,0.208180424885,0.291003175548
161,0.253164755151,0.24861682955,0.208339443209,0.28987897209
162,0.25224816709,0.248905854396,0.208351361592,0.290494616923
163,0.252731734453,0.249362354207,0.20850303303,0.289402878311
164,0.251847714333,0.24964534053,0.208509193382,0.289997751755
165,0.252314640702,0.25009470687,0.208653896756,0.288936755672
166,0.252579848317,0.24930919998,0.208631365479,0.289479586224
167,0.251721920876,0.249582978698,0.208635121148,0.290059979278
168,0.252178587805,0.250022911978,0.208777370366,0.289021129851
169,0.252435650863,0.249258298334,0.208753967214,0.289552083589
170,0.252684015551,0.248519092839,0.208723165167,0.290073726443
171,0.253139123375,0.248942216144,0.208862747893,0.289055912587
172,0.253384471953,0.248224673854,0.20882887362,0.289561980572
173,0.25339456232,0.248204694429,0.208601138268,0.289799604983
174,0.25254466798,0.248470446359,0.20861354739,0.290371338271
175,0.252779210007,0.247768444301,0.208576758061,0.29087558763
176,0.253232274566,0.248183968265,0.208719907019,0.28986385015
177,0.253241169286,0.248164128314,0.20849679477,0.290097907631
178,0.253249955574,0.248144183397,0.208273831587,0.290332029441
179,0.252414429031,0.24840464232,0.208286222905,0.290894705744
180,0.252418242035,0.248386048411,0.208064632789,0.291131076766
181,0.252421946741,0.248367349279,0.207843189198,0.291367514782
182,0.252871462683,0.248787262309,0.207988664312,0.290352610696
183,0.253108795239,0.248084822948,0.207959249424,0.290847132389
184,0.253338843356,0.247403616105,0.207923677295,0.291333863244
185,0.253786371903,0.247808555394,0.208066240719,0.290338831984
186,0.254223015322,0.248202758264,0.208199339923,0.289374886492
187,0.254649350034,0.248586791565,0.208323476342,0.288440382058
188,0.253814992495,0.248854088994,0.208349453887,0.288981464624
189,0.253826537741,0.248839140844,0.208139112657,0.289195208758
190,0.253837989117,0.248824101061,0.207928906456,0.289409003365
191,0.253849346636,0.248808969688,0.207718835325,0.289622848352
192,0.25426989124,0.249194858761,0.207843450755,0.288691799244
193,0.254509935732,0.248513392682,0.207820184615,0.28915648697
194,0.254743105176,0.2478519176,0.207791128332,0.289613848892
195,0.253914602975,0.248112792995,0.207819915697,0.290152688333
196,0.254137434988,0.247467846047,0.207787621514,0.290607097452
197,0.254149707371,0.247446046796,0.207583192731,0.290821053103
198,0.254572364431,0.247823754434,0.207713810694,0.289890070441
199,0.254794003695,0.247192042608,0.207680090297,0.2903338634
200,0.255009736872,0.246577472502,0.207641409226,0.2907713814
201,0.255219882494,0.245979100722,0.207598041817,0.291202974967
202,0.255644665211,0.246343074798,0.207728950216,0.290283309775
203,0.256060147312,0.246697945733,0.207851817677,0.289390089277
204,0.256272500462,0.246112422785,0.207809494473,0.28980558228
205,0.256682763977,0.246457303393,0.207927355666,0.288932576965
206,0.257084530918,0.246793880321,0.208037876626,0.288083712135
207,0.256247713823,0.247057174624,0.208086346172,0.288608765381
208,0.25663830989,0.24738989429,0.208193016108,0.287778779711
209,0.256874765501,0.247573928826,0.208174340977,0.287376964696
210,0.256061061035,0.247834128502,0.208219543165,0.287885267298
211,0.256273715523,0.247254045703,0.208186346353,0.288285892421
212,0.256295876519,0.247233240739,0.207998415402,0.288472467339
213,0.256504290908,0.24666513612,0.207961658067,0.288868914904
214,0.255707626559,0.246913523259,0.208003543625,0.289375306558
215,0.256087412564,0.247239622399,0.208110640119,0.288562324918
216,0.256290737869,0.2466825928,0.208074071132,0.2889525982
217,0.255514877235,0.246924009605,0.208112882303,0.289448230856
218,0.254764449944,0.247156865015,0.208144291726,0.289934393315
219,0.254037939085,0.247381663473,0.208168741278,0.290411656164
220,0.254406090942,0.24770999741,0.208280076719,0.289603834929
221,0.254598336251,0.247160293651,0.208247153625,0.289994216473
222,0.25461152693,0.247139788948,0.208067794099,0.290180890023
223,0.253899152189,0.247359745828,0.208090875431,0.290650226552
224,0.254262652908,0.247684770195,0.208202113774,0.289850463123
225,0.253569875137,0.247900788334,0.208221494302,0.290307842227
226,0.25357816514,0.247883870063,0.208045218474,0.290492746323
227,0.253764672008,0.247338096994,0.208015179022,0.290882051976
228,0.253086711266,0.24754638982,0.208030916929,0.291335981985
229,0.253443721435,0.247871414221,0.208144531485,0.290540332859
230,0.253626073199,0.247335825962,0.208114477793,0.290923623046
231,0.25296340946,0.24753902945,0.208128476794,0.291369084296
232,0.252319588321,0.24773587496,0.208136994777,0.291807541942
233,0.252492652767,0.247209539983,0.208106260492,0.292191546758
234,0.252495659775,0.247189952713,0.207935387181,0.292379000331
235,0.251864561643,0.247379954792,0.207940827946,0.292814655618
236,0.251864724239,0.247361121867,0.207770735423,0.293003418472
237,0.251248055481,0.247546135319,0.207771874366,0.293433934834
238,0.251600326488,0.247877624611,0.207895747005,0.292626301896
239,0.251945523813,0.248202102644,0.208013445472,0.29183892807
240,0.251946208094,0.248187165978,0.207846608923,0.292020017005
241,0.251946830126,0.248172168892,0.207679854871,0.292201146111
242,0.251947389918,0.248157111408,0.20751318334,0.292382315334
243,0.252290500561,0.248479431155,0.207628556058,0.291601512226
244,0.2522925643,0.248465835411,0.207463161782,0.291778438507
245,0.252630568203,0.24878306427,0.207573924504,0.291012443023
246,0.2526340941,0.248770888972,0.207409771878,0.291185245051
247,0.252967178875,0.249083213173,0.207516095448,0.290433512504
248,0.253294083345,0.249389412071,0.207617047764,0.28969945682
249,0.253479218653,0.248850320755,0.207601593072,0.290068867521
250,0.252854549122,0.24904932201,0.207615833728,0.29048029514
251,0.25224652607,0.249242685883,0.207625246718,0.290885541329
252,0.251654317865,0.249430690027,0.20763007364,0.291284918468
253,0.251077147306,0.249613593923,0.207630540289,0.291678718482
254,0.251394599769,0.249923397879,0.207736374811,0.290945627542
255,0.250830446363,0.25010403167,0.207734656076,0.291330865892
256,0.250280004726,0.250280004726,0.20772896065,0.291711029898
257,0.250451531804,0.249742632391,0.207719475287,0.292086360518
258,0.250763029518,0.250050479775,0.207825896965,0.291360593743
259,0.250222801913,0.250222801913,0.207819499158,0.291734897017
260,0.24969518647,0.250390833722,0.207809442272,0.292104537536
261,0.249998619081,0.250697804609,0.207914520471,0.291389055839
262,0.2501674283,0.2501674283,0.207907463454,0.291757679946
263,0.249649230171,0.250332094934,0.207896871661,0.292121803234
264,0.249641074825,0.250326527125,0.207744913621,0.292287484428
265,0.249804744009,0.249804744009,0.207735954559,0.292654557424
266,0.24979712762,0.24979712762,0.20758456624,0.292821178519
267,0.249789460094,0.249789460094,0.207433245587,0.292987834224
268,0.249275565744,0.249950270328,0.207421846727,0.293352317201
269,0.249434831484,0.249434831484,0.207411539061,0.293718797971
270,0.249590217693,0.24893081306,0.207397923641,0.294081045605
271,0.249581679235,0.248919849178,0.207248108659,0.294250362928
272,0.249573089537,0.248908834385,0.207098359135,0.294419716943
273,0.249063814536,0.249063814536,0.207086735656,0.294785635272
274,0.237261676056,0.237261676056,0.197139904227,0.32833674366
275,0.237686873012,0.237686873012,0.19735923112,0.327267022857
276,0.23810339223,0.23810339223,0.19757096922,0.326222246319
277,0.238195700535,0.237568209464,0.197513491354,0.326722598647
278,0.237659030789,0.237659030789,0.197456854314,0.327225084107
279,0.237746320313,0.237132981337,0.197397272284,0.327723426066
280,0.237688235991,0.237072844003,0.197217060589,0.328021859417
281,0.238103801126,0.23748512652,0.19742973998,0.326981332373
282,0.238511122918,0.237889179508,0.197635216081,0.325964481493
283,0.238910502462,0.238285303502,0.197833752326,0.32497044171
284,0.239302226483,0.238673784696,0.198025599572,0.323998389249
285,0.227210427369,0.226611634718,0.238221438502,0.307956499412
286,0.227259380926,0.226075316771,0.2383124721,0.308352830204
287,0.226710029446,0.226124816551,0.238408744007,0.308756409996
288,0.226754560445,0.225597152174,0.238497527106,0.309150760275
289,0.226906476,0.225744267186,0.237657091253,0.309692165562
290,0.227050762018,0.225883786557,0.236841495878,0.310223955547
291,0.227094849631,0.225363576187,0.236922091979,0.310619482203
292,0.227233117088,0.225494838916,0.236127584537,0.311144459459
293,0.227364520795,0.225619283496,0.23535539564,0.311660800069
294,0.227489419965,0.225737266912,0.23460434561,0.312168967512
295,0.226941981985,0.225787214949,0.234687114295,0.31258368877
296,0.22640488342,0.225833983082,0.234766595011,0.312994538488
297,0.226735351193,0.226161681925,0.23513817359,0.311964793293
298,0.22705865676,0.226482231118,0.235502411437,0.310956700685
299,0.227105285199,0.225964958783,0.235579733939,0.311350022078
300,0.226575947973,0.22601209899,0.235661830365,0.311750122672
301,0.226618476325,0.225502854527,0.235737060858,0.31214160829
302,0.226097580012,0.22554585677,0.235816900627,0.312539662591
303,0.226219442028,0.22566558971,0.235070313851,0.313044654411
304,0.226259077543,0.225163078788,0.235141380763,0.313436462906
305,0.226375931314,0.225275756302,0.234412474731,0.313935837652
306,0.226487011676,0.225382684889,0.233702394324,0.31442790911
307,0.226817249117,0.225707694987,0.234067218569,0.313407837327
308,0.227140505851,0.226025748163,0.234424910791,0.312408835195
309,0.226623703895,0.226072343597,0.234501106103,0.312802846406
310,0.226116104548,0.226116104548,0.234574375706,0.313193415199
311,0.226431742087,0.226431742087,0.234929739546,0.312206776281
312,0.226474905464,0.225932615063,0.235002450811,0.312590028662
313,0.225974660229,0.225974660229,0.235075932402,0.312974747141
314,0.226014061208,0.225482998752,0.235146677798,0.313356262242
315,0.226126269209,0.225593247574,0.23444120192,0.313839281297
316,0.226233068884,0.225698099189,0.233753378448,0.314315453479
317,0.225738346536,0.225738346536,0.233821091657,0.314702215271
318,0.225776016024,0.225251992013,0.233886146588,0.315085845375
319,0.225877577076,0.225351665454,0.233211564276,0.315559193193
320,0.225974192949,0.225446403792,0.232553130902,0.316026272358
321,0.22601117088,0.224966225125,0.232612110734,0.31641049326
322,0.225520731136,0.225003615285,0.232675071872,0.316800581707
323,0.225847015366,0.225327539924,0.233034378393,0.315791066318
324,0.226166569783,0.225644745632,0.233386807972,0.314801876613
325,0.226263164157,0.225739502765,0.232738424876,0.315258908202
326,0.22630160727,0.225264712608,0.232798241148,0.315635438974
327,0.226619010787,0.225577474243,0.233145059824,0.314658455145
328,0.226657068372,0.225110100531,0.233204521733,0.315028309364
329,0.226692825609,0.224650160189,0.233261625228,0.315395388975
330,0.226789691125,0.224739950817,0.23262236464,0.315847993418
331,0.224450976511,0.222416235729,0.230241272041,0.322891515719
332,0.224532746632,0.22249112457,0.229610828526,0.323365300272
333,0.224869927007,0.222819089995,0.229971172297,0.322339810701
334,0.224374471082,0.222852093994,0.230027124458,0.322746310467
335,0.224704711373,0.223175530792,0.230382897399,0.321736860436
336,0.224217215218,0.223208052567,0.230438397382,0.322136334833
337,0.22429747918,0.223284948583,0.229817162292,0.322600409946
338,0.223817027391,0.223315803596,0.229868646296,0.322998522716
339,0.223892238823,0.223389360458,0.229259449521,0.323458951199
340,0.223920158144,0.222924131254,0.229304108849,0.323851601753
341,0.22344554346,0.222952429621,0.229352307088,0.32424971983
342,0.222978433578,0.222978433578,0.229398151294,0.32464498155
343,0.223048608446,0.223048608446,0.228797681,0.325105102108
344,0.212923240667,0.212923240667,0.218427584816,0.355725933849
345,0.212440807852,0.212905266024,0.21842539805,0.356228528073
346,0.212857571783,0.213324295423,0.218871577638,0.354946555156
347,0.213266127978,0.21373510435,0.219309387555,0.353689380118
348,0.212790902571,0.213719807389,0.219310010012,0.354179280027
349,0.213191611539,0.21412495345,0.219742103871,0.352941331141
350,0.213584579482,0.214522334637,0.220166291659,0.351726794222
351,0.213574162734,0.214038442827,0.220174700219,0.35221269422
352,0.213961858529,0.214428311788,0.220593560531,0.351016269152
353,0.213951559296,0.213951559296,0.220602125548,0.35149475586
354,0.213481681271,0.213939213006,0.220608579516,0.351970526207
355,0.213018442716,0.213924887326,0.220612991663,0.352443678295
356,0.213401148403,0.21431179216,0.221031213398,0.351255846039
357,0.213776663229,0.214691484614,0.221442067048,0.350089785109
358,0.213320046612,0.21467952056,0.221448983921,0.350551448907
359,0.21330949166,0.21420712215,0.221461225394,0.351022160796
360,0.201500102473,0.202350411241,0.209222450822,0.386927035464
361,0.20144035439,0.201861383524,0.209182325329,0.387515936756
362,0.201378773367,0.201378773367,0.209140285547,0.38810216772
363,0.200902366665,0.201315418049,0.209096391789,0.388685823498
364,0.201368794785,0.201783949989,0.209604989466,0.38724226576
365,0.201826643422,0.20224389002,0.210104765551,0.385824701006
366,0.202276153628,0.202695479547,0.210595968068,0.384432398757
367,0.202219360709,0.202219360709,0.21056009044,0.385001188141
368,0.202211535332,0.202211535332,0.209912748238,0.385664181098
369,0.202200190142,0.202200190142,0.209278029447,0.386321590269
370,0.202185467906,0.202185467906,0.208655408845,0.386973655342
371,0.2017132316,0.202127999432,0.208613908385,0.387544860582
372,0.202165462726,0.202582285112,0.209100619794,0.386151632368
373,0.202109609852,0.202109609852,0.209061856704,0.386718923592
374,0.201642947717,0.202052033933,0.209021302359,0.387283715991
375,0.201182104416,0.201992788322,0.208979011473,0.387846095789
376,0.201164971884,0.201977758546,0.208362963773,0.388494305798
377,0.200709073165,0.201917218998,0.208317799463,0.389055908374
378,0.200688097786,0.201899339854,0.207711932632,0.389700629728
379,0.201140895596,0.202358100317,0.208199574585,0.388301429502
380,0.20158566172,0.202808794954,0.208678989503,0.386926553822
381,0.201135327809,0.202751583175,0.208635828582,0.387477260435
382,0.201115801063,0.202736169496,0.208039293129,0.388108736313
383,0.201555619524,0.203183810933,0.20851277491,0.386747794634
384,0.192823147323,0.194384890818,0.199496602841,0.413295359017
385,0.192768194932,0.194333586353,0.198897365329,0.414000853387
386,0.192710539719,0.194279554812,0.198308203449,0.41470170202
387,0.193207121093,0.19478428176,0.198833996112,0.413174601035
388,0.19274518929,0.194698812563,0.198757345379,0.413798652768
389,0.19228848641,0.194611877742,0.198679189654,0.414420446194
390,0.192777585223,0.195112925828,0.19920132855,0.412908160399
391,0.193258403062,0.195605623199,0.199714996403,0.411420977336
392,0.193731151464,0.196090183187,0.20022040968,0.409958255669
393,0.193680065323,0.196044543387,0.199638764885,0.410636626405
394,0.193604309959,0.195555896909,0.199576105649,0.411263687483
395,0.19355087909,0.195506916943,0.199003047137,0.411939156829
396,0.193494963511,0.195455424464,0.198439206308,0.412610405718
397,0.193417953177,0.194971502715,0.198372899187,0.413237644921
398,0.193339293022,0.194493575966,0.198304890592,0.41386224042
399,0.183982218613,0.185083412592,0.188719549719,0.442214819076
400,0.183889626053,0.184993039543,0.188150105032,0.442967229372
401,0.183420003313,0.184877841334,0.188040915648,0.443661239705
402,0.18396088872,0.185426695612,0.188607159066,0.442005256603
403,0.184493049376,0.185966777099,0.189164526535,0.44037564699
404,0.184029574194,0.185855188254,0.189059036849,0.441056200702
405,0.183571007214,0.185742281834,0.188952197529,0.441734513422
406,0.184095738912,0.186278641683,0.18950586342,0.440119755985
407,0.183988699035,0.185790583262,0.189409223228,0.440811494474
408,0.184507486216,0.186318923588,0.189956878982,0.439216711214
409,0.184054258174,0.186208882939,0.189853709793,0.439883149093
410,0.184565386524,0.186731321357,0.190395420135,0.438307871983
411,0.184481460915,0.186651735143,0.18983078506,0.439036018883
412,0.184987075793,0.187168637205,0.190364332246,0.437479954756
413,0.18548483332,0.187677618364,0.190889866592,0.435947681724
414,0.185974916266,0.188178862879,0.191407574524,0.43443864633
415,0.185877660916,0.187697130448,0.191320816078,0.435104392558
416,0.186362495447,0.188191138663,0.191833221908,0.433613143981
417,0.18683997635,0.188677744062,0.192338128233,0.432144151354
418,0.186745677893,0.188202330893,0.192254457845,0.432797533368
419,0.187218156071,0.18868201016,0.192754311421,0.431345522348
420,0.177172290007,0.178560922802,0.182424100629,0.461842686562
421,0.17769221962,0.179088264404,0.182972198083,0.460247317894
422,0.177568135721,0.178605401766,0.182857174997,0.460969287515
423,0.178082805615,0.179125556286,0.183399960539,0.45939167756
424,0.178590078254,0.179638284492,0.183935202226,0.457836435027
425,0.178491093731,0.179541202922,0.183365507298,0.45860219605
426,0.17899351992,0.180049075967,0.183893339238,0.457064064875
427,0.178894842142,0.179952305883,0.183332005172,0.457820846803
428,0.179392509363,0.180455411435,0.183852589759,0.456299489443
429,0.179883190037,0.180951502834,0.184366072963,0.454799234166
430,0.179769021826,0.180474669854,0.184259656599,0.455496651721
431,0.180255005995,0.180964214213,0.184768406965,0.454012372826
432,0.180161347682,0.180871839115,0.184214461895,0.454752351307
433,0.180642877002,0.181356923553,0.18471635888,0.453283840565
434,0.181117800419,0.181835384761,0.185211551978,0.451835262842
435,0.181586254287,0.182307359451,0.185700179586,0.450406206676
436,0.181479234043,0.18183650651,0.18560031501,0.451083944437
437,0.181370869455,0.181370869455,0.185499064686,0.451759196405
438,0.181282101768,0.181282101768,0.184951584471,0.452484211992
439,0.1811725222,0.180820987818,0.184848263282,0.453158226699
440,0.181642937095,0.181289686062,0.185336721118,0.451730655724
441,0.182107053641,0.181752094074,0.185818796641,0.450322055644
442,0.181646022193,0.181646022193,0.185719691327,0.450988264287
443,0.181538664319,0.181189969935,0.185619260674,0.451652105072
444,0.181998868462,0.181648499992,0.186099168219,0.450253463327
445,0.181892229007,0.181197603171,0.185999480252,0.45091068757
446,0.182348297626,0.181650364725,0.186475225133,0.449526112516
447,0.182242375342,0.181204506731,0.186376278549,0.450176839378
448,0.181785346707,0.181099548366,0.186280077946,0.450835026981
449,0.181677708648,0.180657803973,0.186179951362,0.451484536016
450,0.182131888223,0.181107158037,0.186655585046,0.450105368694
451,0.182580149861,0.181550616212,0.187125204899,0.448744029028
452,0.18250154029,0.181470169512,0.186580203515,0.449448086683
453,0.182048936617,0.18136737311,0.18648599481,0.450097695464
454,0.172813799675,0.172165382414,0.177035202337,0.477985615574
455,0.172355504975,0.172034167094,0.176911168305,0.478699159626
456,0.172244444817,0.17192260732,0.176364641306,0.479468306558
457,0.172131608589,0.171809275716,0.175825581135,0.480233534561
458,0.171677030932,0.171677030932,0.175699148134,0.480946790002
459,0.172168479765,0.172168479765,0.176211039972,0.479452000499
460,0.172653743759,0.172653743759,0.176716652859,0.477975859623
461,0.173132938604,0.173132938604,0.177216104252,0.47651801854
462,0.1736061773,0.1736061773,0.177709508886,0.475078136514
463,0.174073570236,0.174073570236,0.178196978837,0.47365588069
464,0.202866801994,0.167794508626,0.171777884986,0.457560804395
465,0.202793734845,0.167351708183,0.171654331918,0.458200225054
466,0.203383644387,0.167769050689,0.172091819097,0.456755485827
467,0.20396734411,0.16818089875,0.172523717307,0.455328039833
468,0.204544948696,0.168587353483,0.172950129362,0.453917568459
469,0.205116570192,0.168988513674,0.173371155707,0.452523760427
470,0.205050962229,0.168551078535,0.173253443793,0.453144515443
471,0.204330083607,0.168499018511,0.173210093461,0.453960804421
472,0.204897158997,0.168897351765,0.173629750463,0.452575738775
473,0.204856136751,0.168794278781,0.173102518534,0.453247065933
474,0.205419703357,0.169189217648,0.173516802675,0.45187427632
475,0.205977557012,0.169579100747,0.173925945204,0.450517397037
476,0.205939026506,0.169477840302,0.173405678569,0.451177454623
477,0.206493505716,0.1698644525,0.173809634443,0.449832407342
478,0.205776879684,0.169818901518,0.173771407181,0.450632811616
479,0.206325011355,0.170202706824,0.174172546502,0.449299735319
480,0.206287683503,0.170103409694,0.173658484078,0.449950422725
481,0.206832554551,0.170484048888,0.174054594268,0.448628802293
482,0.207372062133,0.170859934938,0.174445885444,0.447322117485
483,0.206661621004,0.170818371089,0.174410980488,0.448109027419
484,0.207195047192,0.171191613493,0.174799620835,0.44681371848
485,0.207723288158,0.171560251771,0.175183593058,0.445532867013
486,0.208246434449,0.171924365946,0.175562978265,0.44426622134
487,0.207543261171,0.171886430829,0.175531819908,0.445038488092
488,0.208060598696,0.172248064354,0.175908718896,0.443782618054
489,0.221687788417,0.169098181993,0.17269935184,0.43651467775
490,0.222254963861,0.169436763639,0.173052616596,0.435255655904
491,0.22143684044,0.169430252029,0.173053438625,0.436079468906
492,0.221997748356,0.169766653284,0.173404521425,0.434831076935
493,0.222553700354,0.170098848703,0.173751338076,0.433596112867
494,0.222535423527,0.16966627014,0.173649677555,0.434148628778
495,0.210552735878,0.160442084745,0.16421665751,0.464788521867
496,0.210516262548,0.160326054844,0.16370418373,0.465453498879
497,0.211116285578,0.160694583569,0.164087389388,0.464101741466
498,0.208224056243,0.158405936009,0.161757234485,0.471612773263
499,0.207406557597,0.158360836835,0.161717993265,0.472514612303
500,0.206600269905,0.158313164921,0.161676121061,0.473410444113
501,0.20005720872,0.153217601883,0.156478907292,0.490246282105
502,0.200677818062,0.153610935777,0.156887222077,0.488824024084
503,0.200611728533,0.153478446033,0.156377636035,0.4895321894
504,0.200528160544,0.153038288926,0.156234949845,0.490198600686
505,0.200879728014,0.153224245874,0.1564312201,0.489464806012
506,0.189598717462,0.144541788992,0.147573104907,0.51828638864
507,0.188799374616,0.144449382692,0.147484822032,0.51926642066
508,0.188010509685,0.14435482337,0.147394333295,0.52024033365
509,0.187908169019,0.144201075896,0.146888753696,0.521002001389
510,0.188556837146,0.144623474707,0.14732438079,0.519495307357
511,0.18777594985,0.144528951833,0.1472334448,0.520461653517
512,0.187005053502,0.144432375507,0.147140410049,0.521422160942
513,0.186887643686,0.143991781233,0.146979053919,0.522141521161
514,0.187530782708,0.144413736369,0.14741567501,0.520639805913
515,0.188168647172,0.144831164736,0.147847709833,0.519152478259
516,0.188801312535,0.14524413095,0.1482752238,0.517679332715
517,0.188688956931,0.144808007181,0.148117475962,0.518385559926
518,0.18859145975,0.144658959299,0.147616113814,0.519133467137
519,0.189223184189,0.145069088334,0.148040421207,0.51766730627
520,0.189849829869,0.145474867,0.148460321943,0.516214981188
521,0.190471468699,0.145876356722,0.14887587819,0.514776296389
522,0.1910881714,0.146273617894,0.149287151074,0.513351059633
523,0.190982622526,0.145841757581,0.149134010977,0.514041608916
524,0.191596429842,0.146234921624,0.14954244535,0.512626203185
525,0.191491736302,0.145807228482,0.149389929665,0.513311105551
526,0.190716582958,0.145723287367,0.149310842704,0.514249286971
527,0.191326386967,0.146114320848,0.149718438616,0.51284085357
528,0.19193143143,0.146501282376,0.150121899385,0.511445386808
529,0.191828479678,0.146077482914,0.149971440325,0.512122597082
530,0.192188049627,0.145791391997,0.149685181045,0.512335377331
531,0.192794038171,0.146174719912,0.150086224749,0.510945017169
532,0.192692571406,0.145754975018,0.149936376803,0.511616076772
533,0.191921228571,0.145674233561,0.1498613013,0.512543236568
534,0.19181767997,0.145258066471,0.149710815329,0.51321343823
535,0.191055051209,0.145175044301,0.149633724467,0.514136180023
536,0.191657926223,0.145558268926,0.150037217986,0.512746586865
537,0.192256175625,0.145937549912,0.150436691523,0.51136958294
538,0.187163099654,0.141998460248,0.146384454988,0.52445398511
539,0.186408684447,0.141905765704,0.1462971846,0.525388365249
540,0.187012690523,0.142293408014,0.146705133275,0.523988768188
541,0.186898842674,0.141879624324,0.14654980634,0.524671726662
542,0.18750015958,0.142263476576,0.146955107,0.523281256844
543,0.188097004886,0.142643509155,0.147356509872,0.521902976087
544,0.187347698558,0.142554034688,0.147272911522,0.522825355232
545,0.186607536281,0.142462711145,0.147187392216,0.523742360359
546,0.186515282087,0.142321644965,0.146685624059,0.524477448889
547,0.185783098798,0.142228601493,0.146597851353,0.525390448356
548,0.186374320723,0.142611425619,0.147000581858,0.5240136718
549,0.186961170393,0.142990497232,0.147399488332,0.522648844043
550,0.180668660827,0.138110308132,0.142376712551,0.53884431849
551,0.181264542006,0.13849804317,0.142784337634,0.53745307719
552,0.181159009637,0.13834970186,0.142288596492,0.538202692012
553,0.181034980715,0.137938042276,0.142128867381,0.538898109627
554,0.180602390549,0.137540672069,0.14172710856,0.540129828823
555,0.179875453226,0.137437030857,0.141627991626,0.541059524291
556,0.179748970178,0.137028764565,0.141467344206,0.541754921051
557,0.178714954087,0.136173899583,0.140592863917,0.544518282413
558,0.179308774491,0.13655957991,0.14099915838,0.54313248722
559,0.179180970321,0.136154836075,0.140837872624,0.54382632098
560,0.179772323873,0.13653698059,0.141241720431,0.542448975107
561,0.179664745949,0.13638813922,0.140750626927,0.543196487903
562,0.178941700805,0.136284062341,0.140651128684,0.54412310817
563,0.167611826136,0.127593148318,0.131689128059,0.573105897487
564,0.168221192029,0.127994877272,0.132111180758,0.57167274994
565,0.168085855102,0.127829837352,0.131628997289,0.572455310257
566,0.167711987699,0.12748361231,0.13237996762,0.572424432372
567,0.192725529568,0.123424965111,0.128173986623,0.555675518698
568,0.192603511729,0.123032298609,0.128000562763,0.556363626899
569,0.192480585544,0.122642960614,0.127826719015,0.557049734828
570,0.193209916898,0.123010019737,0.128218637421,0.555561425944
571,0.193088046222,0.122623940907,0.128045454106,0.556242558765
572,0.193814890272,0.122987533238,0.128434869613,0.554762706878
573,0.19286684447,0.122907244929,0.128360767412,0.555865143189
574,0.192765664511,0.122746040144,0.127885685545,0.5566026098
575,0.192663024454,0.122584084018,0.127416214046,0.557336677482
576,0.193387626633,0.122948234864,0.12780332723,0.555860811273
577,0.192447455016,0.122867765611,0.127728283192,0.556956496181
578,0.193165703744,0.123230294309,0.128113781959,0.555490219988
579,0.193046078778,0.122847125032,0.127943357816,0.556163438374
580,0.193761917225,0.123206273855,0.128326429733,0.554705379187
581,0.192828772418,0.12312707433,0.128252957739,0.555791195513
582,0.192620254058,0.12315110627,0.128024223934,0.556204415738
583,0.192500538232,0.122770549887,0.127854729041,0.55687418284
584,0.192379977671,0.122393081147,0.127684848505,0.557542092677
585,0.193094427815,0.122752361549,0.128068960486,0.556084250151
586,0.192974889809,0.122377924736,0.127899719545,0.55674746591
587,0.182369264793,0.115562203478,0.12078557896,0.581282952769
588,0.174908653802,0.110748371364,0.115762895985,0.598580078849
589,0.174750219886,0.110380409252,0.115576746261,0.599292624601
590,0.175486911235,0.110759164125,0.115982405149,0.597771519491
591,0.175347764634,0.110584903653,0.115525591094,0.598541740618
592,0.175207423005,0.110410094755,0.115073993144,0.599308489096
593,0.175943869663,0.110787583761,0.115475511627,0.597793034948
594,0.176676320162,0.111161901438,0.115873780012,0.596287998388
595,0.17576287631,0.111055982291,0.115771475673,0.597409665726
596,0.175607813165,0.110690837498,0.11558806426,0.598113285078
597,0.175898475744,0.110788084603,0.115698031581,0.597615408072
598,0.174994419351,0.110681207572,0.115594828199,0.598729544878
599,0.174855639632,0.110508601742,0.115147125705,0.599488632921
600,0.174699794836,0.110146369665,0.11496415816,0.600189677339
601,0.170317329579,0.107300613277,0.112001933191,0.610380123953
602,0.171045393748,0.107676348756,0.112402164374,0.608876093122
603,0.171769661837,0.108049054346,0.112799289101,0.607381994716
604,0.172490167078,0.108418757214,0.113193335065,0.605897740644
605,0.171595805584,0.10830825603,0.113086049524,0.607009888863
606,0.171435389222,0.107949987375,0.112902357975,0.607712265428
607,0.170551545729,0.107837814882,0.112793401705,0.608817237684
608,0.170389805283,0.107482220978,0.112609574646,0.609518399093
609,0.169516263384,0.107368432701,0.11249899476,0.610616309155
610,0.170229866705,0.107739459743,0.112896418276,0.609134255275
611,0.159029823746,0.100575315477,0.10539745301,0.634997407767
612,0.158184420993,0.100445993737,0.105270012469,0.636099572802
613,0.15800327931,0.100097409123,0.105079405625,0.636819905942
614,0.157821657104,0.0997513804719,0.104888686688,0.637538275736
615,0.152560748067,0.0963540753515,0.101324717083,0.649760459499
616,0.146779794739,0.0926335947333,0.0974202877325,0.663166322795
617,0.146187507119,0.0921907747797,0.0969625288961,0.664659189206
618,0.145374125927,0.0920475872217,0.0968198614562,0.665758425395
619,0.144570647039,0.0919033164429,0.0966760305146,0.666850006004
620,0.145278930262,0.0922858949779,0.0970864303614,0.665348744399
621,0.14598409161,0.0926658817987,0.0974941700508,0.66385585654
622,0.145185834504,0.0925228538043,0.0973516646956,0.664939646997
623,0.145885678901,0.0929014170487,0.0977579936271,0.663454910423
624,0.1431690835,0.0911053383818,0.0958758760637,0.669849702054
625,0.142983379612,0.0909211754432,0.0954556369825,0.670639807962
626,0.142197670336,0.0907759034308,0.0953105533253,0.671715872908
627,0.140868444375,0.0898627991113,0.0943591947145,0.6749095618
628,0.132335232923,0.0843586914757,0.0885865913014,0.6947194843
629,0.133020923585,0.0847349216685,0.0889886178155,0.693255536931
630,0.133703944018,0.0851088684996,0.0893883083314,0.691798879151
631,0.134384305869,0.0854805436834,0.0897856745996,0.690349475849
632,0.132428920895,0.0841762721355,0.0884226111142,0.694972195855
633,0.128304860337,0.0814963355929,0.0856141602301,0.70458464384
634,0.128024817151,0.081260083163,0.0857710885986,0.704944011088
635,0.128694331031,0.0816263994021,0.0861650941643,0.703514175403
636,0.129361413748,0.0819906069416,0.0865569402252,0.702091039085
637,0.13002607418,0.0823527153486,0.0869466363206,0.700674574151
638,0.129782255112,0.0821392842766,0.0868631997357,0.701215260875
639,0.119892032257,0.0758252838709,0.0801931139365,0.724089569936
640,0.120544813507,0.0761834046355,0.0805789370324,0.722692844825
641,0.120328191344,0.075869481865,0.0803834500852,0.723418876706
642,0.119602233081,0.0757117038929,0.0802235289588,0.724462534068
643,0.116410389357,0.0736386269507,0.0780339592204,0.731917024472
644,0.117053430703,0.0739926013204,0.0784161424411,0.730537825535
645,0.113520658279,0.0717082722083,0.0760021108958,0.738768958617
646,0.114154939538,0.0720575139652,0.0763791619332,0.737408384564
647,0.114787348114,0.0724050399538,0.0767544616157,0.736053150316
648,0.115417886003,0.072750854543,0.0771280140914,0.734703245362
649,0.114957431484,0.0724089489971,0.0767724697635,0.735861149756
