episode,omega2,omega3,omega4,omega
1,0.25,0.25,0.25,0.25
2,0.25,0.25,0.25,0.25
3,0.25,0.25,0.25,0.25
4,0.25,0.25,0.25,0.25
5,0.25,0.25,0.25,0.25
6,0.25,0.25,0.25,0.25
7,0.25,0.25,0.25,0.25
8,0.25,0.25,0.25,0.25
9,0.25,0.25,0.25,0.25
10,0.25,0.25,0.25,0.25
11,0.25,0.25,0.25,0.25
12,0.25,0.25,0.25,0.25
13,0.25,0.25,0.25,0.25
14,0.25,0.25,0.25,0.25
15,0.25,0.25,0.25,0.25
16,0.25,0.25,0.25,0.25
17,0.25,0.25,0.25,0.25
18,0.25,0.25,0.25,0.25
19,0.25,0.25,0.25,0.25
20,0.25,0.25,0.25,0.25
21,0.25,0.25,0.25,0.25
22,0.25,0.25,0.25,0.25
23,0.25,0.25,0.25,0.25
24,0.25,0.25,0.25,0.25
25,0.25,0.25,0.25,0.25
26,0.25,0.25,0.25,0.25
27,0.25,0.25,0.25,0.25
28,0.25,0.25,0.25,0.25
29,0.25,0.25,0.25,0.25
30,0.25,0.25,0.25,0.25
31,0.25,0.25,0.25,0.25
32,0.25,0.25,0.25,0.25
33,0.25,0.25,0.25,0.25
34,0.25,0.25,0.25,0.25
35,0.25,0.25,0.25,0.25
36,0.25,0.25,0.25,0.25
37,0.25,0.25,0.25,0.25
38,0.25,0.25,0.25,0.25
39,0.25,0.25,0.25,0.25
40,0.25,0.25,0.25,0.25
41,0.25,0.25,0.25,0.25
42,0.25,0.25,0.25,0.25
43,0.25,0.25,0.25,0.25
44,0.25,0.25,0.25,0.25
45,0.25,0.25,0.25,0.25
46,0.25,0.25,0.25,0.25
47,0.25,0.25,0.25,0.25
48,0.25,0.25,0.25,0.25
49,0.25,0.25,0.25,0.25
50,0.25,0.25,0.25,0.25
51,0.25,0.25,0.25,0.25
52,0.239310780048,0.239310780048,0.282067659856,0.239310780048
53,0.239093054428,0.239093054428,0.282720836715,0.239093054428
54,0.239644032162,0.239644032162,0.281067903513,0.239644032162
55,0.240124524863,0.240124524863,0.279626425411,0.240124524863
56,0.240547234608,0.240547234608,0.278358296175,0.240547234608
57,0.240369395137,0.240369395137,0.27889181459,0.240369395137
58,0.24019134679,0.24019134679,0.279425959629,0.24019134679
59,0.240013089829,0.240013089829,0.279960730512,0.240013089829
60,0.239834624516,0.239834624516,0.280496126452,0.239834624516
61,0.239655951114,0.239655951114,0.281032146657,0.239655951114
62,0.239477069891,0.239477069891,0.281568790326,0.239477069891
63,0.239297981115,0.239297981115,0.282106056655,0.239297981115
64,0.239118685056,0.239118685056,0.282643944831,0.239118685056
65,0.238939181987,0.238939181987,0.283182454038,0.238939181987
66,0.238759472184,0.238759472184,0.283721583449,0.238759472184
67,0.23923823878,0.23923823878,0.28228528366,0.23923823878
68,0.239068843846,0.239068843846,0.282793468462,0.239068843846
69,0.238899264332,0.238899264332,0.283302207005,0.238899264332
70,0.23872950047,0.23872950047,0.283811498591,0.23872950047
71,0.238559552493,0.238559552493,0.28432134252,0.238559552493
72,0.238389420638,0.238389420638,0.284831738087,0.238389420638
73,0.23821910514,0.23821910514,0.285342684581,0.23821910514
74,0.233412910012,0.233412910012,0.280287531809,0.252886648167
75,0.233184087947,0.233184087947,0.280715614138,0.252916209967
76,0.233278204476,0.233278204476,0.28153382079,0.251909770258
77,0.233053332561,0.233053332561,0.281968426038,0.251924908839
78,0.233117284047,0.233117284047,0.282753760361,0.251011671544
79,0.232895812401,0.232895812401,0.283194194837,0.25101418036
80,0.232674293619,0.232674293619,0.283635001408,0.251016411354
81,0.23245272808,0.23245272808,0.284076179488,0.251018364351
82,0.22045425095,0.22045425095,0.320801144835,0.238290353266
83,0.220076129026,0.220076129026,0.321737510243,0.238110231706
84,0.219697740316,0.219697740316,0.322675264368,0.237929255
85,0.219566245127,0.219566245127,0.32397909338,0.236888416367
86,0.219189644495,0.219189644495,0.32492473201,0.236695978999
87,0.219036025444,0.219036025444,0.326204249059,0.235723700052
88,0.220097016341,0.220097016341,0.322738127953,0.237067839364
89,0.219739815478,0.219739815478,0.323635113915,0.236885255129
90,0.219382362199,0.219382362199,0.324533361904,0.236701913698
91,0.219233936318,0.219233936318,0.325743817667,0.235788309697
92,0.219067386769,0.219067386769,0.326931590984,0.234933635477
93,0.220090050447,0.220090050447,0.323608098582,0.236211800524
94,0.219751546565,0.219751546565,0.324467112091,0.23602979478
95,0.21941280376,0.21941280376,0.325327279645,0.235847112835
96,0.219253120058,0.219253120058,0.326455558969,0.235038200915
97,0.219079403641,0.219079403641,0.3275665959,0.234274596819
98,0.21874272596,0.21874272596,0.328436525293,0.234078022787
99,0.219743958354,0.219743958354,0.325198316878,0.235313766414
100,0.219421904337,0.219421904337,0.326023105725,0.235133085601
101,0.219255845465,0.219255845465,0.327081993133,0.234406315936
102,0.218934552496,0.218934552496,0.32791162789,0.234219267119
103,0.218613031821,0.218613031821,0.328742316584,0.234031619774
104,0.218291284999,0.218291284999,0.329574055314,0.233843374689
105,0.217969313591,0.217969313591,0.330406840156,0.233654532662
106,0.208823969054,0.208823969054,0.317812572445,0.264539489447
107,0.20965373037,0.20965373037,0.314503020374,0.266189518885
108,0.209275826744,0.209275826744,0.315139486568,0.266308859944
109,0.208898039457,0.208898039457,0.315776386969,0.266427534116
110,0.209663114413,0.209663114413,0.312667494113,0.268006277061
111,0.21035077674,0.21035077674,0.309806838803,0.269491607717
112,0.210970353949,0.210970353949,0.307164442036,0.270894850067
113,0.210622371252,0.210622371252,0.307697396253,0.271057861243
114,0.211190031138,0.211190031138,0.305218675499,0.272401262225
115,0.210850439881,0.210850439881,0.305722623917,0.272576496322
116,0.210510965889,0.210510965889,0.306226780648,0.272751287575
117,0.204806054584,0.204806054584,0.298900480948,0.291487409884
118,0.204425021993,0.204425021993,0.299318288619,0.291831667396
119,0.204044206878,0.204044206878,0.299735958427,0.292175627817
120,0.203663610945,0.203663610945,0.300153488575,0.292519289536
121,0.192570083764,0.192570083764,0.284730606331,0.330129226141
122,0.192106015054,0.192106015054,0.284971661643,0.33081630825
123,0.178919744064,0.178919744064,0.266277430482,0.37588308139
124,0.180146764739,0.180146764739,0.268978727082,0.37072774344
125,0.179597258406,0.179597258406,0.269033615155,0.371771868034
126,0.179048299482,0.179048299482,0.26908681804,0.372816582995
127,0.180195609815,0.180195609815,0.271695100097,0.367913680274
128,0.179660742325,0.179660742325,0.271772912045,0.368905603305
129,0.17912641066,0.17912641066,0.271849150025,0.369898028656
130,0.178592619905,0.178592619905,0.271923813327,0.370890946863
131,0.178059375126,0.178059375126,0.271996901288,0.37188434846
132,0.179158997603,0.179158997603,0.274570018583,0.367111986212
133,0.178638763012,0.178638763012,0.274666421791,0.368056052185
134,0.178874028497,0.178874028497,0.271687394159,0.370564548847
135,0.179060070257,0.179060070257,0.268892897004,0.372986962483
136,0.179202057351,0.179202057351,0.266263349898,0.375332535401
137,0.17869399525,0.17869399525,0.266288369967,0.376323639534
138,0.178799639836,0.178799639836,0.263786866504,0.378613853824
139,0.178295258656,0.178295258656,0.263790451981,0.379619030707
140,0.178367899947,0.178367899947,0.261405050635,0.381859149472
141,0.179546204404,0.179546204404,0.263856458428,0.377051132764
142,0.179057362033,0.179057362033,0.263862642378,0.378022633556
143,0.178568928269,0.178568928269,0.263867463548,0.378994679914
144,0.179678779636,0.179678779636,0.266238565442,0.374403875286
145,0.180704630641,0.180704630641,0.268495914655,0.370094824064
146,0.180238458932,0.180238458932,0.268540683983,0.370982398154
147,0.179772673428,0.179772673428,0.268584241059,0.371870412085
148,0.179895603012,0.179895603012,0.266226874911,0.373981919066
149,0.179433145627,0.179433145627,0.266251493702,0.374882215045
150,0.20720437154,0.17281665751,0.257118318698,0.362860652252
151,0.206139519215,0.172505344273,0.25734042215,0.364014714362
152,0.207473906891,0.173415956568,0.259389592599,0.359720543943
153,0.208727474896,0.174256691952,0.261343072622,0.355672760529
154,0.207699380421,0.17396178528,0.261597397985,0.356741436314
155,0.208881678361,0.17474946599,0.263483520508,0.35288533514
156,0.209256122455,0.174860025093,0.261160138121,0.354723714331
157,0.210392666423,0.175606187609,0.262954219569,0.351046926399
158,0.210753610576,0.175703775776,0.260737539684,0.352805073964
159,0.211847804714,0.17641149998,0.26244676531,0.349293929996
160,0.212883083662,0.177068346231,0.264087062415,0.345961507692
161,0.213864065758,0.177678325056,0.265663878651,0.342793730536
162,0.214794904511,0.178245043079,0.267182113811,0.339777938599
163,0.21567934473,0.17877175183,0.268646185922,0.336902717517
164,0.216520770833,0.179261389751,0.270060088137,0.334157751279
165,0.216293764334,0.178866104031,0.270142899173,0.334697232463
166,0.216737566968,0.179025582794,0.267958844593,0.336278005646
167,0.217148483217,0.179157319695,0.265880529614,0.337813667474
168,0.216146252528,0.178946383236,0.266199813592,0.338707550644
169,0.215921216605,0.178558022284,0.266254546358,0.339266214754
170,0.214944981564,0.178340750538,0.266563755546,0.340150512352
171,0.21579303688,0.178846713193,0.267956511332,0.337403738595
172,0.216187301217,0.178975659897,0.265926962328,0.338910076558
173,0.216552923945,0.179080418439,0.263989669044,0.340376988572
174,0.217392330194,0.179576094557,0.265318314838,0.337713260412
175,0.218194205479,0.180039489819,0.266603814264,0.335162490438
176,0.218562593536,0.180144352765,0.26473548179,0.336557571908
177,0.21836116268,0.179779625286,0.264781325053,0.337077886981
178,0.218159538648,0.179415324707,0.264826716402,0.337598420243
179,0.218952342269,0.179868527987,0.266080360806,0.335098768938
180,0.21875652983,0.179509264122,0.266133709174,0.335600496875
181,0.219121133979,0.179609938427,0.264304412147,0.336964515448
182,0.219461761884,0.1796905404,0.262551515434,0.338296182283
183,0.219780143314,0.179752550647,0.260869387038,0.339597919001
184,0.220584437915,0.180211182119,0.262070729239,0.337133650727
185,0.221355848465,0.180641746124,0.263234998076,0.334767407335
186,0.22037942711,0.180482680527,0.263541956244,0.33559593612
187,0.219432755127,0.180316293954,0.263838355377,0.336412595542
188,0.219749612773,0.180386159868,0.262191020255,0.337673207104
189,0.218828149191,0.180216026786,0.262468106487,0.338487717536
190,0.219578766927,0.180647563792,0.263623282838,0.336150386442
191,0.220299602489,0.181053541556,0.264744658486,0.333902197468
192,0.220617053305,0.181127308727,0.263139610698,0.33511602727
193,0.220915427245,0.181185084765,0.261594955838,0.336304532153
194,0.220014655211,0.181026054286,0.261865793957,0.337093496547
195,0.220729006293,0.18143036269,0.262953176322,0.334887454695
196,0.221416309803,0.181811460017,0.264010057721,0.332762172459
197,0.220540025102,0.181657103771,0.264290996645,0.333511874482
198,0.2212012406,0.182021527212,0.265328255752,0.331448976436
199,0.221838287414,0.182365183842,0.266338188843,0.329458339901
200,0.222452518608,0.182689245242,0.267322343731,0.327535892419
201,0.22159860152,0.182543790649,0.267620950284,0.328236657546
202,0.222190443206,0.182853983071,0.268589007203,0.32636656652
203,0.222761765637,0.183146532842,0.269533825708,0.324557875813
204,0.221929540209,0.183004354026,0.269840269533,0.325225836232
205,0.22111936487,0.182856678471,0.270138778237,0.325885178421
206,0.220329931725,0.182703842921,0.270429803191,0.326536422164
207,0.219560034901,0.182546157916,0.270713760545,0.327180046639
208,0.219895923963,0.182661642547,0.269126743775,0.328315689715
209,0.220213292196,0.182761402803,0.267598505209,0.329426799791
210,0.219458855534,0.182604420412,0.267859242816,0.330077481238
211,0.219757280033,0.182691957562,0.266378309333,0.331172453072
212,0.219596773303,0.182398009391,0.266427730416,0.33157748689
213,0.219436143582,0.182104334824,0.266476868948,0.331982652646
214,0.219721681471,0.182180972991,0.265032888312,0.333064457226
215,0.219991690579,0.182244471332,0.263638200686,0.334125637403
216,0.219834291859,0.181953957326,0.263672477513,0.334539273302
217,0.220438498358,0.18229362969,0.264620876985,0.332646994967
218,0.220284764997,0.182006329888,0.264660069378,0.333048835737
219,0.219532947097,0.181858624116,0.264901945811,0.333706482976
220,0.220120218075,0.182187700902,0.26583956666,0.331852514363
221,0.220687954326,0.182499919581,0.266754994819,0.330057131273
222,0.219953351603,0.182355873826,0.267004731325,0.330686043246
223,0.220502213828,0.18265591982,0.267905895082,0.32893597127
224,0.220789974284,0.182739222217,0.266511643701,0.329959159798
225,0.209368286185,0.173139016619,0.252938110452,0.364554586744
226,0.209165301191,0.172824501924,0.252906240052,0.365103956832
227,0.20896217865,0.17251028254,0.252873969064,0.365653569746
228,0.241104448227,0.165157060241,0.242505275287,0.351233216245
229,0.241028823446,0.164830310863,0.242435398198,0.351705467493
230,0.24137908134,0.164794951458,0.241025176063,0.35280079114
231,0.240096543723,0.164731515536,0.24133273872,0.353839202022
232,0.240427146568,0.164688374671,0.239960123667,0.354924355094
233,0.239174479537,0.164619047825,0.240250282972,0.355956189667
234,0.240120222204,0.165004085178,0.241204945496,0.353670747122
235,0.240442181279,0.164959499986,0.239864312345,0.35473400639
236,0.241373036921,0.16533170303,0.240790454715,0.352504805334
237,0.242280147923,0.165686043383,0.241692890926,0.350340917768
238,0.243164625916,0.16602336266,0.242572730635,0.348239280789
239,0.278137530332,0.158042771926,0.231282211423,0.332537486319
240,0.279237793556,0.158291572108,0.232017213812,0.330453420524
241,0.277450681939,0.158378455511,0.23251626608,0.33165459647
242,0.277975561905,0.158307825413,0.231187434928,0.332529177754
243,0.278058639177,0.157985641906,0.231079743347,0.33287597557
244,0.276306872453,0.15806463636,0.231558852245,0.334069638942
245,0.277386257479,0.158317817304,0.232294474601,0.332001450616
246,0.278443851869,0.158556594273,0.233010670229,0.329988883629
247,0.278528669524,0.158240775857,0.232912243228,0.330318311391
248,0.279570297764,0.158467917668,0.233613362271,0.328348422297
249,0.280105370674,0.158406712633,0.232296798101,0.329191118592
250,0.280626714418,0.158337207053,0.231017450791,0.330018627738
251,0.278881160493,0.158429476732,0.231503029011,0.331186333763
252,0.2789655487,0.158119361065,0.231400676066,0.331514414169
253,0.267114538486,0.15106006656,0.264176036301,0.317649358653
254,0.266009356206,0.150095172632,0.263071463914,0.320824007249
255,0.266039415487,0.149772977876,0.263089642299,0.321097964338
256,0.264313060072,0.149808947166,0.26373714855,0.322140844213
257,0.265231318192,0.149995057578,0.264651142036,0.320122482194
258,0.266130423673,0.150168791885,0.265546009284,0.318154775158
259,0.26616107052,0.149852058208,0.265574317093,0.318412554179
260,0.264462085877,0.149888278427,0.266228350492,0.319421285204
261,0.265340183434,0.150056623641,0.267119177688,0.317484015236
262,0.263680734811,0.150087177138,0.267766817567,0.318465270483
263,0.264383609565,0.15016268857,0.265908486397,0.319545215469
264,0.265066323193,0.150225749859,0.264105755673,0.320602171274
265,0.26509168714,0.149916092665,0.264127381658,0.320864838537
266,0.265757569667,0.1499685207,0.26237035211,0.321903557522
267,0.264115618752,0.150000809153,0.26298132634,0.322902245755
268,0.262516475173,0.150023475293,0.263576805635,0.3238832439
269,0.262530955075,0.149717674729,0.263595323557,0.32415604664
270,0.26316762622,0.149766581075,0.261867868824,0.325197923881
271,0.261596980847,0.14978431851,0.262443460031,0.326175240612
272,0.262209891514,0.149825514845,0.260757871432,0.327206722209
273,0.26280607874,0.149856367683,0.259118767235,0.328218786342
274,0.263712681664,0.150063094496,0.259999143201,0.326225080639
275,0.262164129929,0.150082485074,0.26055678255,0.327196602448
276,0.263046938629,0.150281629172,0.261428310846,0.325243121353
277,0.263912015006,0.150469232526,0.262282177076,0.323336575393
278,0.262391477694,0.150488530806,0.262844460146,0.324275531354
279,0.260908025889,0.150499478739,0.263393330138,0.325199165233
280,0.261745832532,0.150684225916,0.264248128773,0.323321812779
281,0.262567182818,0.150858199155,0.265086371157,0.32148824687
282,0.262582071703,0.150568458413,0.265110443685,0.3217390262
283,0.263390882518,0.150733620172,0.265936111394,0.319939385917
284,0.264012409869,0.150790573316,0.264281409454,0.32091560736
285,0.264814929333,0.150949881149,0.265085700502,0.319149489016
286,0.265602607855,0.151099526606,0.265875141166,0.317422724374
287,0.266225585807,0.151154478403,0.264253650495,0.318366285294
288,0.267007615404,0.151298748145,0.265022998222,0.316670638229
289,0.267623417062,0.15134785034,0.263439043855,0.317589688743
290,0.267656830816,0.151067462913,0.263457518876,0.317818187396
291,0.266151591054,0.151104272858,0.264029336679,0.318714799408
292,0.26674857376,0.151147865325,0.262475296176,0.31962826474
293,0.266778085122,0.150869793624,0.262489767018,0.319862354236
294,0.265298171746,0.150902117308,0.263044411353,0.320755299593
295,0.265876986715,0.150940406082,0.261519172236,0.321663434967
296,0.266441839805,0.150970078015,0.260032371794,0.322555710386
297,0.267238892745,0.151130392057,0.260788724121,0.320841991076
298,0.268021906556,0.151281606303,0.261531250674,0.319165236467
299,0.268589231441,0.151310170683,0.260071654616,0.32002894326
300,0.267118827859,0.151349783886,0.26061298467,0.320918403585
301,0.265682903733,0.151381555371,0.261141896179,0.321793644717
302,0.265707611521,0.151112032591,0.26115117411,0.322029181779
303,0.266478219067,0.151266398473,0.26189351682,0.32036186564
304,0.26703128742,0.151296400932,0.260449722762,0.321222588887
305,0.267571719303,0.151318613942,0.259040633953,0.322069032802
306,0.268100045431,0.151333379539,0.257664765466,0.322901809563
307,0.268132236539,0.151068032052,0.257662162389,0.323137569021
308,0.266699692085,0.151104843848,0.258175028341,0.324020435726
309,0.296122808158,0.144793678061,0.247823917985,0.311259595796
310,0.294359067609,0.144907973977,0.2484526735,0.312280284915
311,0.29499907962,0.144890348969,0.247091445384,0.313019126028
312,0.295627211867,0.144866222762,0.245760934853,0.313745630518
313,0.293891149475,0.144976574775,0.246366490987,0.314765784763
314,0.292194837914,0.145077860218,0.246957962606,0.315769339262
315,0.287421081768,0.159098718738,0.242792758289,0.310687441205
316,0.285765437222,0.159247141549,0.243346613727,0.311640807503
317,0.286654848286,0.159446534328,0.243979513204,0.309919104182
318,0.285030455085,0.159590114777,0.244528159084,0.310851271054
319,0.285605230264,0.159619625101,0.243211810082,0.311563334553
320,0.286482267975,0.15981711459,0.243835430533,0.309865186903
321,0.272717726785,0.151860322106,0.23200267612,0.343419274989
322,0.271106284607,0.151949370774,0.232446352574,0.344497992044
323,0.269529173878,0.152030433703,0.232878565051,0.345561827368
324,0.255283557102,0.143739229836,0.220469972355,0.380507240707
325,0.256405646494,0.144114530887,0.221338549013,0.378141273607
326,0.257508803105,0.144477422255,0.222189955894,0.375823818746
327,0.258593645435,0.144828312123,0.223024749242,0.3735532932
328,0.259660766503,0.145167591749,0.223843462347,0.3713281794
329,0.2580888065,0.145208159252,0.224202739439,0.372500294809
330,0.259133957818,0.145540767301,0.225014086516,0.370311188366
331,0.248622305185,0.139392337888,0.256309940834,0.355675416092
332,0.248638895094,0.138925077424,0.256350698763,0.356085328719
333,0.249564054159,0.139197008266,0.257328297888,0.353910639687
334,0.250112615514,0.139257872382,0.255567551038,0.355061961066
335,0.250133109094,0.138796963202,0.255605052013,0.355464875692
336,0.251055919689,0.139063580465,0.256564672733,0.353315827113
337,0.251963308967,0.139320300349,0.257508656015,0.351207734668
338,0.250398516989,0.139343685418,0.258023168097,0.352234629496
339,0.248865740726,0.139360385904,0.258526300395,0.353247572975
340,0.247363815137,0.139370654105,0.259018455744,0.354247075015
341,0.245891630745,0.139374730294,0.25950001777,0.355233621191
342,0.246765315891,0.139636589997,0.260463316969,0.353134777143
343,0.245317521255,0.139638263857,0.260943061468,0.35410115342
344,0.245324990067,0.139184718613,0.260998125538,0.354492165781
345,0.243900872092,0.139180622928,0.261469273648,0.355449231332
346,0.2444367665,0.13925914126,0.259683650446,0.356620441795
347,0.245299929596,0.139523180033,0.260646363053,0.354530527317
348,0.245830788288,0.13959728645,0.258895739508,0.355676185754
349,0.246688414456,0.139856036484,0.259837717244,0.353617831815
350,0.247214457753,0.139925893357,0.258120881603,0.354738767287
351,0.245795541129,0.139929385668,0.258580601741,0.355694471462
352,0.245805153595,0.139482485463,0.258628181088,0.356084179854
353,0.244408959735,0.139480410631,0.259079686511,0.357030943122
354,0.244412941621,0.139038872726,0.259126816435,0.357421369217
355,0.245263870806,0.13930015551,0.260072037852,0.355363935832
356,0.246100906926,0.139552371275,0.261002830933,0.353343890866
357,0.246624959289,0.139626231289,0.259291537519,0.354457271903
358,0.234528167175,0.132565642819,0.295491206109,0.337414983897
359,0.235193454872,0.132729417162,0.293360062488,0.338717065479
360,0.235921047396,0.132927435549,0.294449305351,0.336702211704
361,0.234535618497,0.132903059453,0.295048215235,0.337513106815
362,0.235246342343,0.133095645113,0.296131062262,0.335526950281
363,0.233882494878,0.133069000815,0.296728403798,0.336320100509
364,0.234576813348,0.133256279407,0.297805019451,0.334361887794
365,0.235259027744,0.133435787216,0.298867546145,0.332437638895
366,0.235237550487,0.133002454064,0.299036800332,0.332723195117
367,0.235910500867,0.133174720382,0.300089493198,0.330825285554
368,0.234556358545,0.133151025318,0.300702836764,0.331589779373
369,0.235213921806,0.133318461397,0.301750026343,0.329717590454
370,0.23519238068,0.132890806723,0.301926700363,0.329990112235
371,0.233855446678,0.132864848736,0.302539825368,0.330739879218
372,0.234547353255,0.133054488561,0.30036880993,0.332029348255
373,0.235201182947,0.133221672178,0.301407012541,0.330170132333
374,0.235843996621,0.133381804953,0.302432340102,0.328341858324
375,0.236476094943,0.133535087321,0.30344515137,0.326543666366
376,0.235147910038,0.133514104519,0.304064082986,0.327273902457
377,0.235765831916,0.133663055854,0.305072126626,0.325498985604
378,0.236471808819,0.13386110005,0.302913273419,0.326753817712
379,0.237088038098,0.134007515429,0.303902185182,0.325002261291
380,0.237694310155,0.134147565102,0.304879493994,0.323278630749
381,0.238290887549,0.134281424371,0.305845512786,0.321582175294
382,0.239005243406,0.134480845007,0.303713147969,0.322800763618
383,0.237678123698,0.134469256971,0.304337021756,0.323515597575
384,0.237667714747,0.134048931364,0.304520705981,0.323762647907
385,0.23836423767,0.134240913393,0.30242116769,0.324973681247
386,0.237053407084,0.134227092757,0.303030283359,0.3256892168
387,0.235765423963,0.134208768882,0.303630434639,0.326395372516
388,0.236438664816,0.134395689797,0.301562286828,0.327603358559
389,0.237096698808,0.134573148649,0.299538091173,0.32879206137
390,0.237707015695,0.134722759737,0.300490133603,0.327080090964
391,0.238307805243,0.134866256219,0.301431163848,0.32539477469
392,0.238899312501,0.135003801959,0.302361471171,0.323735414368
393,0.237615831289,0.134992175325,0.302959551062,0.324432442324
394,0.238194809666,0.13512604681,0.303886023581,0.322793119942
395,0.238764959704,0.135254250874,0.30480225832,0.321178531101
396,0.239326502873,0.135376936061,0.305708518143,0.319588042923
397,0.240011605077,0.135568777966,0.30368196705,0.320737649906
398,0.240572120695,0.135689515185,0.304572092136,0.319166271984
399,0.24124971274,0.135875561928,0.302581503723,0.320293221609
400,0.241912927581,0.136052704627,0.300631854372,0.321402513421
401,0.242562241661,0.136221247786,0.29872176902,0.322494741533
402,0.243135889262,0.136346589886,0.299584164699,0.320933356153
403,0.243701344396,0.136466700051,0.300437277838,0.319394677716
404,0.24425880638,0.136581711166,0.301281339121,0.317878143333
405,0.242958714455,0.136589118522,0.301889731318,0.318562435704
406,0.243611594604,0.13676106557,0.299994583715,0.319632756111
407,0.244164539165,0.136876222664,0.300830106482,0.318129131688
408,0.244709812156,0.13698647967,0.30165695231,0.316646755864
409,0.245247595875,0.137091958338,0.30247533203,0.315185113757
410,0.24526550374,0.136679520297,0.30265295669,0.315402019273
411,0.245927174512,0.136852467823,0.30077292168,0.316447435985
412,0.24594567002,0.136445150757,0.300943276285,0.316665902938
413,0.246596238558,0.136610094142,0.299094825863,0.317698841437
414,0.246615306584,0.136207734907,0.299258113,0.31791884551
415,0.247164202494,0.136314814239,0.300064714346,0.316456268921
416,0.247810444099,0.136474915456,0.298241502082,0.317473138363
417,0.248358435695,0.13658024468,0.299034460853,0.316026858772
418,0.24889922659,0.136681035542,0.299819394394,0.314600343474
419,0.247576532073,0.136704255771,0.3004357474,0.315283464756
420,0.23623406356,0.13025608741,0.286804333441,0.34670551559
421,0.234940177389,0.130246229818,0.287323368919,0.347490223874
422,0.233668196292,0.130232188791,0.287834095995,0.348265518921
423,0.234213727093,0.130355102451,0.286021531305,0.349409639151
424,0.23482345274,0.130513103262,0.286901954368,0.34776148963
425,0.235363871577,0.130631947851,0.285118628292,0.348885552281
426,0.235972101533,0.130787795717,0.285984754969,0.34725534778
427,0.234708018081,0.130777263731,0.286488623615,0.348026094573
428,0.233464890462,0.130762714338,0.28698456116,0.34878783404
429,0.234058799665,0.130917520773,0.287853723264,0.347169956298
430,0.234644947539,0.131067331257,0.288714108963,0.345573612241
431,0.235223503686,0.131212259547,0.289565913734,0.343998323033
432,0.235771256397,0.131339393978,0.287785053759,0.345104295866
433,0.234922369151,0.131262229277,0.28813991768,0.345675483892
434,0.223955781874,0.124966191221,0.274818908566,0.37625911834
435,0.222743002261,0.124926512653,0.275232122296,0.37709836279
436,0.22319180871,0.125011542519,0.273479808171,0.378316840601
437,0.223841688958,0.125208597526,0.274404264035,0.376545449482
438,0.222642149918,0.125168852428,0.274811262517,0.377377735136
439,0.22259369626,0.124770989957,0.274883844924,0.37775146886
440,0.223234523768,0.12496492964,0.275808045886,0.375992500707
441,0.222048644319,0.124923729329,0.27621477726,0.376812849092
442,0.220881318976,0.124879183504,0.276614667838,0.377624829682
443,0.221508322112,0.125071829725,0.277541444638,0.375878403525
444,0.209157975263,0.11794574486,0.317550352838,0.355345927039
445,0.209677054241,0.118085656225,0.318638624334,0.3535986652
446,0.210188595287,0.118220769275,0.319717199982,0.351873435456
447,0.209047594099,0.118155323524,0.32025540071,0.352541681667
448,0.209548992575,0.11828729763,0.321330705492,0.350833004303
449,0.210151916266,0.118475977373,0.319123791552,0.352248314809
450,0.21065311766,0.118606707334,0.320183308695,0.350556866312
451,0.211249693072,0.118790540375,0.318011117149,0.351948649403
452,0.211833266249,0.118966407399,0.315878872897,0.353321453455
453,0.212341097821,0.119099148175,0.316916780008,0.351642973996
454,0.212841857784,0.119227393797,0.31794571518,0.349985033239
455,0.211698533838,0.119170127813,0.318481842679,0.350649495669
456,0.212189624569,0.119295490924,0.319507934242,0.349006950264
457,0.212777740956,0.119474826205,0.317390196471,0.350357236368
458,0.21335336956,0.119646513932,0.31531064156,0.351689474949
459,0.213916863523,0.119810779808,0.313268171552,0.353004185117
460,0.213853926235,0.119422626795,0.313436959395,0.353286487575
461,0.212714484438,0.119368654412,0.313954618985,0.353962242165
462,0.211592355898,0.119311757683,0.314465361644,0.354630524775
463,0.210487065202,0.119252024627,0.314969372225,0.355291537946
464,0.211031641677,0.119413606206,0.312940128213,0.356614623904
465,0.211535668118,0.119551693149,0.313954607636,0.354958031097
466,0.212075090986,0.119709240349,0.311955285416,0.356260383249
467,0.210978147334,0.119651187981,0.312446911438,0.356923753248
468,0.21147909061,0.119789400144,0.313452803777,0.355278705468
469,0.201965550422,0.11426143361,0.299604260658,0.38416875531
470,0.202421403438,0.11438003318,0.297633343314,0.385565220069
471,0.202980171879,0.114556257721,0.298700363003,0.383763207397
472,0.203531675246,0.114727789107,0.29975823641,0.381982299236
473,0.204076047761,0.114894719043,0.300807136816,0.380222096379
474,0.204613420485,0.115057137049,0.301847233444,0.378482209023
475,0.203527166701,0.114987280586,0.302279717374,0.379205835339
476,0.204055154388,0.115146790373,0.303316900289,0.377481154949
477,0.204576392612,0.115301945365,0.304345563219,0.375776098803
478,0.205091003414,0.115452829096,0.305365864544,0.374090302946
479,0.204013264812,0.115384886648,0.305809099449,0.374792749091
480,0.204496983421,0.115520650464,0.303822671332,0.376159694783
481,0.203432247675,0.115451446707,0.30425426584,0.376862039779
482,0.203902660734,0.115581927379,0.302296423609,0.378218988278
483,0.204362688781,0.115706059854,0.300371736914,0.379559514451
484,0.204812609766,0.115824023047,0.298479301238,0.380884065949
485,0.205339869878,0.115985231636,0.299481113177,0.379193785309
486,0.205860608747,0.116142219662,0.300474787958,0.377522383632
487,0.206374942116,0.116295066421,0.301460473925,0.375869517538
488,0.206882983092,0.116443849382,0.30243831606,0.374234851465
489,0.207346297191,0.116566974807,0.300556997064,0.375529730937
490,0.207274831367,0.116185629356,0.300682061967,0.37585747731
491,0.207783952676,0.116333220084,0.301650009562,0.374232817678
492,0.208244279158,0.116453012255,0.299790177003,0.375512531584
493,0.208174334655,0.116076268509,0.299911966374,0.375837430462
494,0.208626132961,0.116190158446,0.29807805568,0.377105652914
495,0.207545612301,0.116132818762,0.298500847546,0.377820721391
496,0.237293406512,0.111565770516,0.287310508607,0.363830314364
497,0.237923225387,0.111691469834,0.288184413639,0.362200891139
498,0.236568842574,0.111683133022,0.288714111438,0.363033912966
499,0.237119796619,0.111774306036,0.286912816872,0.364193080473
500,0.237104363537,0.111408350811,0.2870039747,0.364483310952
501,0.237646502513,0.111494197916,0.285227674506,0.365631625066
502,0.236302757271,0.111485130231,0.28574077467,0.366471337828
503,0.236933256648,0.111615106734,0.286611841814,0.364839794805
504,0.237557160624,0.11174134114,0.287475547268,0.363225950968
505,0.236226792932,0.11173220384,0.287992563535,0.364048439692
506,0.236840884432,0.111856376047,0.288854762437,0.362447977084
507,0.236825561952,0.111494766704,0.288949650111,0.362730021232
508,0.237370231309,0.111584936472,0.28717412352,0.363870708699
509,0.237905122061,0.111670001206,0.285426817785,0.364998058948
510,0.23843048092,0.111750098356,0.283707005858,0.366112414866
511,0.238946546475,0.111825360818,0.282013984634,0.367214108073
512,0.239579670616,0.111954853126,0.282853116222,0.365612360035
513,0.240206390985,0.112080724623,0.283685200546,0.364027683846
514,0.240826816648,0.112203041056,0.284510359327,0.362459782969
515,0.241441054293,0.112321866719,0.285328711642,0.360908367346
516,0.241971054452,0.11240096029,0.283644372438,0.361983612821
517,0.242584886008,0.112518453543,0.284451674723,0.360444985727
518,0.241234524627,0.112522081588,0.284972589508,0.361270804278
519,0.241839013345,0.112637767795,0.285778766167,0.359744452694
520,0.242367698747,0.112717614741,0.284107289916,0.360807396596
521,0.241030630236,0.112720705739,0.284621610454,0.361627053571
522,0.23971317986,0.112720474107,0.285128457201,0.362437888832
523,0.240310836345,0.112837975833,0.285934546106,0.360916641716
524,0.24090265035,0.11295216202,0.286734186331,0.359411001298
525,0.228436313349,0.106952059273,0.323538778636,0.341072848742
526,0.22893611006,0.10703094152,0.324462099401,0.339570849019
527,0.229577281347,0.107175370463,0.322469673015,0.340777675175
528,0.228285973686,0.107156629868,0.323089187597,0.341468208849
529,0.228783142806,0.107235992444,0.324006294556,0.339974570195
530,0.229416289962,0.107378551686,0.32203387901,0.341171279342
531,0.229387958511,0.107026297316,0.322200592258,0.341385151914
532,0.228106687358,0.107007252292,0.322813830015,0.342072230334
533,0.228727623233,0.107145699531,0.320861434779,0.343265242457
534,0.229229305758,0.107227751487,0.321769856538,0.341773086217
535,0.229725558254,0.107306815871,0.322671677643,0.340295948232
536,0.230216468301,0.107382945492,0.323567007558,0.338833578648
537,0.228941265713,0.107366078506,0.324183862386,0.339508793395
538,0.227684274311,0.107346332103,0.324793173054,0.340176220532
539,0.228163951471,0.107421969529,0.325692812281,0.338721266718
540,0.226921829412,0.107400595212,0.326300044422,0.339377530954
541,0.227545893956,0.107546600899,0.324342413918,0.340565091227
542,0.228159877038,0.107687236767,0.322413749838,0.341739136356
543,0.228764008487,0.107822632355,0.320513380458,0.3428999787
544,0.229358511459,0.107952913399,0.318640653551,0.344047921592
545,0.229852500392,0.108035382036,0.319520342834,0.342591774739
546,0.229827674119,0.107686815609,0.319679333618,0.342806176654
547,0.228585381918,0.107669270592,0.320266021955,0.343479325535
548,0.229174186882,0.10779787371,0.318406928642,0.344621010766
549,0.229753721515,0.107921563482,0.316574457264,0.345750257738
550,0.22852259137,0.107903863899,0.31714473044,0.346428814291
551,0.229089989767,0.108024025877,0.315333740786,0.34755224357
552,0.229648528474,0.108139486329,0.313548259312,0.348663725886
553,0.228428398836,0.10812157623,0.314102589339,0.349347435594
554,0.228931394672,0.108212929103,0.314975923034,0.347879753191
555,0.229483519404,0.108327027479,0.313206739432,0.348982713685
556,0.229986529105,0.108417465225,0.314069542402,0.347526463268
557,0.230535329079,0.108529016091,0.312320704329,0.348614950502
558,0.231038345657,0.108618541821,0.313173146772,0.34716996575
559,0.231536259684,0.108705230477,0.314019506999,0.345739002839
560,0.230315846555,0.108691844464,0.314578316001,0.34641399298
561,0.230805955368,0.108776915058,0.315423612155,0.34499351742
562,0.231291118098,0.108859233445,0.316262990404,0.343586658053
563,0.231771410779,0.108938845724,0.317096544134,0.342193199363
564,0.230559477606,0.108926231385,0.317663163172,0.342851127838
565,0.231032245194,0.109004311802,0.31849578819,0.341467654814
566,0.23159711836,0.109125390298,0.316737746178,0.342539745164
567,0.230396037972,0.109112482002,0.31729813247,0.343193347555
568,0.230376456726,0.108767056857,0.3174506157,0.343405870717
569,0.230847942151,0.108845489995,0.318280225161,0.342026342693
570,0.231407682833,0.108965082896,0.316534192823,0.343093041448
571,0.230215272669,0.108951823801,0.317089399775,0.343743503755
572,0.230684338593,0.109030620649,0.317913994703,0.342371046054
573,0.231148766486,0.10910683412,0.318733020721,0.341011378673
574,0.231608625866,0.109180506496,0.319546563627,0.33966430401
575,0.23217175071,0.109302413495,0.317808074764,0.340717761031
576,0.232631920737,0.109375407119,0.318612206984,0.33938046516
577,0.231442191998,0.109365124283,0.319175194516,0.340017489203
578,0.231999005774,0.109485656278,0.317452125419,0.341063212529
579,0.230822304425,0.109474009503,0.318004515833,0.341699170239
580,0.23136822911,0.109591400862,0.316300501887,0.34273986814
581,0.231828205948,0.109667649183,0.317100530468,0.3414036144
582,0.232283756347,0.109741427267,0.317895273212,0.340079543173
583,0.23273494537,0.109812774755,0.318684809994,0.338767469881
584,0.233181836826,0.109881730517,0.319469219152,0.337467213506
585,0.233624493296,0.109948332667,0.320248577521,0.336178596516
586,0.234062976165,0.110012618583,0.321022960469,0.334901444783
587,0.232883851101,0.110005878232,0.32159146767,0.335518802997
588,0.233315685618,0.1100688967,0.322365287224,0.334250130458
589,0.233883128507,0.110195466706,0.320653084626,0.335268320162
590,0.234442552092,0.110317759349,0.31896355922,0.336276129338
591,0.23487934664,0.110381929163,0.319724900884,0.335013823313
592,0.23487241444,0.110039340929,0.319882621338,0.335205623293
593,0.23542968173,0.110159008824,0.318208076665,0.336203232781
594,0.235867910905,0.110222561727,0.318962681636,0.334946845733
595,0.236421841156,0.110339769114,0.317306317871,0.335932071859
596,0.236968144108,0.110452939628,0.315671413878,0.336907502387
597,0.235781351417,0.110452521968,0.316227836814,0.337538289801
598,0.236317440563,0.110562890676,0.314610216866,0.338509451895
599,0.236313266022,0.110223937525,0.314755494076,0.338707302377
600,0.236843192875,0.110330315322,0.313155236054,0.339671255749
601,0.237365925765,0.110432895972,0.311575254575,0.340625923688
602,0.237820305308,0.110503275519,0.312313259567,0.339363159606
603,0.238270641776,0.110571420061,0.313046557945,0.338111380218
604,0.237084364652,0.110573781837,0.313594894424,0.338746959088
605,0.237528197669,0.110640743407,0.31432771771,0.337503341214
606,0.238053824987,0.110745410657,0.312753775304,0.338446989052
607,0.238053116166,0.110410042882,0.312893960719,0.338642880233
608,0.236875263408,0.11041187766,0.31343747032,0.339275388612
609,0.237392339502,0.110513835234,0.311876518538,0.340217306726
610,0.236227136203,0.110514239022,0.312410287778,0.340848336997
611,0.236222598401,0.11018263992,0.312547709204,0.341047052475
612,0.236667948641,0.110252440953,0.313280714131,0.339798896276
613,0.237180731515,0.110353269991,0.311729220465,0.340736778029
614,0.236023662188,0.110353182258,0.31225836671,0.341364788845
615,0.236527068891,0.110451483205,0.310722575573,0.342298872331
616,0.237023817125,0.110546265487,0.309205602248,0.34322431514
617,0.23751403505,0.110637601225,0.307707077311,0.344141286414
618,0.237511787424,0.110309423881,0.307833529061,0.344345259633
619,0.237968066153,0.110384044795,0.308554567987,0.343093321065
620,0.238420391384,0.110456478503,0.309271030431,0.341852099683
621,0.238913186768,0.110547287823,0.307781371395,0.342758154013
622,0.237754095944,0.110550799328,0.30829989316,0.343395211569
623,0.23660975636,0.110551876721,0.308812488792,0.344025878126
624,0.237091143839,0.110641360242,0.307334179818,0.344933316102
625,0.237088233659,0.110316608692,0.307458442913,0.345136714736
626,0.235954076497,0.110316214535,0.307962790318,0.34576691865
627,0.234834120535,0.110313487828,0.308461442701,0.346390948936
628,0.233728064416,0.110308481872,0.30895451854,0.347008935172
629,0.234173746565,0.110386547555,0.309681433368,0.345758272511
630,0.233079081995,0.110380268874,0.31017289227,0.346367756861
631,0.231997777505,0.110371803995,0.310658976704,0.346971441796
632,0.230929555162,0.110361202093,0.311139796192,0.347569446552
633,0.23136481437,0.110439907365,0.311873553374,0.346321724891
634,0.231834482687,0.110534683292,0.310384521017,0.347246313004
635,0.23229798166,0.110626148513,0.308913175736,0.348162694091
636,0.23275542643,0.110714368844,0.307459180651,0.349071024075
637,0.233198278449,0.110795298353,0.308179229398,0.3478271938
638,0.233189892322,0.110473439465,0.308303262871,0.348033405342
639,0.23318048221,0.110155316899,0.30842599145,0.34823820944
640,0.233621471151,0.110233993677,0.309144768871,0.346999766302
641,0.234058660334,0.110310542787,0.309859086977,0.345771709901
642,0.234523270604,0.110399668149,0.308407689498,0.346669371749
643,0.223964420527,0.105305335448,0.294648231741,0.376082012283
644,0.224360666522,0.105367720762,0.293219931859,0.377051680858
645,0.224848182937,0.105472627651,0.293979425832,0.37569976358
646,0.225242658245,0.105533549857,0.292564763613,0.376659028285
647,0.22521551604,0.105222370747,0.292648135692,0.376913977521
648,0.225187454645,0.104914658683,0.292730332384,0.377167554288
649,0.224114465903,0.104895964163,0.293142710306,0.377846859628
650,0.224601726949,0.105000935188,0.293901804625,0.376495533239
651,0.224993667614,0.105061006636,0.292492472455,0.377452853294
652,0.215166060758,0.100354353606,0.279829480637,0.404650105
653,0.215692924898,0.100482292591,0.280627932279,0.403196850232
654,0.216028217113,0.10052065355,0.279239874853,0.404211254484
655,0.216358336621,0.100556382804,0.277867733832,0.405217546743
656,0.216683377187,0.10058953281,0.276511213018,0.406215876985
657,0.215623421789,0.100559552898,0.276855887396,0.406961137918
658,0.215575890017,0.100258182248,0.276900348213,0.407265579523
659,0.215894316778,0.100289343911,0.2755540723,0.408262267011
660,0.214843625862,0.100258076953,0.275891622993,0.409006674192
661,0.215155043755,0.100287348119,0.274557714218,0.409999893909
662,0.215693318747,0.100422037314,0.275346296389,0.40853834755
