episode,omega2,omega3,omega4,omega
1,0.25,0.25,0.25,0.25
2,0.25,0.25,0.25,0.25
3,0.25,0.25,0.25,0.25
4,0.25,0.25,0.25,0.25
5,0.25,0.25,0.25,0.25
6,0.25,0.25,0.25,0.25
7,0.25,0.25,0.25,0.25
8,0.25,0.25,0.25,0.25
9,0.238831380896,0.283505857313,0.238831380896,0.238831380896
10,0.241706900474,0.274879298577,0.241706900474,0.241706900474
11,0.240754449653,0.277736651041,0.240754449653,0.240754449653
12,0.242417232216,0.272748303352,0.242417232216,0.242417232216
13,0.243405894568,0.269782316297,0.243405894568,0.243405894568
14,0.242841775485,0.271474673544,0.242841775485,0.242841775485
15,0.236142006697,0.29157397991,0.236142006697,0.236142006697
16,0.235101736192,0.294694791425,0.235101736192,0.235101736192
17,0.234055012414,0.297834962759,0.234055012414,0.234055012414
18,0.23300189495,0.300994315151,0.23300189495,0.23300189495
19,0.231942445575,0.304172663275,0.231942445575,0.231942445575
20,0.230876728256,0.307369815232,0.230876728256,0.230876728256
21,0.232850931239,0.301447206284,0.232850931239,0.232850931239
22,0.231942445575,0.304172663275,0.231942445575,0.231942445575
23,0.231029354855,0.306911935434,0.231029354855,0.231029354855
24,0.230111700642,0.309664898075,0.230111700642,0.230111700642
25,0.229189525677,0.312431422968,0.229189525677,0.229189525677
26,0.231143741625,0.306568775125,0.231143741625,0.231143741625
27,0.230341539705,0.308975380884,0.230341539705,0.230341539705
28,0.231942445575,0.304172663275,0.231942445575,0.231942445575
29,0.231232659762,0.306302020714,0.231232659762,0.231232659762
30,0.22542843778,0.30162693945,0.24751618499,0.22542843778
31,0.224922952554,0.303987650472,0.246166444419,0.224922952554
32,0.224069388695,0.305890108142,0.245971114468,0.224069388695
33,0.225408765554,0.300995552752,0.248186916141,0.225408765554
34,0.226460333749,0.29698334288,0.250095989621,0.226460333749
35,0.225737213073,0.298477078106,0.250048495749,0.225737213073
36,0.225013669735,0.299974684637,0.249997975893,0.225013669735
37,0.225948034483,0.296311506245,0.251792424788,0.225948034483
38,0.225666484281,0.298179351222,0.250487680215,0.225666484281
39,0.22535485798,0.30001846259,0.24927182145,0.22535485798
40,0.224696399676,0.301403106716,0.249204093933,0.224696399676
41,0.224366317519,0.30323534763,0.248032017332,0.224366317519
42,0.225325354117,0.299631836887,0.24971745488,0.225325354117
43,0.224714816798,0.30090442647,0.249665939935,0.224714816798
44,0.224103978664,0.302179784707,0.249612257965,0.224103978664
45,0.224968159162,0.298859914069,0.251203767606,0.224968159162
46,0.307304697685,0.267952771204,0.224337643942,0.200404887169
47,0.340435025649,0.255940111532,0.21343600159,0.190188861228
48,0.342985428687,0.256263291506,0.211547507461,0.189203772347
49,0.325757590956,0.263817551868,0.216896885491,0.193527971685
50,0.329232761251,0.259924065518,0.21736108337,0.193482089861
51,0.332557334402,0.256412126428,0.217703419419,0.193327119751
52,0.381163849908,0.23838187745,0.201733702712,0.17872056993
53,0.383974378626,0.237939719111,0.200701538821,0.177384363441
54,0.366264453932,0.245439517824,0.206351096354,0.181944931891
55,0.370258081244,0.241870250677,0.206354951527,0.181516716552
56,0.372681285375,0.241541083457,0.205468983601,0.180308647567
57,0.376599719107,0.238191654215,0.205393653179,0.179814973499
58,0.361524528887,0.244517700116,0.210291568898,0.183666202099
59,0.349275773059,0.249785818487,0.214254729126,0.186683679328
60,0.352477863516,0.246746036454,0.214404810329,0.186371289701
61,0.35559383596,0.243921796276,0.214485345536,0.185999022227
62,0.357497634379,0.243691939401,0.213824416945,0.184986009275
63,0.359968029758,0.243839202546,0.211929437459,0.184263330237
64,0.363080407991,0.241116550661,0.211943118412,0.183859922936
65,0.36555888891,0.241190233528,0.210124509746,0.183126367816
66,0.354030379601,0.246053281594,0.213899852338,0.186016486468
67,0.355758569721,0.245874255047,0.213284211812,0.18508296342
68,0.34585654721,0.250140156776,0.21651769598,0.187485600033
69,0.337397868911,0.253867982787,0.219271526235,0.189462622068
70,0.339925265166,0.251287477649,0.219518433569,0.189268823616
71,0.332472456687,0.254589666114,0.221967912123,0.190969965076
72,0.334798845386,0.252177411478,0.222234677109,0.190789066027
73,0.336072137862,0.252128099336,0.221796012425,0.190003750377
74,0.338360515157,0.249830065502,0.222021101554,0.189788317787
75,0.339654942238,0.249745903813,0.221587809447,0.189011344502
76,0.341910071781,0.24754941816,0.221775297464,0.188765212595
77,0.343224343063,0.24743327212,0.221346525428,0.187995859389
78,0.335984046205,0.250543434252,0.223800466216,0.189672053327
79,0.337175618748,0.250475657399,0.223412174733,0.18893654912
80,0.330687137382,0.253313208839,0.225612156878,0.190387496901
81,0.332354237486,0.253732702048,0.223898375444,0.190014685022
82,0.333448209723,0.253710420059,0.223528927137,0.189312443081
83,0.327493411449,0.25637406132,0.22552279422,0.190609733011
84,0.329039086048,0.256816141922,0.223895308334,0.190249463695
85,0.323626736552,0.259295943079,0.225683910592,0.191393409778
86,0.325056563114,0.259755319207,0.224147443737,0.191040673942
87,0.320106693685,0.262078797707,0.225760483513,0.192054025095
88,0.315620887903,0.264229309792,0.227218520278,0.192931282027
89,0.311532628889,0.266231721207,0.228543689931,0.193691959973
90,0.313283686479,0.263964042953,0.229020667806,0.193731602763
91,0.309489333332,0.265824072603,0.230266781185,0.194419812879
92,0.310173517342,0.265961903558,0.230018884518,0.193845694582
93,0.311835051196,0.263792417271,0.230492543842,0.193879987691
94,0.312533325008,0.263902739933,0.230250964035,0.193312971024
95,0.308896344575,0.265678945207,0.231460923106,0.193963787112
96,0.31005464255,0.266247949324,0.229967706963,0.193729701163
97,0.306652309827,0.26794990942,0.231081149827,0.194316630926
98,0.308212551482,0.265834743032,0.231573352149,0.194379353337
99,0.305022326555,0.267430036733,0.232631896792,0.19491573992
100,0.302055832712,0.268942568532,0.23361507367,0.195386525086
101,0.299287920883,0.270381685599,0.234531304908,0.19579908861
102,0.296697053115,0.271755393141,0.23538780327,0.196159750475
103,0.294264680476,0.273070585526,0.236190780494,0.196473953503
104,0.295623120212,0.271005797521,0.236770269263,0.196600813004
105,0.29657665603,0.271650525246,0.235317430803,0.196455387921
106,0.294237484396,0.272916983747,0.236088335687,0.19675719617
107,0.295546442796,0.270935183776,0.236641859106,0.196876514323
108,0.295981815983,0.271111831424,0.236494019545,0.196412333048
109,0.296902721055,0.271732377502,0.235095114709,0.196269786734
110,0.294622858607,0.272964995212,0.235845061163,0.196567085018
111,0.292468561663,0.274151282706,0.236552599195,0.196827556436
112,0.292856410876,0.274353480916,0.236409829633,0.196380278575
113,0.29079235075,0.275507841951,0.237086395134,0.196613412164
114,0.292035727607,0.273532495579,0.237666454907,0.196765321907
115,0.293238590056,0.271664129317,0.238210703418,0.196886577208
116,0.293621097795,0.271836207835,0.238086984169,0.196455710201
117,0.291605487504,0.272931917915,0.238771261973,0.196691332608
118,0.292762145848,0.271129913572,0.239305616002,0.196802324578
119,0.290830388588,0.272175828811,0.239972541755,0.197021240846
120,0.291936056076,0.270452498987,0.240492790663,0.197118654274
121,0.293010342528,0.268812588391,0.240984901135,0.197192167946
122,0.293250256645,0.268839518494,0.240789664097,0.197120560764
123,0.291359821904,0.26983505424,0.241461337567,0.197343786289
124,0.289558443426,0.270798115362,0.242102555343,0.197540885869
125,0.290578095112,0.26919897319,0.24260179253,0.197621139168
126,0.291570603132,0.267672372523,0.243076436659,0.197680587687
127,0.289822869426,0.268585286004,0.243717460569,0.197874384001
128,0.28815268179,0.26947006746,0.244331844193,0.198045406556
129,0.288458939463,0.269614123319,0.244274028503,0.197652908716
130,0.289301815342,0.270259248771,0.242793084067,0.19764585182
131,0.290260458199,0.268756683811,0.243266883749,0.19771597424
132,0.288619663786,0.269625967829,0.243866722051,0.197887646334
133,0.289430906655,0.270243355509,0.242452768293,0.197872969544
134,0.290364841088,0.268785806779,0.242908974426,0.197940377706
135,0.288767877103,0.26963371465,0.243489857783,0.198108550463
136,0.28954988121,0.270225610512,0.242137270964,0.198087237314
137,0.290460316183,0.2688104943,0.242577092203,0.198152097314
138,0.290765258563,0.268939486313,0.242510318729,0.197784936395
139,0.291659436713,0.267570524472,0.242934093568,0.197835945247
140,0.290077649063,0.268396278476,0.243513310049,0.198012762412
141,0.29093972595,0.26707408291,0.243929744306,0.198056446835
142,0.291719918395,0.267626611021,0.242610658683,0.198042811901
143,0.292475623867,0.268155913144,0.241357279644,0.198011183345
144,0.293339247131,0.266866952523,0.241742700407,0.198051099939
145,0.291774481159,0.26767746319,0.242309304447,0.198238751205
146,0.292072894701,0.267790883763,0.242244419969,0.197891801567
147,0.290557002984,0.268584293544,0.242794204481,0.198064498991
148,0.289099772444,0.269356407074,0.243323875204,0.198219945278
149,0.289811315991,0.269889455381,0.242100907071,0.198198321557
150,0.290638208482,0.26861083437,0.242496768128,0.198254189019
151,0.289215650397,0.269365990042,0.243011645225,0.198406714336
152,0.28784543456,0.270102152294,0.243508578179,0.198543834966
153,0.288635624825,0.268857879631,0.243906716013,0.198599779531
154,0.289409057758,0.267658664129,0.244289528942,0.198642749172
155,0.288070323315,0.268364074121,0.244787140536,0.198778462027
156,0.288819142503,0.267201131753,0.24516411263,0.198815613114
157,0.287518898063,0.267883615724,0.245653856558,0.198943629655
158,0.288244371741,0.266754901167,0.24602539195,0.198975335142
159,0.286980563306,0.267415628983,0.246507726824,0.199096080887
160,0.2876670949,0.267935588726,0.245286241681,0.199111074693
161,0.286437510256,0.268589493068,0.245748324338,0.199224672339
162,0.287141139448,0.26748127938,0.24611621288,0.199261368293
163,0.28594442743,0.268115095094,0.246571878545,0.199368598931
164,0.286601667316,0.268624577976,0.24539126632,0.199382488388
165,0.287239163433,0.26911511567,0.244264095441,0.199381625456
166,0.287472127468,0.269226364577,0.244220745929,0.199080762025
167,0.288173476523,0.268129188683,0.244574765265,0.199122569529
168,0.288802872011,0.268598128335,0.243485401545,0.199113598109
169,0.289415339235,0.269050873083,0.24244175137,0.199092036311
170,0.289656618467,0.269158254192,0.242388215518,0.198796911822
171,0.290362352999,0.268076963942,0.242722775739,0.19883790732
172,0.289140589383,0.268724426653,0.243166845647,0.198968138316
173,0.287957989558,0.269357706733,0.243597487523,0.199086816186
174,0.286812363055,0.269977602489,0.24401544594,0.199194588516
175,0.287030121144,0.270088126577,0.243972713399,0.198909038879
176,0.285911253247,0.270698752197,0.244381429173,0.199008565383
177,0.286490024936,0.271161997345,0.243349007988,0.198998969732
178,0.28539792988,0.271767148497,0.243742169513,0.19909275211
179,0.284337735639,0.272360737091,0.244124391902,0.199177135368
180,0.283307779199,0.272943370853,0.24449623921,0.199252610738
181,0.282306510815,0.273515616111,0.244858237073,0.199319636002
182,0.282845129036,0.273989304642,0.243851450578,0.199314115744
183,0.281865535104,0.274557675615,0.2442000334,0.19937675588
184,0.282384135265,0.275023132113,0.243228774194,0.199363958428
185,0.281425266714,0.275587782299,0.243564581102,0.199422369885
186,0.282081722319,0.27446347179,0.243941094079,0.199513711812
187,0.281143549819,0.275013315516,0.244274077631,0.199569057033
188,0.281781912225,0.273920333944,0.244643758472,0.199653995358
189,0.280863582279,0.274455986134,0.2449740382,0.199706393386
190,0.281484680183,0.273392733902,0.245337292058,0.199785293857
191,0.281992325263,0.273843519541,0.244381280601,0.199782874595
192,0.282606991186,0.272808006699,0.244729510631,0.199855491484
193,0.281698606081,0.27333040813,0.245058748831,0.199912236958
194,0.282194007814,0.27376809074,0.244131495338,0.199906406108
195,0.282677131412,0.274193719474,0.243237872074,0.199891277039
196,0.283286814503,0.273174529918,0.243573755206,0.199964900373
197,0.283763858976,0.273583543595,0.242708432266,0.199944165163
198,0.283939751128,0.273702101251,0.242665308522,0.199692839099
199,0.283029715363,0.274228994833,0.242983957964,0.19975733184
200,0.283492692598,0.274633758108,0.242141262993,0.199732286302
201,0.2839454866,0.275028521824,0.241326442201,0.199699549376
202,0.284557718562,0.274013834597,0.241650200819,0.199778246023
203,0.285158749237,0.273029283317,0.241963769125,0.199848198321
204,0.285611873789,0.273404295523,0.241170018688,0.199813812
205,0.284701892767,0.273927941782,0.241482650204,0.199887515246
206,0.285141014102,0.274298569163,0.240711388589,0.199849028146
207,0.28531638748,0.274415375584,0.240660503395,0.199607733541
208,0.285491467912,0.274531846323,0.240609291161,0.199367394604
209,0.285666280268,0.274648005469,0.240557773609,0.199127940654
210,0.286100944661,0.275013893059,0.23979994188,0.199085220399
211,0.285187344297,0.275545191363,0.240105749893,0.199161714446
212,0.285357715739,0.275664649378,0.240052418114,0.19892521677
213,0.285964069626,0.274663142065,0.240365475198,0.199007313111
214,0.286136734875,0.274776718427,0.240313622488,0.19877292421
215,0.285230896473,0.275300122676,0.240619940852,0.198849039999
216,0.2843470114,0.275815517061,0.240918782372,0.198918689168
217,0.284508820108,0.275933371395,0.240870128696,0.198687679802
218,0.285101484973,0.274941716591,0.241185896206,0.19877090223
219,0.28422989905,0.275447403927,0.241483683428,0.198839013595
220,0.284808327485,0.274480005149,0.241794282,0.198917385366
221,0.285233766968,0.274843655569,0.241034286636,0.198888290827
222,0.285806448071,0.273898834719,0.241333458312,0.198961258898
223,0.285971314071,0.274004064266,0.241287937691,0.198736683971
224,0.276236360066,0.264625534477,0.267481187937,0.19165691752
225,0.276351258789,0.264684630879,0.26755379972,0.191410310613
226,0.275446520738,0.265112227029,0.26799893007,0.191442322163
227,0.276026718903,0.265625508454,0.266812146261,0.191535626382
228,0.276520529363,0.264661870013,0.267249319009,0.191568281615
229,0.277005148423,0.26372340504,0.267677472495,0.191593974041
230,0.276087914425,0.262793510707,0.266751046764,0.194367528103
231,0.275186726076,0.263207346934,0.267188554437,0.194417372552
232,0.27532026304,0.263284117227,0.267283931446,0.194111688287
233,0.275891221847,0.263779066138,0.266109551249,0.194220160766
234,0.276448366405,0.264260608432,0.264972873751,0.194318151412
235,0.271490703917,0.259471298365,0.260173660578,0.208864337141
236,0.270586688522,0.259861252632,0.260567680553,0.208984378293
237,0.27103246893,0.258913791341,0.260955054657,0.209098685072
238,0.271469789729,0.257990087282,0.261334153907,0.209205969081
239,0.270578451755,0.258366282029,0.261729447023,0.209325819192
240,0.269706197986,0.258735833479,0.262118052191,0.209439916344
241,0.270128527112,0.257828291339,0.262497153328,0.209546028221
242,0.270367679187,0.258006448216,0.262698179317,0.208927693281
243,0.269506618348,0.258368717078,0.263086707899,0.209037956675
244,0.269735456644,0.258543003863,0.263283864047,0.208437675446
245,0.26888847462,0.258901371402,0.263668518441,0.208541635537
246,0.268058746069,0.259253731131,0.264047110002,0.208640412797
247,0.268468602014,0.258351042727,0.264434557011,0.208745798248
248,0.268986422608,0.258808930593,0.263270035323,0.208934611476
249,0.269491291102,0.259254209075,0.262141729563,0.20911277026
250,0.269902525922,0.258367230055,0.262512478729,0.209217765294
251,0.270399513984,0.258797575889,0.261414178455,0.209388731672
252,0.270807644695,0.257928604772,0.261773358645,0.209490391887
253,0.269977218815,0.258278340904,0.262143760765,0.209600679516
254,0.270204813654,0.258450635709,0.262334098097,0.209010452541
255,0.270694253857,0.25887327277,0.261255848971,0.209176624402
256,0.271098603415,0.258015294595,0.261609544347,0.209276557644
257,0.271580867634,0.258424151779,0.260558821968,0.209436158619
258,0.272052363526,0.258822595986,0.259538115939,0.209586924549
259,0.271223663474,0.25917748944,0.25989678231,0.209702064777
260,0.271626031423,0.258330794627,0.260239313446,0.209803860505
261,0.272021601387,0.257503186817,0.260575212283,0.209899999514
262,0.272487698251,0.257889997028,0.259572199786,0.210050104936
263,0.272943903152,0.258267272539,0.258596739358,0.21019208495
264,0.273390703423,0.258635480363,0.2576474781,0.210326338114
265,0.272564136998,0.258989945303,0.257996834373,0.210449083326
266,0.272961356084,0.258170158606,0.258319073641,0.21054941167
267,0.273399870432,0.258530553823,0.257388411975,0.210681163769
268,0.272584023761,0.258880099279,0.257732123177,0.210803753783
269,0.271784199568,0.259224056782,0.258070259784,0.210921483867
270,0.272172801337,0.258414525185,0.258389328549,0.21102334493
271,0.272555160531,0.257622511025,0.258702339118,0.211119989326
272,0.272794241977,0.257794689609,0.258879249834,0.21053181858
273,0.301161705155,0.247790639185,0.248836966545,0.202210689115
274,0.30167146079,0.246988674143,0.249083324497,0.202256540569
275,0.300604463944,0.247415752637,0.249521743537,0.202458039882
276,0.301103717346,0.246628004189,0.249766322803,0.202501955663
277,0.301675290158,0.246916909845,0.248813908848,0.202593891148
278,0.302172388408,0.246142406303,0.249050006754,0.202635198536
279,0.301114152913,0.246562199396,0.249485335466,0.202838312225
280,0.301468666016,0.246675069352,0.249610125588,0.202246139044
281,0.301817119173,0.246782694748,0.249729618657,0.201670567422
282,0.300770923063,0.247200200843,0.250162715803,0.201866160291
283,0.301109057096,0.247305419011,0.250279805355,0.201305718537
284,0.301598206512,0.246534672307,0.250522074639,0.201345046542
285,0.300564113555,0.246945602569,0.250953878376,0.201536405499
286,0.301129019152,0.247238615157,0.250001143706,0.201631221985
287,0.301684926278,0.247523721314,0.249071996007,0.2017193564
288,0.302232250274,0.247801277483,0.248165359107,0.201801113137
289,0.301206684957,0.248216383234,0.24858234639,0.20199458542
290,0.301692455064,0.24745039343,0.248817293791,0.202039857715
291,0.302027550547,0.247555407959,0.248927633269,0.201489408226
292,0.302357473853,0.247655925751,0.249033455116,0.20095314528
293,0.302841708557,0.246899650058,0.249266037508,0.200992603877
294,0.30332057437,0.246157644573,0.249493783087,0.20102799797
295,0.303649498597,0.246249018983,0.249597863349,0.200503619071
296,0.304125078715,0.245518402393,0.249822163845,0.200534355047
297,0.304595655419,0.244801086642,0.250041947162,0.200561310778
298,0.303556869954,0.245208064316,0.250475561866,0.200759503864
299,0.302538279175,0.245608035088,0.250902079418,0.200951606319
300,0.301539205386,0.246001233968,0.251321738381,0.201137822265
301,0.30208634101,0.246279869322,0.250403700672,0.201230088995
302,0.302543364502,0.245569115203,0.250625728217,0.201261792078
303,0.303085294953,0.245838521987,0.249726735779,0.201349447282
304,0.302094118215,0.2462305879,0.250137999853,0.201537294031
305,0.302624358156,0.24649637878,0.249257745038,0.201621518026
306,0.30164819844,0.246885349212,0.24966022161,0.201806230738
307,0.300690097608,0.247268041367,0.250056378269,0.201985482755
308,0.301205575516,0.247533653157,0.249191937653,0.202068833675
309,0.301713613393,0.247792714118,0.248347030352,0.202146642137
310,0.302029223801,0.247893406191,0.248449750152,0.201627619855
311,0.301078004183,0.248278535409,0.248837549003,0.201805911405
312,0.301385162259,0.248377290527,0.248938332496,0.201299214718
313,0.30188663048,0.248635861983,0.248104854085,0.201372653451
314,0.302191378324,0.248732096365,0.248199182159,0.200877343152
315,0.302687830452,0.248985807588,0.247381350246,0.200945011714
316,0.301739597728,0.249375252969,0.2477631849,0.201121964403
317,0.302197142499,0.248651474737,0.247983673802,0.201167708962
318,0.302497591035,0.248745120721,0.248074957043,0.200682331201
319,0.302794075912,0.248835299172,0.24816278055,0.200207844366
320,0.303287003232,0.249086607886,0.24735333183,0.200273057052
321,0.303745831845,0.248369616315,0.247569277587,0.200315274253
322,0.302797192774,0.248756984067,0.247952896191,0.200492926968
323,0.303283035591,0.249003577068,0.247156522002,0.200556865339
324,0.302348071898,0.2493879972,0.247532366963,0.20073156394
325,0.302798124561,0.248678946521,0.247747344819,0.200775584099
326,0.303090408495,0.24876776158,0.247832956229,0.200308873696
327,0.303571115601,0.249010935214,0.247046891686,0.200371057499
328,0.302642664917,0.249392873359,0.247419807357,0.200544654367
329,0.303089049841,0.248690964803,0.247632126592,0.200587858764
330,0.303530793319,0.24800133673,0.247840300572,0.20062756938
331,0.302612230579,0.24837468181,0.248212913177,0.200800174433
332,0.303046292503,0.24769555222,0.248419724545,0.200838430732
333,0.302140518658,0.24806195464,0.248789392471,0.201008134232
334,0.296321766315,0.243140198257,0.243855353874,0.216682681554
335,0.296766018811,0.243360116697,0.243070213198,0.216803651294
336,0.297167928904,0.242684778498,0.243253994501,0.216893298097
337,0.296262598671,0.243021946075,0.243593656416,0.217121798838
338,0.296700270836,0.243237518145,0.242820689075,0.217241521944
339,0.297080028482,0.243405300826,0.242986947562,0.21652772313
340,0.297479071361,0.242736467661,0.243168686913,0.216615774065
341,0.297874047268,0.242078638731,0.243346801815,0.216700512186
342,0.298265091161,0.241431455688,0.243521408679,0.216782044472
343,0.298652332175,0.240794575651,0.24369261889,0.216860473284
344,0.299095596009,0.241000175749,0.242925020685,0.216979207556
345,0.299533146707,0.241200821084,0.242172642922,0.217093389287
346,0.299917995068,0.241358706195,0.242333996784,0.216389301953
347,0.30035214671,0.241555948778,0.241594305671,0.21649759884
348,0.300732344272,0.241709482583,0.241747974792,0.215810198353
349,0.299808830838,0.242053062244,0.242091720264,0.216046386654
350,0.298900898054,0.242391316382,0.242430139674,0.21627764589
351,0.299325774124,0.242590158156,0.241699689033,0.216384378687
352,0.299695285483,0.242743830184,0.241850255863,0.215710628469
353,0.300116941282,0.242939440323,0.241131770621,0.215811847774
354,0.300482239493,0.243089135055,0.241275232131,0.215153393321
355,0.300878065538,0.2424459669,0.241442919586,0.215233047976
356,0.299970447678,0.242786832358,0.241779543259,0.215463176706
357,0.300359542532,0.242152665816,0.241946134463,0.215541657189
358,0.300779390789,0.242344466936,0.241234289403,0.215641852871
359,0.301166904527,0.241718710723,0.24139587041,0.21571851434
360,0.301530416752,0.241861866778,0.241537933547,0.215069782924
361,0.301916079319,0.241244196179,0.241697461389,0.215142263113
362,0.302336969753,0.241430008477,0.240993525815,0.215239495955
363,0.302721182832,0.240820297037,0.241148251461,0.215310268669
364,0.301808214246,0.241158326701,0.241487649303,0.21554580975
365,0.302223372324,0.241340859196,0.240793523348,0.215642245131
366,0.30258519053,0.241480505789,0.240931350409,0.215002953273
367,0.30296671656,0.240876085562,0.241084594095,0.215072603782
368,0.302060156576,0.241212208951,0.241421579179,0.215306055294
369,0.302415075331,0.241347654693,0.241557713547,0.214679556429
370,0.302828225209,0.241529287771,0.240869715632,0.214772771388
371,0.303236754891,0.241706924929,0.240193966994,0.214862353186
372,0.303589822397,0.241840072459,0.240322202629,0.214247902514
373,0.303995598148,0.242014927797,0.239656663576,0.21433281048
374,0.304379908991,0.241411551729,0.239806288888,0.214402250392
375,0.304783242783,0.241581286556,0.239150712766,0.214484757896
376,0.30518237259,0.24174738721,0.238506274496,0.214563965704
377,0.305567072974,0.241150234045,0.238649992693,0.214632700287
378,0.305963967391,0.241311468715,0.238014890167,0.214709673726
379,0.306347215743,0.240721708598,0.238154329424,0.214776746236
380,0.306741952491,0.240878210836,0.237528286391,0.214851550282
381,0.307102877995,0.241007881307,0.237647371854,0.214241868845
382,0.307495374844,0.241162049247,0.237030065127,0.214312510782
383,0.307852784552,0.241288422083,0.237143515687,0.213715277678
384,0.308243104965,0.241440314006,0.236534690806,0.213781890223
385,0.308597163773,0.241563529323,0.236642719081,0.213196587823
386,0.308946534327,0.241682821851,0.236746892424,0.212623751398
387,0.309336232171,0.241833391207,0.236144938929,0.212685437694
388,0.30838958812,0.242194773365,0.236483237049,0.212932401466
389,0.29258508102,0.229639232995,0.224209959909,0.253565726077
390,0.293136983687,0.229928801243,0.22447883876,0.252455376309
391,0.293455451845,0.230034933067,0.223877016416,0.252632598672
392,0.293770660403,0.230138289282,0.22328420769,0.252806842625
393,0.294316919994,0.230422317975,0.223542490721,0.25171827131
394,0.293359554218,0.230722011428,0.223815928347,0.252102506007
395,0.292417578108,0.231016642189,0.224084411578,0.252481368126
396,0.292742242031,0.230408540269,0.224181713573,0.252667504127
397,0.293063777189,0.229809068338,0.224276387574,0.252850766899
398,0.293599584364,0.230087911353,0.22453469922,0.251777805063
399,0.292664631505,0.23037831467,0.224804258823,0.252152795001
400,0.291744410521,0.23066388,0.22506906376,0.252522645718
401,0.292265420322,0.230939800649,0.225324425086,0.251470353943
402,0.29135713053,0.231223218575,0.22558706866,0.251832582235
403,0.290462840607,0.231502032949,0.225845187994,0.252189938449
404,0.29076838017,0.231614792046,0.225250325479,0.252366502305
405,0.28988519193,0.231890737186,0.225503096273,0.25272097461
406,0.289015318183,0.232162300867,0.225751570566,0.253070810384
407,0.28815840718,0.232429598634,0.225995861591,0.253416132595
408,0.28845333436,0.232544354068,0.225407072274,0.253595239298
409,0.288745152058,0.232656417475,0.224826956024,0.253771474443
410,0.289054498945,0.232052687683,0.224929839565,0.253962973807
411,0.289563513813,0.232336516023,0.225187790269,0.252912179895
412,0.289855827503,0.232446191944,0.224614037862,0.25308394269
413,0.28899989226,0.232715330372,0.224855355282,0.253429422087
414,0.289307400317,0.232116844861,0.224957536666,0.253618218155
415,0.28959565998,0.232224245114,0.224390095303,0.253789999603
416,0.289901427192,0.231632941901,0.224488647105,0.253976983802
417,0.290204240105,0.231049818195,0.22458470606,0.25416123564
418,0.289351510093,0.231313404343,0.22482557808,0.254509507484
419,0.2898579357,0.231593885315,0.225082836031,0.253465342955
420,0.290355182137,0.231866668442,0.225332576919,0.252445572503
421,0.290657167321,0.231288580479,0.225430490844,0.252623761356
422,0.289810381108,0.231551852399,0.225673309659,0.252964456834
423,0.290107230332,0.230980697245,0.225770282108,0.253141790316
424,0.29059780099,0.231246358321,0.226017730111,0.252138110578
425,0.291079818382,0.231504862497,0.226258155997,0.251157163123
426,0.291373873262,0.231613608368,0.225689087048,0.251323431321
427,0.291665004827,0.231719846821,0.225128115518,0.251487032833
428,0.291953297959,0.231823649186,0.224575009318,0.251648043537
429,0.292433036714,0.232079205995,0.224805850075,0.250681907215
430,0.292737051916,0.231509417164,0.224901319212,0.250852211708
431,0.293025759401,0.231611018679,0.224353973525,0.251009248395
432,0.293501429675,0.231860136637,0.224578659001,0.250059774687
433,0.293805901281,0.231295868261,0.22467206417,0.250226166288
434,0.294275775954,0.231537522286,0.224891671273,0.249295030488
435,0.294566777946,0.231638177936,0.224349071876,0.249445972242
436,0.295030996136,0.231874787618,0.224561691631,0.248532524615
437,0.294165407767,0.232151886366,0.224813488033,0.248869217833
438,0.32887220288,0.220729445378,0.213736367369,0.236661984373
439,0.329277975184,0.220157225591,0.213789160085,0.23677563914
440,0.329680949119,0.219592246845,0.213839826007,0.236886978028
441,0.330071553728,0.219649010284,0.213290301897,0.236989134091
442,0.330473105985,0.219090076148,0.213337961267,0.237098856601
443,0.329357644188,0.219445386975,0.213671052476,0.23752591636
444,0.328258829862,0.219795216542,0.213998766012,0.237947187585
445,0.327176251784,0.220139700109,0.214321234528,0.23836281358
446,0.327555915992,0.220198557797,0.213776270686,0.238469255525
447,0.327932881404,0.220255322673,0.213238334833,0.23857346109
448,0.310107348639,0.208097053028,0.201452783714,0.280342814619
449,0.31088266497,0.208431235585,0.201761649026,0.278924450419
450,0.309791344164,0.208710800845,0.202017602675,0.279480252316
451,0.308715566877,0.208985495702,0.202268804229,0.280030133192
452,0.30765495582,0.209255437559,0.202515368342,0.280574238279
453,0.306609145656,0.209520740099,0.202757406033,0.281112708212
454,0.305577782538,0.209781513429,0.202995024827,0.281645679207
455,0.305886536192,0.209217224827,0.20301673887,0.281879500112
456,0.306180274021,0.209242995339,0.202477337773,0.282099392867
457,0.306487441631,0.20868465277,0.202496336969,0.282331568629
458,0.305461891731,0.208940877136,0.202731579675,0.282865651458
459,0.305751330712,0.208965132819,0.202197467136,0.283086069334
460,0.306510609424,0.209310048316,0.202516653877,0.281662688383
461,0.306800454487,0.209333945911,0.20198848613,0.281877113473
462,0.305781087664,0.20959137411,0.202221177686,0.28240636054
463,0.304775467103,0.209844493349,0.202449674775,0.282930364773
464,0.305057519176,0.209869089286,0.201926776765,0.283146614773
465,0.30535973665,0.209311979821,0.201946781707,0.283381501821
466,0.306110144263,0.209655639451,0.202262733099,0.281971483187
467,0.306848087332,0.209990071271,0.202569732776,0.280592108621
468,0.307134170625,0.21001484356,0.202051179038,0.280799806777
469,0.307417978752,0.210037882069,0.201538804001,0.281005335178
470,0.308149162816,0.21036615706,0.201835980555,0.279648699569
471,0.30867259332,0.210552045789,0.201996502526,0.278778858366
472,0.309382961771,0.210864903334,0.202278793422,0.277473341473
473,0.309671515716,0.210889851909,0.201770678832,0.277667953542
474,0.309957880886,0.210913130938,0.201268489446,0.27786049873
475,0.310274412795,0.210355423334,0.201290187168,0.278079976702
476,0.310588433355,0.209804428528,0.201310049967,0.27829708815
477,0.310900006081,0.209259978555,0.201328123789,0.278511891575
478,0.311186929083,0.209278968332,0.200829598451,0.278704504134
479,0.311901728167,0.209585297255,0.201106184018,0.27740679056
480,0.312605682103,0.209883690748,0.201375106567,0.276135520582
481,0.312895401583,0.209903557127,0.200881171616,0.276319869673
482,0.311857880466,0.210177710523,0.201125131024,0.276839277987
483,0.312142825102,0.210197241362,0.20063631552,0.277023618016
484,0.312425748714,0.210215238995,0.200152955697,0.277206056594
485,0.312706701318,0.210231740662,0.199674918559,0.277386639461
486,0.313022788018,0.20968734789,0.199691590184,0.277598273909
487,0.31372595472,0.209984844294,0.199954766891,0.276334434096
488,0.314008188774,0.210000198007,0.199480797244,0.276510815975
489,0.31470330832,0.210291281834,0.199736221798,0.275269188047
490,0.313661823706,0.210570668338,0.199980481195,0.275787026761
491,0.313978782608,0.210029752925,0.199998392321,0.275993072146
492,0.314259593557,0.210045169553,0.199528013236,0.276167223654
493,0.314538540297,0.210059174608,0.199062658502,0.276339626594
494,0.315228260687,0.210347118507,0.199313744885,0.275110875922
495,0.315908124253,0.21062787681,0.199557966067,0.27390603287
496,0.316189703799,0.21064269984,0.199096584476,0.274071011885
497,0.315147050052,0.210925908313,0.199341565844,0.274585475791
498,0.315817213533,0.211203397377,0.199581084157,0.273398304933
499,0.316478099077,0.211474099607,0.199814132703,0.272233668613
500,0.316759508968,0.211490860867,0.199356276618,0.272393353547
501,0.317039151257,0.211506277302,0.198903173975,0.272551397466
502,0.317364991837,0.210963948901,0.198922034727,0.272749024535
503,0.318023393569,0.211229368955,0.199148940165,0.271598297311
504,0.316979962313,0.21151760489,0.199397298125,0.272105134672
505,0.315950442682,0.211801416165,0.199641424446,0.272606716706
506,0.316595425198,0.212065442566,0.199866843954,0.271472288282
507,0.31687307667,0.212083062283,0.199416212875,0.271627648171
508,0.317149015708,0.212099375398,0.198970188064,0.27178142083
509,0.316125775365,0.212383652757,0.199211759037,0.272278812842
510,0.316447791581,0.211842645202,0.199233497252,0.272476065964
511,0.315435497019,0.212121999188,0.199472173431,0.272970330363
512,0.315705529844,0.212138475882,0.199029429594,0.273126564679
513,0.316345730004,0.21240333931,0.199253052155,0.271997878532
514,0.316616095755,0.212419538438,0.198814320406,0.272150045402
515,0.316937095551,0.211881844412,0.19883545111,0.272345608927
516,0.317255722158,0.211350390562,0.198854892565,0.272538994716
517,0.316244589327,0.211628971732,0.199093442493,0.273032996448
518,0.316512456712,0.211643408555,0.198657669074,0.273186465659
519,0.317150360386,0.211904935588,0.19887879044,0.272065913586
520,0.317418577426,0.211919112462,0.198446897417,0.272215412695
521,0.317736204136,0.211390855847,0.198465779774,0.272407160243
522,0.318003634442,0.211403041144,0.19803757649,0.272555747923
523,0.318639212991,0.211659624171,0.19825308419,0.271448078648
524,0.318957496031,0.211135904569,0.198270799091,0.271635800308
525,0.319587050348,0.211385829623,0.198481635194,0.270545484835
526,0.320208650148,0.21162997202,0.19868698875,0.269474389082
527,0.31918973063,0.211915950302,0.198931562611,0.269962756456
528,0.319459566453,0.211930005215,0.198505478499,0.270104949834
529,0.320073061505,0.212171716486,0.198707203102,0.269048018907
530,0.320343180188,0.212185481095,0.198284812719,0.269186525998
531,0.31933042887,0.212471736012,0.198526884823,0.269670950295
532,0.319936001536,0.21271108726,0.198725071973,0.268627839232
533,0.318934125266,0.212995438795,0.198965241178,0.269105194761
534,0.319252842468,0.212471543488,0.198987501944,0.2692881121
535,0.318261407651,0.21275120898,0.199224910272,0.269762473097
536,0.318857402481,0.212988919712,0.199422974656,0.268730703151
537,0.31787643757,0.213266772896,0.199658568329,0.269198221205
538,0.318139853472,0.213284625329,0.199237757631,0.269337763568
539,0.317168917814,0.213559585592,0.199469301003,0.269802195591
540,0.31775533413,0.213797203782,0.199665908537,0.268781553551
541,0.318069635189,0.213275300288,0.199691189145,0.268963875378
542,0.318381686739,0.212759289944,0.199714866868,0.269144156449
543,0.318644542187,0.212776348739,0.19929638448,0.269282724594
544,0.317676977263,0.21304943184,0.199528071806,0.269745519091
545,0.318259945003,0.213283417524,0.199723088628,0.268733548845
546,0.318836010591,0.213512321673,0.199913297566,0.267738370169
547,0.319405369927,0.213736286126,0.200098833138,0.26675951081
548,0.319636745255,0.213733803443,0.200072347921,0.26655710338
549,0.318673013654,0.214010294729,0.200306977139,0.267009714478
550,0.318935444485,0.214030977035,0.199890219501,0.267143358979
551,0.306468889544,0.205515561392,0.191913511264,0.2961020378
552,0.305506474497,0.205749498807,0.192108045907,0.296635980789
553,0.306168626965,0.206047558148,0.192362392245,0.295421422641
554,0.30682259954,0.206339583117,0.192611039393,0.29422677795
555,0.341374464478,0.196007836753,0.182943924149,0.279673774619
556,0.34167425334,0.195983593386,0.182523484722,0.279818668552
557,0.341972576661,0.195958362369,0.18210683874,0.27996222223
558,0.342325616692,0.195435613967,0.182088354215,0.280150415127
559,0.342676402497,0.19491852505,0.182068480221,0.280336592232
560,0.343024985696,0.194406967776,0.182047248681,0.280520797846
561,0.343323889854,0.194378813221,0.181633074476,0.280664222449
562,0.342138802887,0.194681524485,0.181893906375,0.281285766253
563,0.340968225478,0.194979756881,0.182150488268,0.281901529373
564,0.339811866765,0.195273599569,0.182402904971,0.282511628696
565,0.340101177893,0.195247635111,0.181991763527,0.282659423468
566,0.340857450085,0.195489345418,0.182194350048,0.281458854449
567,0.339710081935,0.195782431012,0.182444758583,0.28206272847
568,0.339997411974,0.1957573328,0.182036692136,0.282208563091
569,0.34074492563,0.19599679606,0.182236014282,0.281022264029
570,0.341032907012,0.195971541684,0.181831184946,0.281164366358
571,0.339891778632,0.196264889855,0.182079399996,0.281763931518
572,0.340175793634,0.196239732881,0.181677875057,0.281906598427
573,0.340458484868,0.19621367944,0.181279791384,0.282048044308
574,0.34073987925,0.196186747515,0.180885080633,0.282188292602
575,0.33960458901,0.196478864006,0.181128742144,0.28278780484
576,0.339944223678,0.195963986074,0.181111447407,0.282980342841
577,0.338819821599,0.196251406674,0.181352223149,0.283576548578
578,0.337708620816,0.196534738511,0.181589151653,0.284167489019
579,0.337981722716,0.196509221935,0.181196832357,0.284312222993
580,0.338314741648,0.195998176177,0.181179849736,0.28450723244
581,0.339059559405,0.196244573236,0.18138298869,0.283312878668
582,0.339796056323,0.196485520382,0.181581032637,0.282137390659
583,0.338688559363,0.196770092715,0.181819329973,0.282722017949
584,0.338962447085,0.196745552597,0.181429149957,0.282862850362
585,0.339235090538,0.196720165558,0.181042213762,0.283002530142
586,0.338135531098,0.197002638082,0.181276392578,0.283585438242
587,0.338863455721,0.197244504047,0.18147314141,0.282418898822
588,0.339134326603,0.197219960917,0.181088931238,0.282556781241
589,0.339403995913,0.197194596926,0.18070785733,0.282693549831
590,0.339739169097,0.196683568328,0.18069251452,0.282884748055
591,0.340465087361,0.196920996556,0.18088459485,0.281729321233
592,0.340736047679,0.196894916872,0.180505979975,0.281863055474
593,0.341455965703,0.1971279065,0.18069300348,0.280723124317
594,0.329770652423,0.190205201997,0.174321821299,0.305702324281
595,0.330069190591,0.189698674849,0.174292162659,0.305939971902
596,0.330876238575,0.189985273448,0.174530595258,0.30460789272
597,0.331674255527,0.190265992372,0.174763555705,0.303296196396
598,0.330556758698,0.190523565757,0.174975189506,0.303944486039
599,0.331343883312,0.190801060562,0.175205052451,0.302650003675
600,0.330237104878,0.191057276885,0.175415309886,0.303290308352
601,0.329142889692,0.191309698195,0.175622019982,0.303925392132
602,0.329439560371,0.190805134167,0.175596382324,0.304158923138
603,0.328355341672,0.191053295514,0.175800463981,0.304790898834
604,0.327283251068,0.191297798168,0.176001119742,0.305417831023
605,0.326223062733,0.191538709549,0.176198413034,0.306039814685
606,0.310439175506,0.182110732,0.167502368094,0.3399477244
607,0.311329668824,0.182472175849,0.167811623073,0.338386532254
608,0.311514805962,0.182419792099,0.167431077338,0.338634324601
609,0.312397413884,0.182775430608,0.167733800349,0.337093355159
610,0.311334603471,0.182973893747,0.167892214365,0.337799288417
611,0.311573437385,0.182472131046,0.167850716935,0.338103714633
612,0.310519972041,0.182666705317,0.168006694654,0.338806627988
613,0.30947786549,0.182857998824,0.168159609465,0.339504526221
614,0.309710379197,0.182360304809,0.168118304394,0.3398110116
615,0.308677285954,0.182547835536,0.168268866411,0.340506012098
616,0.309547973344,0.182906203701,0.1685768391,0.338968983855
617,0.293313069779,0.173165089681,0.159577700268,0.373944140272
618,0.279174580433,0.164677116964,0.1517356063,0.404412696303
619,0.279307335926,0.164186736701,0.151657823909,0.404848103464
620,0.280380630658,0.164676020822,0.15209023515,0.402853113369
621,0.281441426778,0.165157008253,0.152514871207,0.400886693762
622,0.281579081478,0.164670478797,0.152438758069,0.401311681656
623,0.281715023331,0.164188675034,0.152361720133,0.401734581502
624,0.25951387905,0.151118217933,0.140215909751,0.449151993266
625,0.240478748466,0.139912327386,0.129802857531,0.489806066616
626,0.240462865137,0.139781706801,0.129423038137,0.490332389926
627,0.241757558566,0.140412388356,0.129990967429,0.48783908565
628,0.240718939926,0.140427762975,0.12998918621,0.488864110889
629,0.219690557354,0.128050361515,0.11851724684,0.533741834292
630,0.22106085506,0.128738358323,0.119139345521,0.531061441097
631,0.222417281095,0.129417006929,0.119752639023,0.528413072953
632,0.221399304726,0.129392315483,0.119715042487,0.529493337304
633,0.222739409494,0.130064751768,0.120322363375,0.526873475363
634,0.202392184856,0.118082791566,0.109224445095,0.570300578483
635,0.203787211495,0.118795535662,0.109870184423,0.56754706842
