episode,omega1,omega2,omega3,omega4,omega5,omega
1,0.166666666667,0.166666666667,0.166666666667,0.166666666667,0.166666666667,0.166666666667
2,0.166487795056,0.167561024719,0.166487795056,0.166487795056,0.166487795056,0.166487795056
3,0.166308157629,0.168459211855,0.166308157629,0.166308157629,0.166308157629,0.166308157629
4,0.166127753189,0.169361234055,0.166127753189,0.166127753189,0.166127753189,0.166127753189
5,0.165946580561,0.170267097194,0.165946580561,0.165946580561,0.165946580561,0.165946580561
6,0.165764638593,0.171176807036,0.165764638593,0.165764638593,0.165764638593,0.165764638593
7,0.165581926153,0.172090369236,0.165581926153,0.165581926153,0.165581926153,0.165581926153
8,0.165398442133,0.173007789337,0.165398442133,0.165398442133,0.165398442133,0.165398442133
9,0.165214185446,0.173929072769,0.165214185446,0.165214185446,0.165214185446,0.165214185446
10,0.165029155031,0.174854224846,0.165029155031,0.165029155031,0.165029155031,0.165029155031
11,0.164843349846,0.175783250768,0.164843349846,0.164843349846,0.164843349846,0.164843349846
12,0.164252176931,0.176281931542,0.164252176931,0.164252176931,0.166709360735,0.164252176931
13,0.164028841744,0.17717705983,0.164028841744,0.164028841744,0.166707573196,0.164028841744
14,0.16380486671,0.178075707703,0.16380486671,0.16380486671,0.166704825456,0.16380486671
15,0.164480708565,0.178785198236,0.163404147696,0.163404147696,0.16652165011,0.163404147696
16,0.165719791549,0.172682498918,0.164557916339,0.164557916339,0.167923960515,0.164557916339
17,0.165447682997,0.173132297967,0.16445733383,0.16445733383,0.168048017547,0.16445733383
18,0.165369836171,0.173542575264,0.164318282394,0.164318282394,0.168132741385,0.164318282394
19,0.165291793853,0.173953580525,0.164179117971,0.164179117971,0.16821727171,0.164179117971
20,0.165049738119,0.174399531296,0.164072031782,0.164072031782,0.168334635239,0.164072031782
21,0.165576123898,0.171745617583,0.164543838312,0.164543838312,0.169046743584,0.164543838312
22,0.165520586422,0.17200234437,0.164437219335,0.164437219335,0.169165411204,0.164437219335
23,0.165799429645,0.170586111192,0.164662739189,0.164662739189,0.169626241597,0.164662739189
24,0.165759247434,0.170765545591,0.164571362757,0.164571362757,0.169761118705,0.164571362757
25,0.165718999087,0.170945090464,0.164479961725,0.164479961725,0.169896025273,0.164479961725
26,0.165915696518,0.171369548493,0.164623702429,0.164623702429,0.168843647704,0.164623702429
27,0.165724259059,0.171592589155,0.164573379791,0.164573379791,0.168963012414,0.164573379791
28,0.16547348557,0.171562396514,0.164280309927,0.164280309927,0.168832971279,0.165570526782
29,0.165484149338,0.171803235582,0.164246867886,0.164246867886,0.168969586431,0.165249292877
30,0.165475649254,0.172024489745,0.164194416498,0.164194416498,0.169086729372,0.165024298633
31,0.165433835065,0.172211349473,0.164108934123,0.164108934123,0.16916988663,0.164967060586
32,0.165391971355,0.172398349542,0.164023436663,0.164023436663,0.169253023296,0.164909782481
33,0.16553109609,0.172774449798,0.164117415996,0.164117415996,0.16842666463,0.165032957491
34,0.165797263767,0.171456531759,0.164337257382,0.164337257382,0.168788933175,0.165282756535
35,0.165612885356,0.171635544724,0.164297559246,0.164297559246,0.168884892119,0.165271559309
36,0.165581335675,0.171783227661,0.164227739967,0.164227739967,0.168949908512,0.165230048217
37,0.165549754278,0.171930998491,0.164157912951,0.164157912951,0.169014911421,0.165188509909
38,0.165385012255,0.172106309778,0.164114255979,0.164114255979,0.169106874926,0.165173291083
39,0.165580994132,0.171097611162,0.164274482554,0.164274482554,0.169409132735,0.165363296862
40,0.165439680978,0.17123825772,0.164233542725,0.164233542725,0.169504147079,0.165350828773
41,0.165313603687,0.171375852639,0.164189578657,0.164189578657,0.169596080352,0.165335306007
42,0.165311770946,0.171528322203,0.164159756201,0.164159756201,0.169702670428,0.165137724019
43,0.165195907739,0.171664951325,0.164114665742,0.164114665742,0.16979352557,0.165116283882
44,0.165322958138,0.171954171644,0.164215207419,0.164215207419,0.169051079134,0.165241376246
45,0.165291257098,0.172078507368,0.16415805058,0.16415805058,0.169106339934,0.16520779444
46,0.165184889341,0.172218304487,0.16411556191,0.16411556191,0.169176718811,0.165188963541
47,0.165151500622,0.172343115174,0.164058710078,0.164058710078,0.16923229953,0.165155664518
48,0.165118091974,0.172467988449,0.164001851444,0.164001851444,0.169287871159,0.16512234553
49,0.165213853375,0.172727990005,0.164073284116,0.164073284116,0.168693388434,0.165218199953
50,0.165210770292,0.172884889547,0.164046544819,0.164046544819,0.168763503318,0.165047747206
51,0.165180560004,0.173013517957,0.163992877667,0.163992877667,0.168805924696,0.165014242009
52,0.165171893099,0.173164822178,0.163960607984,0.163960607984,0.168870376866,0.164871691888
53,0.165369137839,0.172157272323,0.164132716297,0.164132716297,0.169145466973,0.165062690271
54,0.165343768182,0.172264076745,0.164083853439,0.164083853439,0.169192967318,0.165031480876
55,0.165318382829,0.172370927004,0.164034985692,0.164034985692,0.16924046095,0.165000257833
56,0.165214768935,0.172493984434,0.164001478719,0.164001478719,0.169303810293,0.1649844789
57,0.165206357794,0.172620471905,0.163971153316,0.163971153316,0.169370462612,0.164860401057
58,0.16536604086,0.171795541827,0.16410764815,0.16410764815,0.169609548455,0.165013572558
59,0.165460349523,0.172008584515,0.164179235229,0.164179235229,0.169071095764,0.16510149974
60,0.165439189444,0.172101716575,0.16413624083,0.16413624083,0.169112406212,0.165074206109
61,0.165344024827,0.172210149962,0.164107791049,0.164107791049,0.169168708304,0.16506153481
62,0.165255822178,0.172317194291,0.164077958505,0.164077958505,0.169223597929,0.165047468591
63,0.165173349697,0.172423101754,0.164046986441,0.164046986441,0.169277323916,0.165032251751
64,0.165148900825,0.17251706439,0.164004602906,0.164004602906,0.169319279657,0.165005549315
65,0.165224990554,0.172716171397,0.164062057692,0.164062057692,0.168855425133,0.165079297532
66,0.165219212277,0.172829832372,0.164038214989,0.164038214989,0.168906871855,0.164967653519
67,0.165196566751,0.172925911486,0.163997630718,0.163997630718,0.168941084465,0.164941175861
68,0.165117271317,0.17303376745,0.163968165711,0.163968165711,0.168986753249,0.164925876562
69,0.165080390403,0.173116078485,0.163914455159,0.163914455159,0.169088436714,0.164886184079
70,0.165056674458,0.173212235488,0.163873824648,0.163873824648,0.169123798584,0.164859642174
71,0.165114059543,0.173393610118,0.163913712265,0.163913712265,0.168750801855,0.164914103954
72,0.165091484139,0.173491124929,0.16387421887,0.16387421887,0.168780251666,0.164888701526
73,0.165068897624,0.17358867965,0.163834720899,0.163834720899,0.168809692097,0.164863288831
74,0.165061990752,0.17370278643,0.163810790171,0.163810790171,0.168855174469,0.164758468008
75,0.165039592284,0.17380065395,0.163771490086,0.163771490086,0.168884816269,0.164731957324
76,0.165017182581,0.173898561568,0.163732185267,0.163732185267,0.16891444866,0.164705436656
77,0.165008357599,0.174010847005,0.163706364393,0.163706364393,0.168957993019,0.164610073592
78,0.164986100199,0.174109029281,0.163667222081,0.163667222081,0.168987789902,0.164582636455
79,0.164963831459,0.174207251807,0.163628074902,0.163628074902,0.169017577346,0.164555189584
80,0.164941551378,0.174305514585,0.163588922859,0.163588922859,0.169047355337,0.164527732981
81,0.163282341942,0.172672759937,0.161926440949,0.161926440949,0.167398936669,0.172793079554
82,0.163178981083,0.172760864926,0.161878989115,0.161878989115,0.167419424533,0.172882751228
83,0.16313556303,0.172836609796,0.161819936818,0.161819936818,0.167427898033,0.172960055504
84,0.163092136495,0.172912366635,0.161760886192,0.161760886192,0.167436351394,0.173037373091
85,0.159308859614,0.169020313133,0.157992888348,0.157992888348,0.163604109945,0.192080940611
86,0.159162252885,0.169054702148,0.157898158812,0.157898158812,0.163573962071,0.192412765273
87,0.15907111936,0.169077804056,0.157792945779,0.157792945779,0.163532896039,0.192732288989
88,0.158979920932,0.169100784583,0.157687686721,0.157687686721,0.16349171991,0.193052201133
89,0.159786452961,0.16894312237,0.157414179571,0.157414179571,0.163275968006,0.193166097522
90,0.159790741475,0.168946628653,0.157291059496,0.157291059496,0.163216060564,0.193464450317
91,0.159710070714,0.168967082955,0.157183801764,0.157183801764,0.163172541838,0.193782700965
92,0.159847810126,0.167850007973,0.157291494414,0.157291494414,0.163352191528,0.194367001545
93,0.159769298531,0.167857647409,0.157186388992,0.157186388992,0.163310872984,0.194689403093
94,0.159690709786,0.167865165556,0.157081239981,0.157081239981,0.163269446586,0.195012198109
95,0.159696741458,0.167961643223,0.1570593462,0.1570593462,0.162783882292,0.195439040627
96,0.15962886365,0.167980399787,0.156964779259,0.156964779259,0.16268500689,0.195776171155
97,0.15872346021,0.167117311158,0.156046838814,0.156046838814,0.161794564181,0.200270986823
98,0.158635832284,0.1671147319,0.155933061253,0.155933061253,0.161737524333,0.200645788977
99,0.158548104354,0.167111996285,0.155819220823,0.155819220823,0.161680353281,0.201021104434
100,0.158528452359,0.167181001101,0.155772308211,0.155772308211,0.161262347945,0.201483582173
101,0.158338472956,0.167199047779,0.155677936407,0.155677936407,0.161221046676,0.201885559776
102,0.158155118717,0.167215595952,0.15558222571,0.15558222571,0.161178309704,0.202286524208
103,0.157977582298,0.167230806199,0.155485328377,0.155485328377,0.161134293331,0.202686661419
104,0.157948327275,0.167293170665,0.155432301152,0.155432301152,0.160749051725,0.203144848032
105,0.157858459644,0.167291318124,0.155319648898,0.155319648898,0.160685008468,0.203525915969
106,0.156987937283,0.166461646691,0.154439048131,0.154439048131,0.164773642425,0.202898677338
107,0.156988031101,0.165936990837,0.154415065297,0.154415065297,0.164849717057,0.203395130411
108,0.156891978218,0.165922218079,0.154296530031,0.154296530031,0.164824818701,0.203767924941
109,0.156795838424,0.16590729249,0.154177942509,0.154177942509,0.164799770988,0.20414121308
110,0.156613264033,0.165909200075,0.154075077364,0.154075077364,0.164791445514,0.20453593565
111,0.156516202226,0.165894112105,0.153956508261,0.153956508261,0.164766240433,0.204910428713
112,0.156522708112,0.165988792912,0.153939829901,0.153939829901,0.164187387736,0.205421451438
113,0.156344289663,0.16599050007,0.153836937,0.153836937,0.164172936501,0.205818399766
114,0.156835334171,0.166600874585,0.154297831708,0.154297831708,0.164760429912,0.203207697917
115,0.156743986693,0.166592868258,0.154185703632,0.154185703632,0.164736316781,0.203555421004
116,0.15443037173,0.164221640974,0.151887923296,0.151887923296,0.162375551867,0.215196588836
117,0.154316699792,0.164188506048,0.151754215252,0.151754215252,0.16232683105,0.215659532607
118,0.154407980539,0.164115356783,0.151583659856,0.151583659856,0.162238561502,0.216070781463
119,0.154390819651,0.16418265389,0.151542900044,0.151542900044,0.161672610951,0.21666811542
120,0.154279113281,0.164149382374,0.151409362483,0.151409362483,0.161618745635,0.217134033744
121,0.154354202316,0.163102421577,0.15145915518,0.15145915518,0.161760571964,0.217864493783
122,0.152057271453,0.160749140962,0.149181765009,0.149181765009,0.159415676969,0.229414380598
123,0.14860850804,0.157175430281,0.145775217354,0.167605479993,0.15586088115,0.224974483182
124,0.148535885274,0.157170809173,0.145680991341,0.167688840952,0.155293328588,0.225630144671
125,0.148296475365,0.157095536699,0.145521380046,0.167696824091,0.15520379075,0.226185993049
126,0.145476488158,0.154179880577,0.142732417841,0.164671110449,0.152308363362,0.240631739613
127,0.145296325778,0.154060537128,0.142533938175,0.16463032463,0.152175599914,0.241303274376
128,0.144881335386,0.153691940865,0.142105187317,0.164322956281,0.153413836787,0.241584743364
129,0.168746543089,0.149252753375,0.137915521947,0.159660767951,0.148980557358,0.235443856281
130,0.159361520267,0.140816785719,0.130040066222,0.150715877623,0.140557970097,0.278507780073
131,0.160174801778,0.141399753964,0.130497853499,0.151419550063,0.141137854108,0.275370186587
132,0.160229641922,0.140363667129,0.130336930918,0.151405911391,0.141048827191,0.276615021449
133,0.159232062822,0.140287301162,0.13019234237,0.151411039311,0.140977328677,0.277899925659
134,0.15912796566,0.140061118719,0.129908918516,0.151254333232,0.140755265681,0.278892398192
135,0.160568331838,0.141193341657,0.130885003631,0.152565208136,0.141898374403,0.272889740335
136,0.159879635356,0.141079823088,0.130705804619,0.152530695223,0.141789559403,0.274014482311
137,0.158961220652,0.141004060179,0.130561726035,0.152536935119,0.141718683125,0.275217374889
138,0.158860480767,0.140790551713,0.130290296219,0.152394033151,0.14150935257,0.27615528558
139,0.154892198286,0.137152709216,0.126851979152,0.148542215565,0.13785806148,0.294702836302
140,0.153978892574,0.137032216714,0.126668852416,0.148497534835,0.137742069268,0.296080434193
141,0.15273690896,0.135812950041,0.125470789768,0.147261356987,0.136521561161,0.302196433082
142,0.152286042472,0.135298499549,0.124924817957,0.14678837072,0.137925751648,0.302776517654
143,0.152125486505,0.135042526344,0.124617947794,0.146595378163,0.137683586339,0.303935074854
144,0.152091289278,0.134062053122,0.124415058058,0.146524209831,0.137555975795,0.305351413914
145,0.15203857868,0.133180083322,0.124197369151,0.146435237579,0.13741174428,0.306736986988
146,0.151999037527,0.13302305355,0.123990788998,0.145552068951,0.137279541623,0.30815550935
147,0.151083641617,0.132876666653,0.123794295374,0.145482177073,0.137158260853,0.309604958429
148,0.149831095014,0.131659213564,0.122600590114,0.144238739865,0.135931102302,0.315739259141
149,0.151378117812,0.132901666466,0.123697558351,0.145690316213,0.137243677314,0.309088663845
150,0.150491343974,0.132754574564,0.12350074929,0.145619438099,0.137121562057,0.310512332017
151,0.150439722064,0.132597391332,0.123294718636,0.144760770149,0.136988961714,0.311918436105
152,0.15027106626,0.132337311859,0.122993227793,0.144561391395,0.136749970071,0.313087032622
153,0.14929885894,0.131370517964,0.122035504067,0.143589283774,0.135780430353,0.317925404902
154,0.147138163221,0.129360366419,0.120109931915,0.141474921,0.133731847048,0.328184770397
155,0.147037861974,0.129163429876,0.119868935711,0.141342216665,0.132902431773,0.329685124001
156,0.146145948444,0.128986758828,0.119646943041,0.141231497836,0.13274524238,0.331243609471
157,0.145285102694,0.128804397863,0.119419862092,0.141114367282,0.132582133364,0.332794136706
158,0.143649205511,0.127255816123,0.11792690776,0.139499383307,0.140868908149,0.33079977915
159,0.143438015735,0.12697069187,0.117605640892,0.139268288759,0.140644296366,0.332073066377
160,0.143331739453,0.126778729132,0.117370906129,0.138401318761,0.140522595625,0.333594710901
161,0.143212824256,0.12592277944,0.117126238781,0.138256053338,0.140388533339,0.335093570846
162,0.142999918624,0.12563450905,0.116805227582,0.138020127826,0.140162376865,0.336377840052
163,0.14282170445,0.125377074883,0.116513139073,0.137817775483,0.139721984079,0.337748322031
164,0.137691185351,0.120776050947,0.1121866118,0.13283776248,0.134684570972,0.361823818451
165,0.13643650904,0.119579311955,0.111024721826,0.131598336888,0.140702937106,0.360658183186
166,0.136269470372,0.1193369089,0.110749523101,0.130728965025,0.140557062579,0.362358070023
167,0.136184753039,0.119166852586,0.110541661047,0.130614830002,0.139206277064,0.364285626262
168,0.136011551685,0.118919627899,0.110262413828,0.129773595366,0.139047613109,0.365985198113
169,0.13605178302,0.118859185282,0.110156502875,0.129775492833,0.139107130567,0.366049905423
170,0.131386619301,0.114691283844,0.106245670585,0.125290313077,0.13435496005,0.388031153143
171,0.123589568957,0.10779828678,0.099815071763,0.117821916159,0.126398463688,0.424576692653
172,0.123236491941,0.107403920217,0.0994049096133,0.117452292638,0.126054024709,0.426448360881
173,0.123018871408,0.107128077079,0.0991047448646,0.117211930043,0.124739462807,0.428796913799
174,0.121448077316,0.10567517599,0.0977164216695,0.115682756893,0.133071529479,0.426406038652
175,0.119214323722,0.103648146563,0.0957986860502,0.113523123821,0.130693019607,0.437122700237
176,0.118905359694,0.102786336556,0.0954304003529,0.113197082096,0.130423194049,0.439257627252
177,0.116941824534,0.101004867131,0.0937366399779,0.111296517146,0.128337245636,0.448682905576
178,0.11655999398,0.100591302661,0.0933132325992,0.110901937189,0.12798580758,0.450647725992
179,0.116241150131,0.100232668811,0.0929411022065,0.110020236952,0.127703159775,0.452861682124
180,0.114516440211,0.0986633176236,0.0914471050075,0.108354341835,0.125874869171,0.461143926152
181,0.113538891718,0.0983082747365,0.0910793752703,0.108020951883,0.125592689322,0.46345981707
182,0.113144443882,0.0978883776056,0.0906518812475,0.107615884093,0.125226540932,0.46547287224
183,0.103706494832,0.0896512457814,0.0829884668652,0.0986118026567,0.114845121339,0.510196868525
184,0.10184745751,0.0879737367734,0.0814010813413,0.0968172918187,0.11284965347,0.519110779087
185,0.101390487082,0.0875089618309,0.0809366804728,0.096356217727,0.112406309711,0.521401343176
186,0.100777046444,0.0869099345216,0.0803485421879,0.0957467314609,0.11178886573,0.524428879656
187,0.100555738882,0.0866497138528,0.0800739834032,0.0955100316938,0.11160591901,0.525604613159
188,0.097939814396,0.0843280431513,0.0778954419046,0.0929996257108,0.108763477768,0.538073597069
189,0.0984948382417,0.0847380940983,0.0782410079529,0.0935007709253,0.109441169014,0.535584119768
190,0.098071231192,0.0839093941374,0.0778091712265,0.0930728781948,0.109031584227,0.538105741023
191,0.0970974742248,0.0834919475078,0.0773911602262,0.0926606435298,0.108639594679,0.540719179832
192,0.0966791235943,0.0830661903896,0.0769657704626,0.0917760601847,0.108235479764,0.543277375604
193,0.0963379819982,0.0827073418137,0.0766026780517,0.0914273028987,0.106649435229,0.546275260009
194,0.0960065370957,0.0823573289795,0.0762480436237,0.0910879287538,0.10633881725,0.547961344297
195,0.0950567764408,0.0819394207682,0.0758308463931,0.0906730431405,0.105939406988,0.550560506269
196,0.0943382690135,0.0812578424326,0.0751700540426,0.0899657732642,0.105197400976,0.554070660271
197,0.0934131279958,0.0808376282357,0.0747514636377,0.0895472641176,0.104792056163,0.55665845985
198,0.0913741017746,0.0790147898523,0.0730366910316,0.0875737357769,0.102564782619,0.566435898946
199,0.0893989379007,0.0772497795026,0.0713767073836,0.0856622473555,0.100406585521,0.575905742337
200,0.0889235357302,0.0767823203809,0.070916461231,0.0851883440704,0.0999312357615,0.578258102826
201,0.0884858870197,0.0763480834212,0.0704872431016,0.084329737752,0.0994977455269,0.580851303179
202,0.0880462357846,0.0759127185849,0.0700573155401,0.083493680478,0.099061459249,0.583428590363
203,0.0876048065564,0.0754764224914,0.0696268609781,0.0826784764358,0.0986226252453,0.585990808293
204,0.0891401294125,0.0767425547615,0.0707665989651,0.0841033620751,0.100409910579,0.578837444207
205,0.0887773580134,0.0763738756193,0.0703985092544,0.0837370930949,0.0988940903995,0.581819073618
206,0.0883111858598,0.075916809919,0.0699492633913,0.0832735247498,0.0984268499512,0.584122366129
207,0.0878455340669,0.075460823792,0.0695013593662,0.0828107056718,0.0979596676056,0.586421909497
208,0.0878292433228,0.0749690461357,0.0690208501076,0.0823081565594,0.0974446210494,0.588428082825
209,0.0852017546592,0.0726706797606,0.066878127268,0.079820796799,0.0945769345639,0.600851706949
210,0.0849243858478,0.0723787266707,0.0665828500832,0.0795359954505,0.0943163693353,0.602261672613
211,0.0828436925522,0.0705514285149,0.0648759628414,0.0775629896487,0.0920517549646,0.612114171478
212,0.0776232157883,0.0660550208664,0.0607170133612,0.0726524909821,0.0862943218506,0.636657937151
213,0.0733299268441,0.0623538530084,0.0572920580603,0.0686126062479,0.0815623642082,0.656849191631
214,0.0717572842439,0.0609699553241,0.0559981355208,0.0671200767742,0.0798532346472,0.66430131349
215,0.071729941644,0.0609001272765,0.0559116685148,0.067073460663,0.0798628788825,0.664521923019
216,0.071399501817,0.0605732316146,0.0555893452031,0.066743534954,0.0795348800464,0.666159506365
217,0.0715186402826,0.0606279175659,0.0556173161256,0.0668339390415,0.0797075871679,0.665694599816
218,0.0721897800963,0.0611500703648,0.0560739176214,0.0674399615814,0.0804959624706,0.662650307866
219,0.0713254769445,0.0607209805282,0.0556582152546,0.0669969566754,0.0800324362605,0.665265934337
220,0.0701235586584,0.0596536978272,0.0546580875572,0.0658490654563,0.0787253783452,0.670990212156
221,0.0689499719298,0.0586120412599,0.0536822203771,0.0647284248563,0.0774487402701,0.676578601307
222,0.0694717918919,0.0590120340678,0.0540269897415,0.0651995687031,0.0780761196712,0.674213495925
223,0.0690165049499,0.0582941947159,0.0536118908393,0.0647536810206,0.0776054351604,0.676718293314
224,0.0685602568608,0.0576092140768,0.0531969203139,0.0643071425075,0.0771331500172,0.679193316224
225,0.0683004250143,0.0573461141323,0.0529350531615,0.0640450338179,0.0768814372634,0.680491936611
226,0.0679441683064,0.0570024929408,0.0525990653243,0.0636926791098,0.0765208402314,0.682240754087
227,0.0675861306885,0.0566578800216,0.0522623960072,0.0633388524812,0.0761578338135,0.683996906988
228,0.0640780563133,0.0536751343898,0.0494933619233,0.0600339907496,0.0722430020115,0.700476454613
229,0.0636666625836,0.0532889262457,0.0491196883364,0.0596314329882,0.0709424699785,0.703350819868
230,0.0632145920372,0.0526534061457,0.048715453521,0.059191013704,0.0704721749142,0.705753359678
231,0.0628012472772,0.0522673781687,0.048341884048,0.0587870929274,0.0692375786146,0.708564818964
232,0.0616209533823,0.0512441359487,0.0473794057193,0.0576656784015,0.0679651450998,0.714124681448
233,0.0612053995521,0.0508579456945,0.0470063820177,0.0572603511073,0.0667979088377,0.716872012791
234,0.0591523876609,0.0491127972974,0.0453779905581,0.0553237774674,0.0645816424826,0.726451404534
235,0.0574967553804,0.0477000730217,0.0440577395423,0.0537598639418,0.062797712108,0.734187856006
236,0.0571499512392,0.0473745268485,0.0437422008526,0.0534202559575,0.0624424630331,0.735870602069
237,0.0547376153371,0.0453386108646,0.0418481758675,0.0511506610469,0.0598292710908,0.747095665793
238,0.0551025538156,0.0456044664085,0.0420792779337,0.0514768995876,0.060250859016,0.745485943239
239,0.0546705113357,0.0452107906571,0.0417018747906,0.0508008793823,0.0598009838304,0.747814960004
240,0.0542389640627,0.0448181233315,0.0413256528215,0.0503843340633,0.0591216726212,0.7501112531
241,0.0525885725395,0.0434197160252,0.0400226288851,0.0488361660359,0.0573433870975,0.757789529417
242,0.0518358615337,0.0427640897462,0.0394049193571,0.0481223184346,0.0565430086491,0.761329802279
243,0.05099566972,0.0420373688983,0.0387221367423,0.047327717892,0.0556465860556,0.765270520692
244,0.0506204578015,0.041694772612,0.0383935239547,0.0469650052091,0.0552570794821,0.767069160941
245,0.0514620173896,0.0423541200618,0.0389874299133,0.0477310684378,0.0561959864565,0.763269377741
246,0.0506285079935,0.0416348783634,0.0383123526449,0.0469435058079,0.0553057459254,0.767175009265
247,0.0505822792584,0.0415636693344,0.0382338454245,0.0468861776238,0.0552751784357,0.767458849923
248,0.0501695624445,0.0411916429583,0.0378787632741,0.0462576010721,0.0548439472898,0.769658482961
249,0.0460567227004,0.0377846276974,0.0347339681379,0.0424515041257,0.0503660689691,0.78860710837
250,0.0451360343838,0.0369997535017,0.0340009195467,0.0415892136775,0.0493770406416,0.792897038249
251,0.0444230961861,0.0363862727505,0.0334258130727,0.0409188474434,0.0486146446384,0.796231325909
252,0.040550919441,0.0331881287937,0.0304775290523,0.0373398468129,0.044393116015,0.814050459885
253,0.0395743408056,0.0323630217825,0.0297097248917,0.0364286245694,0.0433396347329,0.818584653218
254,0.0391954408685,0.0320275888564,0.0293918137657,0.035892634519,0.0429401684854,0.820552353505
255,0.0361616266859,0.0295250039543,0.0270859881729,0.0331029451057,0.03963079478,0.834493641301
256,0.0349117991695,0.0284818078134,0.0261201008431,0.0319477147752,0.0382748667464,0.840263710652
257,0.0342473349283,0.0279174287896,0.0255938306727,0.0313287625655,0.0375599383686,0.843352704675
258,0.0337407995909,0.027482568636,0.0251866132941,0.0308546570064,0.0370177564181,0.845717605055
259,0.0334284191455,0.0272064016268,0.024925055586,0.0305583628966,0.0366882667655,0.84719349398
260,0.0319761237337,0.0260036550752,0.0238150778182,0.0292205881612,0.0351070069459,0.853877548266
261,0.0309839139779,0.0251766634299,0.0230498636141,0.028304032104,0.0340299178585,0.858455609016
262,0.030803614652,0.0250101843371,0.0228896765728,0.0281295383109,0.0338440975011,0.859322888626
263,0.0308642391799,0.025039410593,0.0229086471397,0.0281750951015,0.033922938478,0.859089669508
264,0.0308468165886,0.0250053070667,0.0228696812114,0.0281493945587,0.0339160192641,0.85921278131
265,0.0301335059318,0.0244075854911,0.0223154328689,0.0274888937683,0.0331436869683,0.862510894972
266,0.0304435139422,0.0246390097988,0.0225193745507,0.0277620333427,0.0334967419683,0.861139326397
267,0.0304516485042,0.0246259273563,0.0224997786562,0.0277597910401,0.0335177787406,0.861145075703
268,0.0300594543269,0.0242893668002,0.0221847440565,0.0273927333162,0.0330980301497,0.86297567135
269,0.0300261148638,0.0242430667598,0.0221349407804,0.0273528328125,0.0330732466351,0.863169798148
270,0.0297071197044,0.0238623860065,0.0218748791099,0.0270528240535,0.0327336826198,0.864769108506
271,0.028636903759,0.0229840033009,0.0210628467534,0.0260691585936,0.0315658155295,0.869681272064
272,0.0273393085967,0.021924688788,0.0200855823445,0.0248792551346,0.030146376207,0.875624788929
273,0.0268895344145,0.0215464381837,0.0197326801248,0.0244614401144,0.029661117078,0.877708790084
274,0.026795742299,0.0214538031998,0.0196414921753,0.0243676374165,0.0295683197583,0.878173005151
275,0.0268810985981,0.021504621783,0.0196816539827,0.0244367551705,0.0296732079886,0.877822662477
276,0.0257652944431,0.0205952088158,0.0188432400606,0.0234142648295,0.0284517661122,0.882930225739
277,0.0257937973256,0.0206012070837,0.0188426354899,0.0234320125757,0.0284935155588,0.882836831966
278,0.0259387458916,0.0207001100388,0.0189269759807,0.0235554917849,0.028663971343,0.882214704961
279,0.0241975973553,0.019294886144,0.0176364184616,0.0219666757471,0.0267495367549,0.890154885537
280,0.0241105007391,0.0192097847869,0.0175529563049,0.0218799948829,0.026662869239,0.890583894047
281,0.0233972415615,0.0186263269971,0.0170143198632,0.0212253342102,0.0258834369989,0.893853340369
282,0.0236768773651,0.0188335974561,0.0171980913555,0.0214715400567,0.0262022353828,0.892617658384
283,0.0234060282424,0.0186029953957,0.016982023761,0.0212185346355,0.0259118414058,0.89387857656
284,0.0235855971875,0.0187304549311,0.0170928503034,0.021373883245,0.0261200535152,0.893097160818
285,0.0233190200259,0.0184266154946,0.0168804414574,0.0211249526155,0.0258341462528,0.894414824154
286,0.0228430758683,0.0180355658851,0.0165171068977,0.0206865907477,0.025315996901,0.8966016637
287,0.0221673407679,0.0174875392246,0.0160102785341,0.0200676644433,0.0245759708006,0.89969120623
288,0.0219906089796,0.0173337398145,0.0158645748808,0.0199007471448,0.0243888304385,0.900521498742
289,0.0219308969731,0.0172723458195,0.0158035068815,0.0198398056019,0.0243313802447,0.900822064479
290,0.0218142830548,0.0171662639916,0.0157016000891,0.0197274455929,0.0242107324506,0.901379674821
291,0.0212271763864,0.0166904092052,0.0152616359296,0.0191898257538,0.0235676264623,0.904063326263
292,0.0209821645561,0.0164198546759,0.0150683271904,0.0189617311136,0.0233040036358,0.905263918828
293,0.0211730456269,0.0165552765437,0.0151881185765,0.0191275753234,0.0235244900167,0.904431493913
294,0.0209108710872,0.0163365112798,0.0149829959796,0.0188841570923,0.0240935969053,0.904791867656
295,0.0195364214245,0.0152498753289,0.0139822623289,0.0176367836426,0.0225208370789,0.911073820196
296,0.0188621560225,0.0147111524875,0.0134843388197,0.0170221572281,0.0217540862003,0.914166109242
297,0.0186239824062,0.0145131606611,0.013298932107,0.0168013705376,0.0214897846403,0.915272769648
298,0.0174086057571,0.0135546256065,0.0124169261738,0.0156994717529,0.0200971048848,0.920823265825
299,0.0174039428782,0.0135395824551,0.0123994850883,0.0156898066334,0.0201014393755,0.920865743569
300,0.0174488443114,0.0135630816375,0.0124173396845,0.015724813455,0.0201630474993,0.920682873412
301,0.0171012984225,0.0132817371079,0.0121561730056,0.0154062454419,0.01977099788,0.922283548142
302,0.0169657310011,0.0131653514446,0.01204609423,0.0152787982434,0.0196237534611,0.92292027162
303,0.0170050977717,0.0131847864302,0.0120603165003,0.0153089232223,0.0196788009956,0.92276207508
304,0.0165950500859,0.0128560223747,0.0117561205842,0.0149345785564,0.0192135699781,0.924644658421
305,0.0162316131812,0.012563881237,0.0114855829203,0.014602424886,0.018801875894,0.926314621882
306,0.015876931242,0.0122789940257,0.0112218333206,0.014278373984,0.0183999252908,0.927943942137
307,0.0158650626821,0.0122594814931,0.0112006940553,0.0142627369891,0.0183950632864,0.928016961494
308,0.0157140257436,0.0121325434781,0.0110814475527,0.0141220398969,0.0182287526796,0.928721190649
309,0.0155863531711,0.0120238346343,0.0109789154451,0.01400242899,0.0180893933866,0.929319074373
310,0.015213767484,0.0117265252361,0.0107042833044,0.0136629517041,0.0176655134014,0.93102695887
311,0.0150271910425,0.0115289201375,0.0105609873053,0.0134906991927,0.0174573088367,0.931934893485
312,0.0149804633545,0.0114832498507,0.0105161761495,0.0134440707736,0.0174114416713,0.9321645982
313,0.0148575893234,0.0113793292154,0.0104180598499,0.0133291601435,0.0172769801384,0.932738881329
314,0.0139808781887,0.0106987122923,0.00979216770118,0.0125382746905,0.0162653695257,0.936724597602
315,0.0137824203438,0.0105378325352,0.0096421919868,0.0123559946591,0.016042238618,0.937639321857
316,0.0136706021489,0.0104434066816,0.00955308892433,0.0122514857028,0.0159197822607,0.938161634282
317,0.0136112582264,0.0103891870123,0.00950080363176,0.0121940586328,0.0158583409475,0.938446351549
318,0.0126483562958,0.0096459748691,0.00881864889822,0.0113274717806,0.0147436009137,0.942815947243
319,0.0124886685631,0.00951605448208,0.0086974110111,0.0111805696258,0.014457243312,0.943660053006
320,0.0123295358905,0.00938677166195,0.00857682355339,0.0110342650567,0.0142795980519,0.944393005786
321,0.0122923171773,0.00935043954784,0.00854120994189,0.010997129344,0.0142430472544,0.944575856735
322,0.0120521189886,0.00915989350158,0.00836478807614,0.0107784888916,0.013971160175,0.945673550367
323,0.0120277533023,0.00913356386826,0.00833838485979,0.010752956081,0.0139493341088,0.94579800778
324,0.0117691143166,0.00892952348991,0.00814980276236,0.0105180694444,0.0136556585656,0.946977831421
325,0.0116218356915,0.00881024485427,0.00803866519084,0.0103828331759,0.0134909801402,0.947655440947
326,0.011323404297,0.00857667603411,0.00782333839941,0.0101126983119,0.0131506036713,0.949013279286
327,0.0111783670336,0.00842843830397,0.0077143503766,0.00997969561006,0.0129881394936,0.949711009182
328,0.0110347381348,0.00831293928889,0.00760657092156,0.00984804112801,0.0128271600626,0.950370550464
329,0.0109738330514,0.00825989937721,0.00755598572805,0.00979027889137,0.012762234936,0.950657768016
330,0.0102490914787,0.00770771429073,0.00704894370514,0.00914052154325,0.0119248701688,0.953928858813
331,0.0101056347008,0.00759324939477,0.00694237646684,0.00900944617063,0.0117633708525,0.954585922414
332,0.01007410118,0.00756300187121,0.00691284415881,0.0089782087815,0.0117320635171,0.954739780491
333,0.0100728292803,0.00755549988501,0.00690411193586,0.00897395232027,0.0117359830646,0.954757623514
334,0.00974407222702,0.00730257548595,0.00667118121123,0.00867804047292,0.0113581708969,0.956245959706
335,0.00945114264671,0.00707691059448,0.00646327230882,0.00841423015791,0.0110217898472,0.957572654445
336,0.0093190160824,0.00697193424893,0.00636566954396,0.00829371338463,0.0108727092061,0.958176957534
337,0.00921755291763,0.00689005504538,0.00628920224291,0.0082005596813,0.0107592811158,0.958643348997
338,0.00887028010915,0.00662473052127,0.00604537364089,0.00788885694765,0.0103586904033,0.960212068378
339,0.00876072786752,0.00653724713146,0.00596392119858,0.0077887152939,0.0102354658265,0.960713922682
340,0.00867801566057,0.0064699209292,0.00590089692353,0.0077124961612,0.0101434981803,0.961095172145
341,0.00847772597585,0.00631512205655,0.00575814857234,0.00753186970699,0.00991394726722,0.962003186421
342,0.00845823708587,0.0062951496522,0.00573837913243,0.00751194103925,0.00989571064086,0.962100582449
343,0.00833793885576,0.00620024343353,0.00565033221008,0.00740252554283,0.0107336178588,0.961675342099
344,0.00780209666039,0.0057967582939,0.00528119855679,0.00692438851755,0.0100512360715,0.9641443219
345,0.00751159246873,0.00557608921831,0.00507877624853,0.00666424586672,0.00968413618372,0.965485160014
346,0.00693382213455,0.00514273591729,0.00468280045284,0.00614951100264,0.00894586398405,0.968145266509
347,0.00676215139027,0.00501106742819,0.00456166865971,0.00599517228109,0.00873082345843,0.968939116782
348,0.00676168717117,0.00500638519991,0.00455616888902,0.00599267527226,0.00873667368183,0.968946409786
349,0.00670865019942,0.00496281590888,0.00451529136731,0.00594360187114,0.00867454914262,0.969195091511
350,0.00652823624518,0.00482517102259,0.00438886666985,0.0057817501182,0.00844750290771,0.970028473036
351,0.0063224022073,0.00466898845134,0.0042456534129,0.00559750472111,0.00818719871717,0.97097825249
352,0.006246401854,0.00460886970122,0.00418984764421,0.00552829437924,0.00809475772744,0.971331828694
353,0.00610584351798,0.00450125907627,0.00409090950839,0.00540201521103,0.00791845271812,0.971981519968
354,0.00592898187896,0.00436709152275,0.00396789543385,0.00524371583117,0.00769476754228,0.972797547791
355,0.00581876451004,0.00428219837679,0.00388970593542,0.00514444701988,0.0075573038901,0.973307580268
356,0.00580603062019,0.00426912777692,0.00387678041511,0.00513140309761,0.00754633620875,0.973370321881
357,0.00569807475986,0.00418612126715,0.00380037030949,0.00503423918213,0.00741149286335,0.973869701618
358,0.0055339428009,0.00406202094738,0.0036867045258,0.00488752802777,0.00720332386294,0.974626479835
359,0.00551575307988,0.00404516405439,0.00367040827147,0.00486976835881,0.00718495106937,0.974713955166
360,0.00542308164005,0.0039737569107,0.00360463747802,0.00478628463698,0.00706945386442,0.97514278547
361,0.00512724758972,0.00375373209685,0.0034041260546,0.00452361423266,0.00668874647682,0.976502533549
362,0.0051251178159,0.00374892427523,0.00339884289027,0.00452016218807,0.00669090744682,0.976516045384
363,0.00502113700378,0.0036696844089,0.00332609922225,0.00442691444161,0.00656000188223,0.976996163041
364,0.00497488734713,0.00363273507122,0.00329171535063,0.00438461232576,0.00650437941813,0.977211670487
365,0.00493530381131,0.0036007104473,0.00326181110501,0.00434821224163,0.00645739319862,0.977396569196
366,0.00482586618176,0.00351781836522,0.00318585556175,0.00425031393933,0.00631886879772,0.977901277154
367,0.0048090949765,0.00350255788628,0.00317117386737,0.00423406948535,0.00630156094099,0.977981542844
368,0.00471169440582,0.00342864809445,0.0031034139452,0.00414687203588,0.00617849393624,0.978430877582
369,0.00471229420619,0.00342611570489,0.00310027974006,0.00414595714692,0.00618384550185,0.9784315077
370,0.00467414769462,0.00339543866715,0.00307168593276,0.00411096458284,0.00613831806139,0.978609445061
371,0.00461062841214,0.00334639660987,0.00302649800828,0.00405368799381,0.00605937460481,0.978903414371
372,0.00461043513973,0.0033433591866,0.00302292992287,0.00405210793986,0.00606359687371,0.978907570937
373,0.00450836552983,0.00326651059374,0.00295264460363,0.00396102060771,0.00593373637812,0.979377722287
374,0.00447679054971,0.00324082482536,0.00292863146532,0.00393191073631,0.00589653155036,0.979525310873
375,0.00446826606801,0.00323185328606,0.00291973117163,0.00392305856877,0.00588965152966,0.979567439376
376,0.00445100548872,0.00321658158881,0.00290514533207,0.00390654461345,0.00587123450943,0.979649488468
377,0.00441925083221,0.00319086863332,0.00288113944519,0.00387732498193,0.00583365408418,0.979797762023
378,0.00433744037985,0.00312908687721,0.00282458752605,0.00380422295376,0.00572988971054,0.980174772553
379,0.00431580293678,0.00311078173054,0.00280730123952,0.00378392867894,0.00570551792485,0.980276667489
380,0.00429844855338,0.00309559044297,0.00279283344746,0.00376740197787,0.00568677341604,0.980358952162
381,0.00407113378051,0.00292934800277,0.00264213236071,0.00356692924456,0.00539001890806,0.981400437703
382,0.00400284806447,0.00287771997259,0.00259486157521,0.00350588058267,0.00530352651259,0.981715163292
383,0.00395924161441,0.00284390615457,0.0025636751118,0.003466481694,0.00524962604017,0.981917069385
384,0.00391066809627,0.00280658399601,0.00252934361377,0.00342276242997,0.00518905224775,0.982141589616
385,0.00385707962577,0.00276572834798,0.0024918469913,0.0033746854181,0.00512172685125,0.982388932766
386,0.00384490211316,0.00275460946053,0.00248115529316,0.00336286064231,0.0051093284245,0.982447144066
387,0.00381234263064,0.0027289181078,0.00245734694639,0.00333322323672,0.00506980413301,0.982598364945
388,0.00380975919864,0.00272470779643,0.00245288942652,0.00332980571203,0.00507011144277,0.982612726424
389,0.0036766844422,0.0026272572309,0.00236451838318,0.00321237781124,0.00489662741667,0.983222534716
390,0.00363133306346,0.00259260379893,0.00233269690959,0.00317164985896,0.00483980105523,0.983431915314
391,0.00355824373627,0.00253822193643,0.00228314669424,0.00310673162558,0.00474589191244,0.983767764095
392,0.00353586939354,0.00252007777935,0.00226621040986,0.0030861224382,0.00471953365877,0.98387218632
393,0.00350965612128,0.00249922943226,0.00224685203915,0.00306217774475,0.00468800603838,0.983994078624
394,0.00341922701899,0.00243272673438,0.00218647107906,0.00298224046591,0.00457058990914,0.984408744793
395,0.00340759224178,0.0024223497149,0.00217655333621,0.00297105872076,0.00455840243687,0.984464043549
396,0.00340172355147,0.00241608422076,0.00217033414282,0.00296491006124,0.00455391356775,0.984493034456
397,0.00337229161631,0.00239310638531,0.0021491097837,0.0029382349634,0.00451784797675,0.984629409275
398,0.00334685620917,0.00237300015947,0.00213047491597,0.00291505897897,0.00448708470318,0.984747525033
399,0.00326736643594,0.00231463431401,0.00207750992432,0.00284483464157,0.00438375001674,0.985111904667
400,0.00318348840801,0.00225326176355,0.00202187559007,0.00277083936848,0.00427436823164,0.985496166638
401,0.00311400626844,0.00220217428592,0.00197549771355,0.00270942074431,0.00418416561809,0.98581473537
402,0.0030869638124,0.00218116024633,0.00195611543488,0.00268495740286,0.00415089402681,0.985939909077
403,0.00306355150577,0.00216274368232,0.00193907238036,0.00266366706113,0.00412245588818,0.986048509482
404,0.00296549515433,0.00209170731411,0.0018748733913,0.00257751300447,0.00399345479917,0.986496956337
405,0.00296430273146,0.0020890559952,0.00187198848765,0.00257558029055,0.00399479807627,0.986504274419
406,0.00294482655411,0.00207353360349,0.00185757446566,0.00255776801286,0.00397148312825,0.986594814236
407,0.00292835633626,0.0020601512705,0.0018450847836,0.00254257777404,0.00395218847519,0.98667164136
408,0.00274878291299,0.00193214386734,0.00172997066845,0.00238583089757,0.00371257204975,0.987490699604
409,0.00269853817247,0.0018951841459,0.00169641754592,0.00234140571641,0.00364740288695,0.987721051532
410,0.00259294462171,0.00181944914351,0.00162818340524,0.00224900407559,0.00350726948511,0.988203149269
411,0.00257039755254,0.00180206648168,0.00161219018984,0.00222867218247,0.00347934038223,0.988307333211
412,0.00255353455162,0.00178869411868,0.00159979231558,0.00221328083996,0.00345906784908,0.988385630325
