episode,omega1,omega2,omega3,omega4,omega5,omega
1,0.166666666667,0.166666666667,0.166666666667,0.166666666667,0.166666666667,0.166666666667
2,0.166382499476,0.166382499476,0.166382499476,0.166382499476,0.168087502618,0.166382499476
3,0.166382499476,0.166382499476,0.166382499476,0.166382499476,0.168087502618,0.166382499476
4,0.166239692528,0.166239692528,0.166239692528,0.166239692528,0.168801537361,0.166239692528
5,0.166096402551,0.166096402551,0.166096402551,0.166096402551,0.169517987245,0.166096402551
6,0.165952628963,0.165952628963,0.165952628963,0.165952628963,0.170236855186,0.165952628963
7,0.165808371188,0.165808371188,0.165808371188,0.165808371188,0.17095814406,0.165808371188
8,0.16566362866,0.16566362866,0.16566362866,0.16566362866,0.171681856698,0.16566362866
9,0.165904596865,0.165904596865,0.165904596865,0.165904596865,0.170477015677,0.165904596865
10,0.165808371188,0.165808371188,0.165808371188,0.165808371188,0.17095814406,0.165808371188
11,0.165711930066,0.165711930066,0.165711930066,0.165711930066,0.171440349672,0.165711930066
12,0.165350961562,0.165350961562,0.165350961562,0.165350961562,0.17324519219,0.165350961562
13,0.16522933928,0.16522933928,0.16522933928,0.16522933928,0.173853303601,0.16522933928
14,0.165107380176,0.165107380176,0.165107380176,0.165107380176,0.174463099121,0.165107380176
15,0.164985083949,0.164985083949,0.164985083949,0.164985083949,0.175074580253,0.164985083949
16,0.161378837315,0.161378837315,0.161378837315,0.161378837315,0.193105813425,0.161378837315
17,0.160958383063,0.160958383063,0.160958383063,0.160958383063,0.195208084687,0.160958383063
18,0.16147068319,0.16147068319,0.16147068319,0.16147068319,0.19264658405,0.16147068319
19,0.161146628566,0.161146628566,0.161146628566,0.161146628566,0.194266857169,0.161146628566
20,0.160820509767,0.160820509767,0.160820509767,0.160820509767,0.195897451167,0.160820509767
21,0.161308913765,0.161308913765,0.161308913765,0.161308913765,0.193455431174,0.161308913765
22,0.161685573935,0.161685573935,0.161685573935,0.161685573935,0.191572130325,0.161685573935
23,0.161434778988,0.161434778988,0.161434778988,0.161434778988,0.192826105062,0.161434778988
24,0.161182736531,0.161182736531,0.161182736531,0.161182736531,0.194086317345,0.161182736531
25,0.160929445516,0.160929445516,0.160929445516,0.160929445516,0.195352772422,0.160929445516
26,0.160674904964,0.160674904964,0.160674904964,0.160674904964,0.196625475181,0.160674904964
27,0.160714567322,0.160714567322,0.160714567322,0.160714567322,0.196427163391,0.160714567322
28,0.161067745079,0.161067745079,0.161067745079,0.161067745079,0.194661274605,0.161067745079
29,0.160847291903,0.160847291903,0.160847291903,0.160847291903,0.195763540485,0.160847291903
30,0.160625895573,0.160625895573,0.160625895573,0.160625895573,0.196870522134,0.160625895573
31,0.160957636347,0.160957636347,0.160957636347,0.160957636347,0.195211818264,0.160957636347
32,0.160755158086,0.160755158086,0.160755158086,0.160755158086,0.19622420957,0.160755158086
33,0.160551887105,0.160551887105,0.160551887105,0.160551887105,0.197240564474,0.160551887105
34,0.163698543772,0.159707938026,0.159707938026,0.159707938026,0.197469704125,0.159707938026
35,0.163592544596,0.159485203488,0.159485203488,0.159485203488,0.198466641451,0.159485203488
36,0.164047298372,0.159808978078,0.159808978078,0.159808978078,0.196716789315,0.159808978078
37,0.163957859228,0.159602442583,0.159602442583,0.159602442583,0.197632370441,0.159602442583
38,0.16386758759,0.159395316806,0.159395316806,0.159395316806,0.198551145186,0.159395316806
39,0.163776481883,0.159187600821,0.159187600821,0.159187600821,0.199473114835,0.159187600821
40,0.16368454055,0.15897929472,0.15897929472,0.15897929472,0.200398280571,0.15897929472
41,0.16455346028,0.158587845165,0.158587845165,0.158587845165,0.201095159062,0.158587845165
42,0.164483490429,0.158374138053,0.158374138053,0.158374138053,0.202019957359,0.158374138053
43,0.164412656804,0.15815985938,0.15815985938,0.15815985938,0.202947905675,0.15815985938
44,0.164340957603,0.15794500942,0.15794500942,0.15794500942,0.203879004719,0.15794500942
45,0.164268391044,0.157729588464,0.157729588464,0.157729588464,0.204813255101,0.157729588464
46,0.163982574255,0.157309857847,0.157309857847,0.157309857847,0.206777994357,0.157309857847
47,0.163902646775,0.157088096627,0.157088096627,0.157088096627,0.207744966715,0.157088096627
48,0.163821806225,0.156865736423,0.156865736423,0.156865736423,0.208715248082,0.156865736423
49,0.164403874744,0.157277828262,0.157277828262,0.157277828262,0.206484812207,0.157277828262
50,0.164337778423,0.157069527901,0.157069527901,0.157069527901,0.207384109971,0.157069527901
51,0.163480298258,0.157009098563,0.157009098563,0.157009098563,0.208483307489,0.157009098563
52,0.162772324057,0.156919561535,0.156919561535,0.156919561535,0.209549429802,0.156919561535
53,0.158392534407,0.152587654247,0.152587654247,0.152587654247,0.231256848607,0.152587654247
54,0.158194613298,0.152287601604,0.152287601604,0.152287601604,0.232654980285,0.152287601604
55,0.157995192037,0.151986457984,0.151986457984,0.151986457984,0.234058976029,0.151986457984
56,0.157084671596,0.151002103916,0.151002103916,0.151002103916,0.23890691274,0.151002103916
57,0.15783791908,0.151617280856,0.151617280856,0.151617280856,0.235692957497,0.151617280856
58,0.157639557908,0.151318048731,0.151318048731,0.151318048731,0.237088247168,0.151318048731
59,0.156888087478,0.151116640772,0.151116640772,0.151116640772,0.238645349435,0.151116640772
60,0.156220458613,0.150898486341,0.150898486341,0.150898486341,0.240185596024,0.150898486341
61,0.156001588626,0.150598574114,0.150598574114,0.150598574114,0.241604114919,0.150598574114
62,0.155781300997,0.150297594377,0.150297594377,0.150297594377,0.243028321495,0.150297594377
63,0.155559595766,0.149995549329,0.149995549329,0.149995549329,0.244458206917,0.149995549329
64,0.15533647306,0.149692441251,0.149692441251,0.149692441251,0.245893761938,0.149692441251
65,0.156123158682,0.150362183669,0.150362183669,0.150362183669,0.242428106641,0.150362183669
66,0.155917435943,0.150075860813,0.150075860813,0.150075860813,0.243779120804,0.150075860813
67,0.155710430145,0.149788588145,0.149788588145,0.149788588145,0.245135217275,0.149788588145
68,0.15609500846,0.150070352425,0.150070352425,0.150070352425,0.243623581838,0.150070352425
69,0.155896782432,0.149791752774,0.149791752774,0.149791752774,0.244936206473,0.149791752774
70,0.155697345686,0.14951226598,0.14951226598,0.14951226598,0.246253590393,0.14951226598
71,0.155496698277,0.149231893919,0.149231893919,0.149231893919,0.247575726046,0.149231893919
72,0.154839426448,0.149030943689,0.149030943689,0.149030943689,0.249036798795,0.149030943689
73,0.154630444995,0.14874967604,0.14874967604,0.14874967604,0.250370850846,0.14874967604
74,0.154420270618,0.148467521109,0.148467521109,0.148467521109,0.251709644947,0.148467521109
75,0.154208903765,0.148184480982,0.148184480982,0.148184480982,0.253053172306,0.148184480982
76,0.14904474645,0.143144963247,0.143144963247,0.143144963247,0.246221400403,0.175298963407
77,0.148776657589,0.142810559874,0.142810559874,0.142810559874,0.247429062985,0.175362599805
78,0.148507748194,0.142475687873,0.142475687873,0.142475687873,0.248640467752,0.175424720434
79,0.148289097665,0.142189326551,0.142189326551,0.142189326551,0.249941695746,0.175201226935
80,0.149023656789,0.142816740222,0.142816740222,0.142816740222,0.246080170326,0.176445952219
81,0.149683905182,0.14337225981,0.14337225981,0.14337225981,0.242592285342,0.177607030046
82,0.149016225863,0.143135358374,0.143135358374,0.143135358374,0.243788902988,0.177788796029
83,0.149096304085,0.143141104351,0.143141104351,0.143141104351,0.243207921579,0.178272461284
84,0.148655763472,0.142647233368,0.143975579201,0.142647233368,0.24394065505,0.178133535542
85,0.148034117228,0.142404214003,0.143746348771,0.142404214003,0.24510442603,0.178306679965
86,0.147798817243,0.142112250651,0.143370412731,0.142112250651,0.24618824366,0.178418025065
87,0.146629096208,0.140922471911,0.142184844057,0.140922471911,0.245710392099,0.183630723814
88,0.146368623786,0.140607219529,0.141881479744,0.140607219529,0.246750688212,0.183784769201
89,0.14639924789,0.140571737351,0.141860385895,0.140571737351,0.246292063193,0.184304828319
90,0.146956936253,0.141042108579,0.142349829747,0.141042108579,0.243117396122,0.185491620719
91,0.144330121322,0.138457095038,0.13975533996,0.138457095038,0.240126114948,0.198874233694
92,0.144796652806,0.138840541035,0.140156914593,0.138840541035,0.237136353852,0.200228996679
93,0.144532857289,0.13852364131,0.139851511864,0.13852364131,0.237990973373,0.200577374853
94,0.14428157702,0.138218993871,0.13946871811,0.138218993871,0.238868597114,0.200943120015
95,0.141914781683,0.135888910341,0.137130838388,0.135888910341,0.236227303882,0.212949255365
96,0.142534254627,0.136419096118,0.137679194306,0.136419096118,0.238548115639,0.208400243193
97,0.142256066991,0.136090011919,0.137360364131,0.136090011919,0.239376669492,0.208826875549
98,0.141965372453,0.135762738903,0.137043299214,0.135762738903,0.240209901179,0.209255949348
99,0.141343579121,0.135487536444,0.136778738425,0.135487536444,0.241137306334,0.209765303232
100,0.141685634487,0.135756790906,0.137063823957,0.135756790906,0.238615219912,0.211121739833
101,0.136324775405,0.130563870823,0.167794944253,0.130563870823,0.230798882681,0.203953656014
102,0.13601495804,0.130210911903,0.1677616902,0.130210911903,0.231489966543,0.204311561411
103,0.136488250005,0.130607602153,0.168695472641,0.130607602153,0.233521759829,0.200079313219
104,0.136871734558,0.130918024722,0.169521182745,0.130918024722,0.235414088311,0.196356944942
105,0.1365751787,0.130577976038,0.169505588404,0.130577976038,0.236144070497,0.196619210323
106,0.136599721207,0.130545062513,0.16988854517,0.130545062513,0.237433322442,0.194988286155
107,0.137002044433,0.130873033151,0.170743182949,0.130873033151,0.234282166909,0.196226539408
108,0.139934817628,0.130055941389,0.170103386893,0.130055941389,0.234101937064,0.195747975637
109,0.139960274486,0.129990627846,0.17044503847,0.129990627846,0.233214722107,0.196398709246
110,0.14029925893,0.130216338028,0.171169884958,0.130216338028,0.234887446021,0.193210734036
111,0.139809064343,0.12992706776,0.171218653251,0.12992706776,0.23563748122,0.193480665666
112,0.139552866153,0.129602581789,0.171220062453,0.129602581789,0.236324525388,0.193697382428
113,0.139296533424,0.129278345626,0.171220729218,0.129278345626,0.237012545023,0.193913501082
114,0.137942134785,0.127936069689,0.169868604797,0.127936069689,0.235824520072,0.200492600968
115,0.137599702487,0.127533459717,0.169759393509,0.127533459717,0.236358106778,0.201215877792
116,0.13733336483,0.127201810268,0.1697432543,0.127201810268,0.237022764927,0.201496995407
117,0.137744945484,0.127498033743,0.1705659266,0.127498033743,0.233917343215,0.202775717214
118,0.13748481207,0.127172475344,0.17055775619,0.127172475344,0.234543887915,0.203068593136
119,0.13722458597,0.126847208447,0.17054886041,0.126847208447,0.235171110049,0.203361026677
120,0.137372099694,0.126898972586,0.168069404957,0.126898972586,0.236501130351,0.204259419825
121,0.137769259444,0.127181071066,0.168841227748,0.127181071066,0.233493385716,0.205533984961
122,0.137517319769,0.126863923346,0.168818341109,0.126863923346,0.234093314134,0.205843178296
123,0.13763412562,0.126887094117,0.166561269464,0.126887094117,0.235324471031,0.206705945652
124,0.136527624735,0.125783143047,0.165480761106,0.125783143047,0.240696507561,0.205728820503
125,0.136275269045,0.125467007778,0.165433365283,0.125467007778,0.241323105046,0.206034245071
126,0.136346001874,0.125448503456,0.163363811461,0.125448503456,0.242563656423,0.206829523329
127,0.135571359943,0.125204775951,0.163391248416,0.125204775951,0.243372791331,0.207255048408
128,0.135785195819,0.125323115495,0.16389156466,0.125323115495,0.244891207457,0.204785801074
129,0.135828134106,0.125283625197,0.161981384306,0.125283625197,0.246108834284,0.20551439691
130,0.135576793946,0.124972872896,0.16190422979,0.124972872896,0.246796801705,0.205776428766
131,0.135593254235,0.124909162011,0.160144664528,0.124909162011,0.247975600402,0.206468156813
132,0.135340092746,0.124597261638,0.160050419478,0.124597261638,0.248664641199,0.206750323301
133,0.135773097119,0.1249170069,0.160768155317,0.1249170069,0.245540975526,0.208083758239
134,0.135525494728,0.124610507051,0.160680532374,0.124610507051,0.246195762466,0.20837719633
135,0.135277780675,0.124304241723,0.160592288593,0.124304241723,0.246851267817,0.208670179469
136,0.129851579379,0.11924290072,0.15434814368,0.11924290072,0.238015614381,0.23929886112
137,0.125757307239,0.11541023954,0.149672964542,0.11541023954,0.231547854937,0.262201394203
138,0.12582155121,0.115396321517,0.149941248665,0.115396321517,0.229688076758,0.263756480332
139,0.123211961096,0.112931635302,0.14701949104,0.112931635302,0.225914545759,0.277990731501
140,0.123418716127,0.113049745306,0.147454837905,0.113049745306,0.222923041808,0.280103913549
141,0.123597569193,0.113142119578,0.147857680208,0.113142119578,0.220091843433,0.28216866801
142,0.12375090851,0.113210991486,0.148230751843,0.113210991486,0.21740690071,0.284189455966
143,0.121922649943,0.111468051164,0.146227907589,0.111468051164,0.215052729979,0.29386061016
144,0.120542007677,0.110136241701,0.1447572252,0.110136241701,0.213468906336,0.300959377385
145,0.121459926079,0.110904881322,0.146046380577,0.110904881322,0.215955791177,0.294728139523
146,0.122021080595,0.111346951863,0.14690907002,0.111346951863,0.217822303683,0.290553641976
147,0.119786494922,0.109238855196,0.144403445879,0.109238855196,0.214689584311,0.302642764496
148,0.118960757046,0.108921613044,0.144259565843,0.108921613044,0.215059048506,0.303877402516
149,0.119066411212,0.108952985424,0.14457720721,0.108952985424,0.21235651973,0.306093890999
150,0.119321772917,0.109121190364,0.145077455902,0.109121190364,0.213645547415,0.303712843038
151,0.119211408416,0.108954893971,0.143254302389,0.108954893971,0.214284017697,0.305340483555
152,0.120015967807,0.10962446357,0.144397880672,0.10962446357,0.216575240971,0.29976198341
153,0.117705347867,0.107449443599,0.141791407985,0.107449443599,0.213237598552,0.312366758398
154,0.117566658784,0.107258489786,0.140087248146,0.107258489786,0.213820616131,0.314008497368
155,0.117410457841,0.107051759478,0.138501715657,0.107051759478,0.214372955493,0.315611352052
156,0.116614955304,0.106734138593,0.138321938054,0.106734138593,0.214702856329,0.316891973126
157,0.113775272693,0.104075597779,0.135102380779,0.104075597779,0.210301162648,0.332669988322
158,0.113837666426,0.104073208349,0.135325426245,0.104073208349,0.207540908515,0.335149582117
159,0.113642860177,0.103835783403,0.13382067109,0.103835783403,0.207979794145,0.336885107781
160,0.113585076222,0.103723721821,0.133891056613,0.103723721821,0.20603880309,0.339037620433
161,0.113379259592,0.103476650945,0.13247135371,0.103476650945,0.206437195616,0.340758889193
162,0.113409130971,0.103444808473,0.13263520335,0.103444808473,0.203865036797,0.343201011936
163,0.109325040954,0.0996626098249,0.127983169411,0.0996626098249,0.197240607234,0.366125962751
164,0.110212694072,0.100414436439,0.129147873022,0.100414436439,0.199567701572,0.360242858455
165,0.109842925178,0.100020392898,0.128839834004,0.100020392898,0.199623966972,0.361652488049
166,0.109473236498,0.0996268396429,0.128531167325,0.0996268396429,0.199678131718,0.363063785174
167,0.109204000335,0.0992226034408,0.12820743561,0.0992226034408,0.199707692585,0.364435664589
168,0.108013635193,0.098084387004,0.126932541367,0.098084387004,0.198250405012,0.37063464442
169,0.107639240429,0.0976879854451,0.126614878969,0.0976879854451,0.198282953691,0.372086956021
170,0.107395405962,0.0974104304416,0.125234138503,0.0974104304416,0.198554490611,0.373995104041
171,0.107021236732,0.0970150145426,0.124911345824,0.0970150145426,0.198583531454,0.375453856904
172,0.106767421706,0.0967290610976,0.123601120215,0.0967290610976,0.198834285917,0.377339049967
173,0.10366992672,0.0938685778132,0.120118051155,0.0938685778132,0.19376911904,0.394705747459
174,0.102540520067,0.0927923538523,0.118911220265,0.0927923538523,0.192356357014,0.40060719495
175,0.102410629557,0.09262131466,0.118862316577,0.09262131466,0.190220651971,0.403263772575
176,0.102016635236,0.0922117214648,0.118506448722,0.0922117214648,0.190164348614,0.404889124499
177,0.101874281673,0.0920298943166,0.118442449995,0.0920298943166,0.188101892315,0.407521587384
178,0.102191104247,0.0922628116194,0.118912565505,0.0922628116194,0.189345473728,0.405025233281
179,0.102110297232,0.0921366383707,0.118920309702,0.0921366383707,0.186830166774,0.407865949552
180,0.100865149172,0.0909605728897,0.117570796541,0.0909605728897,0.185179380523,0.414463527984
181,0.100576697143,0.0906480885547,0.116295546848,0.0906480885547,0.185277589619,0.416553989281
182,0.0996862518183,0.0897936814227,0.115358964108,0.0897936814227,0.189228881041,0.416138540187
183,0.0988961029133,0.0890305216522,0.114536952577,0.0890305216522,0.188394920747,0.420110980458
184,0.0987970582549,0.0888900156306,0.114514590441,0.0888900156306,0.185869294392,0.423039025651
185,0.0984026310512,0.0884840330104,0.114149466604,0.0884840330104,0.185767676316,0.424712160008
186,0.0980084926312,0.0880787490059,0.11378401408,0.0880787490059,0.18566367786,0.426386317416
187,0.0910901227454,0.0818140599162,0.105837407533,0.0818140599162,0.173154717456,0.466289632433
188,0.0906638474574,0.0813841874138,0.105427137802,0.0813841874138,0.172940610239,0.468200029674
189,0.0882773934234,0.0791962498502,0.102734931914,0.0791962498502,0.190699195585,0.459895979377
190,0.0875275524835,0.0784782174173,0.101944496643,0.0784782174173,0.193561046709,0.46001046933
191,0.0862128436878,0.0772548128663,0.100494278546,0.0772548128663,0.191455926895,0.467327325138
192,0.0801902541991,0.0718165261677,0.0935494679079,0.0718165261677,0.178830710818,0.503796514739
193,0.0801231247597,0.0717149849229,0.0935465929601,0.0717149849229,0.179432892631,0.503467419803
194,0.0799058545763,0.0714792296131,0.0933682163124,0.0714792296131,0.179699326077,0.504068143808
195,0.0797249650838,0.0712762478971,0.0932320351446,0.0712762478971,0.176740887995,0.507749615982
196,0.0790871954534,0.070665249449,0.0925608569866,0.070665249449,0.178503770036,0.508517678626
197,0.0782606830907,0.0698863863663,0.0916674586237,0.0698863863663,0.177377236335,0.512921849218
198,0.0778187445869,0.0694516231707,0.0912233763491,0.0694516231707,0.177113433313,0.51494119941
199,0.0771051871486,0.0687750642676,0.0904598540491,0.0687750642676,0.17622353511,0.518661295157
200,0.0768167686162,0.0683312684453,0.090000618965,0.0683312684453,0.175920394169,0.520599681359
201,0.0766209198353,0.0681169744838,0.0898426387865,0.0681169744838,0.173012769077,0.524289723333
202,0.0763921792338,0.0678736848701,0.0896457516075,0.0678736848701,0.170439470299,0.527775229119
203,0.0757053801708,0.0672239168079,0.0889105371193,0.0672239168079,0.17285229902,0.528083950074
204,0.0746867893466,0.0662804424124,0.0877841190474,0.0662804424124,0.17122500911,0.533743197671
205,0.0736157625295,0.0652915476702,0.0865941703276,0.0652915476702,0.177996398544,0.531210573258
206,0.0712024469991,0.0631139857455,0.0838220803917,0.0631139857455,0.172907937019,0.545839564099
207,0.0703647466069,0.0623347692575,0.0829018686711,0.0623347692575,0.171614803692,0.550449042515
208,0.0701432833744,0.0621020389442,0.0827067506496,0.0621020389442,0.168722572148,0.55422331594
209,0.0699117025992,0.0618606083905,0.0824993301242,0.0618606083905,0.165930588715,0.557937161781
210,0.0692768455174,0.0612628154948,0.0818152615524,0.0612628154948,0.165108478127,0.561273783814
211,0.0691163779821,0.0610849691598,0.0816907466894,0.0610849691598,0.165411970903,0.561610966106
212,0.0688773059132,0.0608378810663,0.0814730025959,0.0608378810663,0.162694214618,0.56527971474
213,0.0684984152881,0.0604676362699,0.0803000368037,0.0604676362699,0.162459703942,0.567806571427
214,0.0678708234944,0.0598783916254,0.079623997347,0.0598783916254,0.161628308183,0.571120087724
215,0.0633966195791,0.0558981775542,0.074430784578,0.0558981775542,0.151589662038,0.598786578697
216,0.063084900215,0.0555906187644,0.0741203658136,0.0555906187644,0.151460044184,0.600153452258
217,0.0626936027463,0.0552133191146,0.0730318091276,0.0552133191146,0.151135003909,0.602712945988
218,0.0623070383273,0.0548406098555,0.0726328076423,0.0548406098555,0.150816242799,0.604562691521
219,0.0581505405343,0.0511520994753,0.0678353972858,0.0511520994753,0.14132986374,0.630379999489
220,0.0578577991997,0.0508646613415,0.0675416116584,0.0508646613415,0.138770162825,0.634101103634
221,0.057117147647,0.0501840027789,0.0667241290281,0.0501840027789,0.137542070744,0.638248647023
222,0.0562946583361,0.049432265516,0.0658097866219,0.049432265516,0.136104064321,0.642926959689
223,0.0559782050317,0.0491254832658,0.0654861044163,0.0491254832658,0.135880687133,0.644404036887
224,0.0555524524485,0.0487231820156,0.0650339775557,0.0487231820156,0.13538696775,0.646580238214
225,0.0553678921551,0.0485327541455,0.0648637366184,0.0485327541455,0.135477281923,0.647225581012
226,0.0554010531658,0.0485332648833,0.0649484642949,0.0485332648833,0.136101015137,0.646482937636
227,0.0550137528654,0.0481656359882,0.0639524834894,0.0481656359882,0.135690510154,0.649011981515
228,0.0545489583062,0.0477306148067,0.0634544264247,0.0477306148067,0.135082635086,0.65145275057
229,0.0542272088041,0.0474211801408,0.0631221861153,0.0474211801408,0.134823368202,0.652984876597
230,0.0536147467187,0.0468580169905,0.0624508506618,0.0468580169905,0.133834179186,0.656384189453
231,0.0533584694187,0.0466066137707,0.0621937555503,0.0466066137707,0.133727585625,0.657506961865
232,0.0533664522431,0.046586175555,0.0622445125709,0.046586175555,0.134282937131,0.656933746945
233,0.0529766783201,0.046218728203,0.0618310727685,0.046218728203,0.133835733405,0.6589190591
234,0.0530592268912,0.0462635254289,0.0619686869917,0.0462635254289,0.134580809419,0.657864225841
235,0.0502571787506,0.0437945886828,0.0587352472207,0.0437945886828,0.127983853653,0.67543454301
236,0.0495448569594,0.0431484764274,0.0579413478796,0.0431484764274,0.126674884146,0.67954195816
237,0.047822312955,0.0416238265959,0.0559641499309,0.0416238265959,0.122760139528,0.690205744394
238,0.0477039111498,0.0414963553289,0.0558627923995,0.0414963553289,0.122946350817,0.690494234976
239,0.0451806303672,0.0392783098956,0.0529432086758,0.0392783098956,0.116909230169,0.706410310997
240,0.0452070575666,0.0392781737451,0.0530094785934,0.0392781737451,0.11744583359,0.70578128276
241,0.0417039369182,0.0362131781539,0.0489343322145,0.0362131781539,0.108778555749,0.728156818811
242,0.0405663572404,0.0352046585954,0.0476312458523,0.0352046585954,0.106234873129,0.735158206588
243,0.0393660430445,0.0341429018102,0.0462526917746,0.0341429018102,0.103504138522,0.742591323038
244,0.0396208365926,0.0343436814645,0.0465830810835,0.0343436814645,0.104591033089,0.740517686306
245,0.0391469533848,0.0339129613297,0.0460565981321,0.0339129613297,0.103753711018,0.743216814806
246,0.0391842633981,0.0339253215793,0.0461312151163,0.0339253215793,0.10426828181,0.742565596517
247,0.0385951439285,0.033395618462,0.0454679308868,0.033395618462,0.108909027127,0.740236661134
248,0.0381881496564,0.0330240232718,0.0450184420595,0.0330240232718,0.108215945246,0.742529416494
249,0.0377288422414,0.0326076412512,0.044506623044,0.0326076412512,0.107366191393,0.74518306082
250,0.0371557608314,0.0320934646861,0.0438597995666,0.0320934646861,0.106182184406,0.748615325824
251,0.0370382845011,0.0319731811987,0.0437502628398,0.0319731811987,0.10629376438,0.748971325882
252,0.0361295553669,0.031170383276,0.0427052962852,0.031170383276,0.104124030115,0.754700351681
253,0.0358913334543,0.0309466511482,0.0424519882544,0.0309466511482,0.103874602217,0.755888773778
254,0.0355634165117,0.030645878937,0.0416892993213,0.030645878937,0.103360519574,0.758095006719
255,0.035223505038,0.0303351198528,0.0413167831025,0.0303351198528,0.102805229061,0.759984243093
256,0.034957209109,0.0300880774099,0.041030186751,0.0300880774099,0.100421554621,0.763414894699
257,0.0346143145518,0.0297754244588,0.0406532516115,0.0297754244588,0.100058208566,0.765123376354
258,0.0345403458917,0.0296943243194,0.0405918687003,0.0296943243194,0.100259247096,0.765219889674
259,0.0341187660939,0.0293146438132,0.0401216227444,0.0293146438132,0.0994470357676,0.767683287768
260,0.0338002397432,0.0290238904279,0.0397720306085,0.0290238904279,0.0989279651725,0.76945198362
261,0.0337213594628,0.028939129268,0.0397041469637,0.028939129268,0.0991071847599,0.769589050278
262,0.0330857366786,0.0283769512416,0.0389802315641,0.0283769512416,0.0976431189806,0.773537010293
263,0.0327648119257,0.0280851756463,0.0386263877561,0.0280851756463,0.0970977761709,0.775340672855
264,0.0320198642163,0.0274304852734,0.0377718897321,0.0274304852734,0.0952844122408,0.780062863264
265,0.0315794711483,0.0270373048343,0.0372757929489,0.0270373048343,0.0943643593306,0.782705766904
266,0.0313249300743,0.026803604122,0.0369985717139,0.026803604122,0.0939926778103,0.784076612157
267,0.0314726973164,0.0269142070881,0.037196461253,0.0269142070881,0.0948284489045,0.78267397835
268,0.0311020286279,0.0265815854924,0.0367814788824,0.0265815854924,0.0960963205244,0.78285700098
269,0.03033358224,0.0259095819589,0.03589524999,0.0259095819589,0.0941188566218,0.78783314723
270,0.0300862625405,0.0256832208024,0.0356249556791,0.0256832208024,0.0937467199374,0.789175620238
271,0.0294066792872,0.0250883309263,0.0348421453071,0.0250883309263,0.0920171386781,0.793557374875
272,0.0286208097036,0.0244035068726,0.0339323258902,0.0244035068726,0.0899372397459,0.798702610915
273,0.0280321237077,0.0238875090951,0.0332552735873,0.0238875090951,0.0884603266145,0.8024772579
274,0.0281610789472,0.0239832864397,0.0334292493645,0.0239832864397,0.08924352718,0.801199571629
275,0.0277742365386,0.0236399238957,0.0329907565783,0.0236399238957,0.0883902709929,0.803564888099
276,0.0269101732389,0.022891011197,0.0319844914506,0.022891011197,0.0860030252324,0.809320287684
277,0.0269354824223,0.0228990667163,0.0320346899725,0.0228990667163,0.0864483865072,0.808783307665
278,0.0263331937301,0.0223738693777,0.0313380603059,0.0223738693777,0.0848731980524,0.812707809156
279,0.0261180080674,0.0221779885896,0.0311015075193,0.0221779885896,0.0845360562467,0.813888450987
280,0.0251105434182,0.021309965929,0.0299206008571,0.021309965929,0.0816193143496,0.820729609517
281,0.0247293349575,0.020974113846,0.0294848856024,0.020974113846,0.080720560129,0.823116991619
282,0.0229021741877,0.0194129902896,0.0273235128828,0.0194129902896,0.0750729258706,0.83587540648
283,0.0221962752032,0.0188035723131,0.0264979778264,0.0188035723131,0.0730670592717,0.840631543073
284,0.0220224251191,0.0186453244804,0.0263069551409,0.0186453244804,0.0728017080708,0.841578262709
285,0.0219705505796,0.018590466338,0.0262614797439,0.018590466338,0.0729377339373,0.841649303063
286,0.0219375173502,0.0185515995387,0.026238472048,0.0185515995387,0.0731364207161,0.841584390808
287,0.0215474775478,0.0183391453567,0.0259695571441,0.0183391453567,0.0726476872752,0.843156987319
288,0.021287923589,0.0181080273887,0.0256734873227,0.0181080273887,0.0720782447592,0.844744289552
289,0.0208955849297,0.0177642778354,0.0252167753565,0.0177642778354,0.0710511277456,0.847307956297
290,0.0206451284945,0.0175414624648,0.0249307912254,0.0175414624648,0.0713572114234,0.847983943927
291,0.0204088370077,0.0173309212794,0.0246615394888,0.0173309212794,0.0711428670305,0.849124913914
292,0.0202931145312,0.017222939774,0.0245377133052,0.017222939774,0.0710447282677,0.849678564348
293,0.0197145817815,0.016722504793,0.0238537358075,0.016722504793,0.069317160618,0.853669512207
294,0.019238210581,0.016309236065,0.0232925461962,0.016309236065,0.0679341139903,0.856916657102
295,0.0190838065506,0.0161692223902,0.0231206879231,0.0161692223902,0.0676796793028,0.857777381443
296,0.0176808870908,0.0149721222202,0.0214349883552,0.0149721222202,0.0629748849257,0.867964995188
297,0.0176393899306,0.0149285648044,0.0213986421834,0.0149285648044,0.0630981952617,0.868006643016
298,0.0175414283093,0.0148372916666,0.0212936966999,0.0148372916666,0.0630185454761,0.868471746181
299,0.0173612440754,0.0146766084465,0.0210887291283,0.0146766084465,0.0612781142316,0.870918695672
300,0.0173650642499,0.014671565062,0.0211071411946,0.014671565062,0.0615515431489,0.870633121283
301,0.0169472676458,0.0143105037472,0.0206127608217,0.0143105037472,0.0603254042848,0.873493559753
302,0.015977271257,0.0134838224775,0.0194456533379,0.0134838224775,0.0571138140536,0.880495616396
303,0.0158892924446,0.013402016863,0.0193512018901,0.013402016863,0.0570402098885,0.880915262051
304,0.0146544335202,0.0123534943481,0.0178589481161,0.0123534943481,0.0528303628418,0.889949266826
305,0.014592332031,0.0122942112946,0.0177948773234,0.0122942112946,0.0528295927914,0.890194775265
306,0.0144307675734,0.0121512396404,0.0176093441892,0.0121512396404,0.0513332203476,0.892324188609
307,0.0143531662267,0.0120790854247,0.017526085247,0.0120790854247,0.0512700460958,0.892692531581
308,0.014305715445,0.0120323679585,0.0174795497828,0.0120323679585,0.0513136007302,0.892836398125
309,0.0142425455056,0.0119724855646,0.0174137269674,0.0119724855646,0.0513000087423,0.893098747656
310,0.0131403469165,0.0110397368548,0.0160766072133,0.0110397368548,0.0475273466824,0.901176225478
311,0.0130844117413,0.0109865484853,0.0160186247213,0.0109865484853,0.0475223441959,0.901401522371
312,0.0128000535446,0.0107417253784,0.0156807296125,0.0107417253784,0.046683386689,0.903352379397
313,0.0125222845287,0.0105027012061,0.0153504638161,0.0105027012061,0.045860739241,0.905261110002
314,0.0123930884378,0.010388484013,0.0152020073628,0.010388484013,0.045576812354,0.906051123819
315,0.012190793744,0.010213151978,0.0149636254201,0.010213151978,0.0450197725968,0.907399504283
316,0.0120958937569,0.010127936243,0.0148568337343,0.010127936243,0.0448555506081,0.907935849415
317,0.0118780545566,0.00993993386706,0.0145987970164,0.00993993386706,0.0442313769234,0.90941190377
318,0.0116842503723,0.00977224210338,0.0143699766983,0.00977224210338,0.0436910933677,0.910710195355
319,0.0114936959579,0.00960745263494,0.0141448507343,0.00960745263494,0.0431577383872,0.911988809651
320,0.0114420059506,0.00955885559672,0.0140904313542,0.00955885559672,0.0431427731878,0.912207078314
321,0.0113070001574,0.00944074601445,0.0139332674124,0.00944074601445,0.0428114760592,0.913066764342
322,0.0112173014309,0.00936057419926,0.0138317591936,0.00936057419926,0.0426489269656,0.913580864011
323,0.0109754888101,0.00915362581521,0.0135424223864,0.00915362581521,0.0419035198599,0.915271317313
324,0.0101474758879,0.00845828853593,0.0125289295412,0.00845828853593,0.0389037599307,0.921503257568
325,0.010091525097,0.00840691113511,0.0124679829125,0.00840691113511,0.0388505586576,0.921776111063
326,0.0100459616276,0.00836423740814,0.0124197931753,0.00836423740814,0.0388363935653,0.921969376816
327,0.0098831094071,0.00822400988091,0.012226436784,0.00822400988091,0.0383661214001,0.923076312647
328,0.00988990893153,0.00822503012007,0.0122428365407,0.00822503012007,0.0385525848033,0.922864609484
329,0.00957434861262,0.00795810427056,0.0118599388564,0.00795810427056,0.0374780822691,0.925171421721
330,0.00929151264876,0.00771866149424,0.0115170987566,0.00771866149424,0.0365225810122,0.927231484594
331,0.00922877608209,0.00766222437917,0.0114468036186,0.00766222437917,0.0364272228366,0.927572748704
332,0.00919480786732,0.0076297199898,0.011412117564,0.0076297199898,0.0364444606512,0.927689173938
333,0.00916899025746,0.00760400924659,0.0113875040493,0.00760400924659,0.0364936493607,0.927741837839
334,0.00910570484932,0.00754726984802,0.0113162897036,0.00754726984802,0.0363928667854,0.928090598966
335,0.00898770961894,0.00744527126593,0.0111769414389,0.00744527126593,0.0360710385136,0.928873767897
336,0.00892542609276,0.00738950990358,0.0111067336207,0.00738950990358,0.0359704181835,0.929218402296
337,0.00881484620187,0.00729384618908,0.0109762904874,0.00729384618908,0.0351006869375,0.930520483995
338,0.00869770316652,0.00719286033576,0.0108374944931,0.00719286033576,0.0347769485783,0.93130213309
339,0.00835530345061,0.00690580732321,0.0104176554595,0.00690580732321,0.0335455666999,0.933869859744
340,0.00828790071364,0.0068462373825,0.0103403623405,0.0068462373825,0.0334120759448,0.934267186236
341,0.00827077390877,0.0068282395222,0.0103257313488,0.0068282395222,0.0334804343606,0.934266581337
342,0.00817225519802,0.00674310158034,0.0102093959528,0.00674310158034,0.0332179532251,0.934914192463
343,0.00813182383549,0.00670595952499,0.0101655187098,0.00670595952499,0.0331898221625,0.935100916242
344,0.00805538257538,0.00663917813815,0.0100765347863,0.00663917813815,0.0330133160397,0.935576410322
345,0.00793622087661,0.0065372799095,0.00993395614803,0.0065372799095,0.0326589891958,0.936396273961
346,0.00764734519873,0.00629577520771,0.00957861332224,0.00629577520771,0.0315998995279,0.938582591536
347,0.0075754920794,0.00623310655249,0.00949480938652,0.00623310655249,0.0314319894618,0.939031495967
348,0.00740035065343,0.00608556892021,0.00928135011192,0.00608556892021,0.0308318322785,0.940315329116
349,0.00724308755131,0.00595288928813,0.00909004528163,0.00595288928813,0.030300987731,0.94146010086
350,0.00703196473626,0.00577611643433,0.00883084884108,0.00577611643433,0.0295389973238,0.94304595623
351,0.00694820452146,0.00570409871146,0.00873135839813,0.00570409871146,0.0293074257438,0.943604813914
352,0.00682462899485,0.00559949253621,0.00858166828901,0.00559949253621,0.028904811483,0.944489906161
353,0.00678995676825,0.00556790499607,0.00854364394001,0.00556790499607,0.0288764710694,0.94465411823
354,0.00675514258966,0.00553623494197,0.00850538754983,0.00553623494197,0.028846800034,0.944820199943
355,0.00669892703273,0.00548706901657,0.00844011353415,0.00548706901657,0.0287246261567,0.945162195243
356,0.00655708953199,0.00536786361969,0.00826680341002,0.00536786361969,0.0282323003762,0.946208079442
357,0.0065095379062,0.00532593306496,0.00821221122985,0.00532593306496,0.028143060688,0.946483324046
358,0.0065167232684,0.00532880719411,0.00822664364426,0.00532880719411,0.0282902288436,0.946308789856
359,0.00642029520898,0.00524699813195,0.00811020549976,0.00524699813195,0.0279864745258,0.946989028502
360,0.00633428107219,0.00517378558577,0.00800677540499,0.00517378558577,0.0277253183099,0.947586054041
361,0.00616452163026,0.00503229000385,0.00779728038899,0.00503229000385,0.027093468428,0.948880149545
362,0.00609020890468,0.00496882446076,0.00770831432486,0.00496882446076,0.0268771632623,0.949386664587
363,0.0060832316898,0.0049603349781,0.0077045102682,0.0049603349781,0.0269570032848,0.949334584801
364,0.0060663938421,0.00494381754712,0.00768820115547,0.00494381754712,0.0269931688048,0.949364601103
365,0.00593824345092,0.00483665394103,0.00753070419664,0.00483665394103,0.0265318346128,0.950325909858
366,0.0059057431685,0.00480747192803,0.00749437813037,0.00480747192803,0.0264953617685,0.950489573077
367,0.00579104147909,0.0047114442927,0.00735361986762,0.0047114442927,0.0260878319166,0.951344618151
368,0.00572071136298,0.00465160260477,0.00726905561147,0.00465160260477,0.0258772047799,0.951829823036
369,0.00566506574209,0.00460376033898,0.0072030489207,0.00460376033898,0.0257310965972,0.952193268062
370,0.00560315280009,0.00455088020132,0.00712897893022,0.00455088020132,0.025554760881,0.952611346986
371,0.00557177677828,0.00452284630944,0.00709368711754,0.00452284630944,0.025516381049,0.952772462436
372,0.00537465098153,0.00436037230674,0.0068471846903,0.00436037230674,0.0247150590215,0.954342360693
373,0.00532218896084,0.00431537736547,0.00678477609025,0.00431537736547,0.0245746696773,0.954687610541
374,0.0052573260304,0.00426038242063,0.00670646396254,0.00426038242063,0.0243752076457,0.95514023752
375,0.00520582635743,0.00421627117824,0.00664510454121,0.00421627117824,0.0242358974433,0.955480629302
376,0.00514864721646,0.00416761101277,0.00657640770968,0.00416761101277,0.0240684752172,0.955871247831
377,0.00503147775276,0.00407047210339,0.00643094220121,0.00407047210339,0.0236176680322,0.956778967807
378,0.00478646376213,0.00387007325176,0.00612177381996,0.00387007325176,0.0225601637156,0.958791452199
379,0.00476786172991,0.00385286015838,0.00610196358573,0.00385286015838,0.0225650935509,0.958859360817
380,0.00450581164535,0.00363904822894,0.00577035387209,0.00363904822894,0.0214127543048,0.96103298372
381,0.00442625297679,0.00357277933879,0.00567216820466,0.00357277933879,0.0211213535881,0.961634666553
382,0.00440910849571,0.00355693502725,0.00565388681221,0.00355693502725,0.0211262451688,0.961696889469
383,0.00426527523583,0.00343896211749,0.00547301754388,0.00343896211749,0.0205212875291,0.962862495456
384,0.00412633593944,0.00332506467621,0.00529819351249,0.00332506467621,0.019934628255,0.963990712941
385,0.00412277332875,0.00332032164575,0.00529707530139,0.00332032164575,0.0199994950691,0.963940013009
386,0.00405014843836,0.00325999416993,0.005207161941,0.00325999416993,0.0197281575801,0.964494543701
387,0.00404634860604,0.00325510020912,0.00520567312881,0.00325510020912,0.0197908705538,0.964446907293
388,0.00399133366142,0.00320903375948,0.00506759762229,0.00320903375948,0.0196022377171,0.96492076348
389,0.00394768907357,0.00317215481686,0.00501527724729,0.00317215481686,0.019467786328,0.965224937717
390,0.00393814562895,0.00316270285991,0.00500624034557,0.00316270285991,0.0195007546278,0.965229453678
391,0.00392843628933,0.00315312739457,0.004996979362,0.00315312739457,0.0195328391881,0.965235490371
392,0.0038327997654,0.00307463182999,0.00487833803201,0.00307463182999,0.0191358521198,0.966003746423
393,0.00370848382553,0.00297323037457,0.00472302305784,0.00297323037457,0.018591484915,0.967030547452
394,0.00369639146118,0.0029618653711,0.00471052759717,0.0029618653711,0.0186072272725,0.967062122927
395,0.00365129783948,0.00292408370171,0.0046559335338,0.00292408370171,0.0184559743771,0.967388626846
396,0.00356919345984,0.00285672090293,0.00455404709788,0.00285672090293,0.0181153121312,0.968048005505
397,0.00348901356707,0.00279097255824,0.00445449017121,0.00279097255824,0.0177813366994,0.968693214446
398,0.00341661344634,0.00273151719047,0.0043647473512,0.00273151719047,0.0174841131217,0.9692714917
399,0.00335649193201,0.0026819389277,0.00429058776,0.0026819389277,0.0172472311573,0.969741811295
400,0.00331957578176,0.00265094701813,0.00424601659208,0.00265094701813,0.0171278313682,0.970004682222
401,0.00331764588432,0.00264791276637,0.00424616675589,0.00264791276637,0.0171884151395,0.969951946688
402,0.00323128202095,0.00257752978721,0.00413818401407,0.00257752978721,0.0168099601609,0.97066551423
403,0.00315895303402,0.00251841433017,0.00404805142599,0.00251841433017,0.016501408043,0.971254758837
404,0.00313105750932,0.00249476844064,0.00401478057433,0.00249476844064,0.016423090783,0.971441534252
405,0.00306628685903,0.00244178354568,0.00393415502198,0.00244178354568,0.0161496325493,0.971966358478
406,0.00303244182873,0.00241347077205,0.00389313158885,0.00241347077205,0.0160371930313,0.972210292007
407,0.00301153903496,0.00239548384346,0.00386868187691,0.00239548384346,0.0159922801602,0.972336531241
408,0.00294427547479,0.0023406602228,0.00378460780914,0.0023406602228,0.0156995190624,0.972890277208
409,0.00291810772597,0.00231854985032,0.00375328616307,0.00231854985032,0.0156241083499,0.97306739806
410,0.00287776513127,0.00228520753684,0.00370368140382,0.00228520753684,0.0154716019063,0.973376536485
411,0.00287178168659,0.00227917098463,0.00369826148014,0.00227917098463,0.0155030580171,0.973368556847
412,0.00271859076343,0.00215637608585,0.00350314365469,0.00215637608585,0.014736549328,0.974728964082
413,0.00254558143751,0.00201800784108,0.00328223009239,0.00201800784108,0.0138555884492,0.976280584339
