episode,omega1,omega2,omega3,omega4,omega5,omega
1,0.166666666667,0.166666666667,0.166666666667,0.166666666667,0.166666666667,0.166666666667
2,0.166666666667,0.166666666667,0.166666666667,0.166666666667,0.166666666667,0.166666666667
3,0.166666666667,0.166666666667,0.166666666667,0.166666666667,0.166666666667,0.166666666667
4,0.167789125148,0.16644217497,0.16644217497,0.16644217497,0.16644217497,0.16644217497
5,0.168164616761,0.166367076648,0.166367076648,0.166367076648,0.166367076648,0.166367076648
6,0.168540778498,0.1662918443,0.1662918443,0.1662918443,0.1662918443,0.1662918443
7,0.160140034011,0.209542918768,0.157579261805,0.157579261805,0.157579261805,0.157579261805
8,0.15763020913,0.217750186193,0.156154901169,0.156154901169,0.156154901169,0.156154901169
9,0.16250737055,0.194411422647,0.160770301701,0.160770301701,0.160770301701,0.160770301701
10,0.161933803519,0.198114982853,0.159987803407,0.159987803407,0.159987803407,0.159987803407
11,0.161348092601,0.201871369605,0.159195134448,0.159195134448,0.159195134448,0.159195134448
12,0.160750185174,0.205680663721,0.158392287776,0.158392287776,0.158392287776,0.158392287776
13,0.155299094374,0.203208558797,0.152815732815,0.152815732815,0.183045148382,0.152815732815
14,0.1535359894,0.206653345469,0.151758847275,0.151758847275,0.184534123307,0.151758847275
15,0.150805596643,0.207670718363,0.148926625822,0.148926625822,0.194743807527,0.148926625822
16,0.149610158639,0.210787302931,0.147613826326,0.147613826326,0.196761059452,0.147613826326
17,0.150182898639,0.216485794288,0.148046280356,0.148046280356,0.189192466004,0.148046280356
18,0.153331217419,0.197658849682,0.151014505722,0.151014505722,0.195966415731,0.151014505722
19,0.153273715406,0.200558354411,0.15082274134,0.15082274134,0.193699706164,0.15082274134
20,0.151939637468,0.202665114837,0.150012946876,0.150012946876,0.195356407067,0.150012946876
21,0.153515613635,0.192071729393,0.151467168645,0.151467168645,0.200011151038,0.151467168645
22,0.152824499859,0.193361239645,0.150684032947,0.150684032947,0.201762161654,0.150684032947
23,0.153653140055,0.186591362714,0.151399342719,0.151399342719,0.205557469075,0.151399342719
24,0.154060640067,0.181995366951,0.151698939735,0.151698939735,0.208847173777,0.151698939735
25,0.153059195504,0.182715206912,0.151098009267,0.151098009267,0.210931569783,0.151098009267
26,0.152457390263,0.183344780933,0.150423065741,0.150423065741,0.212928631581,0.150423065741
27,0.151853017813,0.183970547399,0.149746272168,0.149746272168,0.214937618285,0.149746272168
28,0.152923942605,0.186640187668,0.150721329717,0.150721329717,0.208271880578,0.150721329717
29,0.152385113242,0.187360061882,0.150109580412,0.150109580412,0.209926083641,0.150109580412
30,0.151844346468,0.188077961324,0.149496537411,0.149496537411,0.211588079977,0.149496537411
31,0.151301664899,0.188793827698,0.148882225559,0.148882225559,0.213257830727,0.148882225559
32,0.15075709148,0.189507602649,0.148266669973,0.148266669973,0.214935295951,0.148266669973
33,0.147825724024,0.187199077876,0.145305628195,0.145305628195,0.229058313514,0.145305628195
34,0.148211049976,0.182150591829,0.145606124849,0.145606124849,0.232819983647,0.145606124849
35,0.147603622235,0.182541096292,0.144931475378,0.144931475378,0.235060855338,0.144931475378
36,0.146601062212,0.183010357725,0.144321399119,0.144321399119,0.237424382705,0.144321399119
37,0.146788350998,0.178863276646,0.144441083297,0.144441083297,0.241025122465,0.144441083297
38,0.145888891195,0.179169413825,0.143831763018,0.143831763018,0.243446405926,0.143831763018
39,0.145275137126,0.179409270308,0.143171701854,0.143171701854,0.245800487005,0.143171701854
40,0.144427577846,0.179691795968,0.142548264228,0.142548264228,0.248235833502,0.142548264228
41,0.144480888646,0.17606002093,0.142552999062,0.142552999062,0.251800093239,0.142552999062
42,0.143869468365,0.1761835037,0.141902073667,0.141902073667,0.254240806934,0.141902073667
43,0.143811418062,0.173104903389,0.141797188786,0.141797188786,0.257692112192,0.141797188786
44,0.137941852163,0.166774290565,0.135964163147,0.135964163147,0.287391367831,0.135964163147
45,0.136986454966,0.166625234405,0.135198921334,0.135198921334,0.290791546627,0.135198921334
46,0.135960531954,0.166115154706,0.134146334272,0.134146334272,0.293593641357,0.136038003439
47,0.135186108152,0.165905857134,0.133342432756,0.133342432756,0.296958318557,0.135264850645
48,0.134245248463,0.165718564713,0.132560740103,0.132560740103,0.300400967136,0.134513739483
49,0.133916296386,0.162648531969,0.132200392963,0.132200392963,0.304844551826,0.134189833894
50,0.133514476319,0.159972755623,0.131768314869,0.131768314869,0.309183257732,0.133792880588
51,0.136287296932,0.163898677243,0.134468739041,0.134468739041,0.294299258776,0.136577288967
52,0.13847962289,0.167150755614,0.136595107935,0.136595107935,0.282399226341,0.138780179284
53,0.137705095312,0.167042301887,0.135967209728,0.135967209728,0.285132952986,0.138185230359
54,0.139377515557,0.169700133317,0.137584915144,0.137584915144,0.275879676931,0.139872843907
55,0.138866301181,0.169706837841,0.137046798876,0.137046798876,0.278431717691,0.138901545536
56,0.134621448519,0.165131429858,0.132825118978,0.132825118978,0.273420420492,0.161176463175
57,0.134893367466,0.16608066972,0.133060906341,0.133060906341,0.270872614819,0.162031535313
58,0.134292072736,0.165955586602,0.13243542948,0.13243542948,0.273043327692,0.16183815401
59,0.135601856465,0.16819773525,0.133694446937,0.133694446937,0.264859120325,0.163952394085
60,0.136690646977,0.170179136766,0.134735010095,0.134735010095,0.257849510501,0.165810685565
61,0.137603501688,0.17195310083,0.135601680709,0.135601680709,0.251774752148,0.167465283916
62,0.137796603561,0.172835140863,0.135758811143,0.135758811143,0.254679652883,0.163170980406
63,0.137301363452,0.172854779931,0.135237859859,0.135237859859,0.256332475068,0.163035661831
64,0.136805629665,0.172871548283,0.134716668785,0.134716668785,0.257991736197,0.162897748284
65,0.136765723991,0.170116584811,0.134644482413,0.134644482413,0.26052664066,0.163302085712
66,0.137670318528,0.171826631206,0.135501947157,0.135501947157,0.254660854399,0.164838301553
67,0.13844420285,0.173382677331,0.136230365011,0.136230365011,0.249487543604,0.166224846194
68,0.138415501484,0.170923683787,0.136168860198,0.136168860198,0.251671586946,0.166651507387
69,0.13911183055,0.172325284744,0.136820465474,0.136820465474,0.24696734245,0.167954611308
70,0.13869075589,0.172345472906,0.136373014223,0.136373014223,0.248306903299,0.167910839459
71,0.1393106687,0.173661747689,0.13694911431,0.13694911431,0.244000018319,0.169129336672
72,0.138906243997,0.173703665991,0.136518197558,0.136518197558,0.245247433644,0.169106261253
73,0.138891386245,0.171418289949,0.136470259208,0.136470259208,0.247192469916,0.169557335474
74,0.138490786026,0.171424115876,0.13604341041,0.13604341041,0.24846088383,0.169537393448
75,0.138736754555,0.172231173746,0.136251749589,0.136251749589,0.250903025159,0.165625547361
76,0.138842095647,0.17286639805,0.136321904057,0.136321904057,0.253112007365,0.162535690823
77,0.137434701522,0.171614910662,0.134907102047,0.134907102047,0.259909711018,0.161226472702
78,0.137028592333,0.171608582342,0.134475612933,0.134475612933,0.261323479434,0.161088120026
79,0.132851924479,0.166864845059,0.130344920795,0.130344920795,0.255491360282,0.184102028588
80,0.132408697699,0.16679487645,0.129878332199,0.129878332199,0.256782850558,0.184256910894
81,0.132741005097,0.167702866495,0.13017249146,0.13017249146,0.259594649055,0.179616496433
82,0.133393610432,0.169020586289,0.130780522824,0.130780522824,0.254841564021,0.18118319361
83,0.1339658528,0.170242458298,0.131309479975,0.131309479975,0.250523114351,0.182649614601
84,0.133930525251,0.167914554488,0.131242793826,0.131242793826,0.25237628885,0.183293043758
85,0.133329299991,0.167903643929,0.130845242098,0.130845242098,0.253601828498,0.183474743386
86,0.132923867399,0.167853178179,0.130418160559,0.130418160559,0.254773280076,0.183613353229
87,0.133469267075,0.169005155693,0.130923963255,0.130923963255,0.250608866263,0.185068784458
88,0.133950552002,0.170080789501,0.131366654973,0.131366654973,0.246791951203,0.186443397347
89,0.134375763822,0.17108966622,0.131754162774,0.131754162774,0.243278793289,0.18774745112
90,0.13435871918,0.16889268489,0.131707959297,0.131707959297,0.244894210378,0.188438466957
91,0.130848933088,0.164904082013,0.128238703141,0.128238703141,0.263554788102,0.184214790515
92,0.130263389322,0.164846780135,0.127836452404,0.127836452404,0.26483942375,0.184377501984
93,0.130757050514,0.165900206192,0.128294399175,0.128294399175,0.260969755747,0.185784189198
94,0.13119960107,0.166892968705,0.128702013555,0.128702013555,0.257377360423,0.187126042694
95,0.131596593331,0.167831659003,0.129064772206,0.129064772206,0.254031986782,0.188410216473
96,0.13154099064,0.165733247381,0.128983579803,0.128983579803,0.255707596243,0.18905100613
97,0.131802875095,0.166467599139,0.129213665695,0.129213665695,0.258015721143,0.185286473234
98,0.13143194973,0.166403356815,0.128823400636,0.128823400636,0.25909617329,0.185421718892
99,0.130896348337,0.166369321593,0.128457618762,0.128457618762,0.260228359864,0.185590732682
100,0.128745510304,0.164036509327,0.126322608655,0.126322608655,0.257753375155,0.196819387904
101,0.128215730518,0.163971387609,0.125939679465,0.125939679465,0.258829859644,0.197103663299
102,0.124764405457,0.159950547052,0.122527673275,0.122527673275,0.277605158503,0.192624542439
103,0.125233128244,0.16094686626,0.122965966335,0.122965966335,0.273706648786,0.19418142404
104,0.124695898541,0.160836453509,0.122557765804,0.122557765804,0.274946453635,0.194405662706
105,0.124643878054,0.160635487053,0.122082042486,0.122082042486,0.276036136696,0.194520413225
106,0.124234381822,0.1604987584,0.121656667108,0.121656667108,0.277240667116,0.194712858446
107,0.124688929726,0.161479391083,0.122077404042,0.122077404042,0.273413468181,0.196263402926
108,0.124159570154,0.161377973302,0.121679210876,0.121679210876,0.274602591418,0.196501443374
109,0.125143619438,0.160996617505,0.121071751261,0.121071751261,0.275318059357,0.196398201178
110,0.124751842796,0.160867401663,0.12065576148,0.12065576148,0.276467171075,0.196602061507
111,0.124360148975,0.160736811308,0.120240095205,0.120240095205,0.277618525783,0.196804323524
112,0.124273885488,0.158537372455,0.120119893186,0.120119893186,0.279458740928,0.197490214757
113,0.115663603944,0.14787719977,0.111763183318,0.111763183318,0.262002329285,0.250930500364
114,0.116768361117,0.149617502617,0.112796132801,0.112796132801,0.266442946575,0.24157892409
115,0.116329675665,0.149382750818,0.112337957964,0.112337957964,0.267386927778,0.24222472981
116,0.116965113345,0.150528592214,0.112917001365,0.112917001365,0.270817429167,0.235854862545
117,0.115113129641,0.148470521572,0.111095082152,0.111095082152,0.268482348165,0.245743836318
118,0.114832666047,0.148434050704,0.110790469647,0.110790469647,0.268399304277,0.246753039679
119,0.115175288852,0.149203881141,0.111087002482,0.111087002482,0.26433424214,0.249112582904
120,0.113396986091,0.147222789,0.109338329015,0.109338329015,0.262091661956,0.258611904923
121,0.112955784951,0.146972041101,0.108879565978,0.108879565978,0.262916442989,0.259396599002
122,0.112330165001,0.14675067885,0.1084441273,0.1084441273,0.263795874858,0.260235026691
123,0.112137672681,0.144601114185,0.108226798893,0.108226798893,0.265208457552,0.261599157796
124,0.110957040661,0.143377184797,0.107056187523,0.107056187523,0.270904967079,0.260648432418
125,0.110343340288,0.143127326079,0.106616110025,0.106616110025,0.271835466441,0.261461647141
126,0.115533110916,0.141944953665,0.105484532649,0.105484532649,0.270988062455,0.260564807666
127,0.113130796993,0.139222569353,0.103215999084,0.103215999084,0.267169260536,0.274045374951
128,0.112921884585,0.137209572187,0.102950426497,0.102950426497,0.268500877192,0.275466813041
129,0.112934334909,0.137435359398,0.102886854412,0.102886854412,0.270368156229,0.273488440641
130,0.113303994928,0.138096889904,0.103148513181,0.103148513181,0.266015959706,0.276286129099
131,0.113594645415,0.138663681576,0.103337861128,0.103337861128,0.262150481437,0.278915469316
132,0.113888741804,0.13923610084,0.103530011368,0.103530011368,0.258238626154,0.281576508468
133,0.114149063891,0.139768596227,0.103691147218,0.103691147218,0.254523087274,0.284176958172
134,0.1139571793,0.137849908829,0.103441515481,0.103441515481,0.255643534372,0.285666346536
135,0.113550063188,0.137554154671,0.102996963777,0.102996963777,0.256282408442,0.286619446145
136,0.109122956639,0.132380493683,0.0989092765249,0.0989092765249,0.283323456548,0.27735454008
137,0.108274270114,0.132106453806,0.0984916430211,0.0984916430211,0.28433505815,0.278300931888
138,0.10630597703,0.129894791857,0.0966338771474,0.0966338771474,0.281155093373,0.289376383446
139,0.105484917731,0.129598055896,0.0962051833839,0.0962051833839,0.282098349322,0.290408310283
140,0.105803817239,0.130183918574,0.0964316601537,0.0964316601537,0.277717196466,0.293431747413
141,0.10608832816,0.130728865867,0.0966264704476,0.0966264704476,0.273541971322,0.296387893756
142,0.103231354905,0.127398231828,0.0939615866377,0.0939615866377,0.26798238885,0.313464851142
143,0.103118596764,0.12744906461,0.0937963443498,0.0937963443498,0.26624085772,0.315598792207
144,0.102321325187,0.12713681696,0.093364744443,0.093364744443,0.266970005416,0.316842363551
145,0.102485186778,0.127533932593,0.0934543775213,0.0934543775213,0.263204054028,0.319868071558
146,0.102048126914,0.127183030521,0.0929962390799,0.0929962390799,0.263744944468,0.321031419937
147,0.100638330956,0.125616599828,0.0916527644372,0.0916527644372,0.261810177687,0.328629362655
148,0.100190666565,0.125247870605,0.0911866381679,0.0911866381679,0.262358029071,0.329830157423
149,0.0930303295414,0.116473498666,0.0846155717848,0.0846155717848,0.245208571278,0.376056456945
150,0.0918982395409,0.115230973359,0.0835323542317,0.0835323542317,0.243816039966,0.38199003867
151,0.091705417813,0.115163938567,0.0833037053036,0.0833037053036,0.244902979653,0.38162025336
152,0.0891020953782,0.112064719745,0.0808870576767,0.0808870576767,0.239514045545,0.397545023979
153,0.0887751916301,0.111823244071,0.0805386850435,0.0805386850435,0.23829532282,0.400028871392
154,0.0880195247676,0.111039875206,0.0798019917808,0.0798019917808,0.237806723404,0.40352989306
155,0.0872222436137,0.11062021618,0.0793289283783,0.0793289283783,0.238090134305,0.405409549145
156,0.0864096856451,0.109758926605,0.0785415114695,0.0785415114695,0.241088495746,0.405659869065
157,0.0871820822397,0.110911056009,0.0791947810702,0.0791947810702,0.244859088721,0.398658210889
158,0.0865260769723,0.110246495593,0.0785504784017,0.0785504784017,0.244630686727,0.401495783905
159,0.0860406054831,0.109797237839,0.0780616585644,0.0780616585644,0.244873792954,0.403165046595
160,0.0855118571497,0.109291018265,0.0775341715335,0.0775341715335,0.24550519733,0.404623584189
161,0.086816875777,0.111130294128,0.0786689694377,0.0786689694377,0.250910724403,0.393804166817
162,0.0863524123828,0.110706459636,0.0781999145057,0.0781999145057,0.251124737973,0.395416560997
163,0.0858800881367,0.110270957602,0.0777242930692,0.0777242930692,0.251412634966,0.396987733157
164,0.0855516112612,0.108348206927,0.0773793341398,0.0773793341398,0.252117161006,0.399224352526
165,0.0851476549548,0.107993007226,0.076966543309,0.076966543309,0.252596019611,0.40033023159
166,0.0842590718144,0.107021004318,0.0761164380665,0.0761164380665,0.251622850658,0.404864197077
167,0.0852263226389,0.108406546546,0.076942808007,0.076942808007,0.256204500167,0.396277014633
168,0.0846260189789,0.107799086087,0.0763538057279,0.0763538057279,0.256092294557,0.398774988921
169,0.0839443818373,0.107085880368,0.075692161717,0.075692161717,0.255719491444,0.401865922917
170,0.0836117416422,0.10527408981,0.075345798333,0.075345798333,0.256400615317,0.404021956565
171,0.0836635894755,0.105483068669,0.0753460966007,0.0753460966007,0.25210272919,0.408058419463
172,0.082990553176,0.104777240996,0.0746939488054,0.0746939488054,0.251702542068,0.411141766149
173,0.0830178633803,0.104954699041,0.074672519979,0.074672519979,0.247538555551,0.41514384207
174,0.082561162496,0.104519704215,0.074216001264,0.074216001264,0.247745431116,0.416741699644
175,0.0828908262328,0.105080196942,0.0744664612181,0.0744664612181,0.250319612199,0.412776442189
176,0.0824396575101,0.104650817482,0.0740155416744,0.0740155416744,0.250543500929,0.41433494073
177,0.0818527045254,0.104047468175,0.0734433151658,0.0734433151658,0.250344785938,0.41686841103
178,0.0818751895874,0.104218024974,0.0734182541438,0.0734182541438,0.246212725937,0.420857551213
179,0.08142744605,0.103789488181,0.0729717973624,0.0729717973624,0.246394182632,0.422445288412
180,0.0804715401175,0.102710988018,0.0720707495573,0.0720707495573,0.245021056579,0.427654916171
181,0.0803345327253,0.102675990806,0.0719037421321,0.0719037421321,0.246130155237,0.427051836967
182,0.0788350689238,0.100896968769,0.0705181919454,0.0705181919454,0.243043194038,0.436188384378
183,0.0786435329908,0.100789135406,0.0703035456003,0.0703035456003,0.243965539839,0.435994700563
184,0.0785022115454,0.100745262495,0.0701339985612,0.0701339985612,0.245046679143,0.435437849694
185,0.0781725678734,0.0990063233653,0.0697964898954,0.0697964898954,0.245540291147,0.437687837824
186,0.0777302684259,0.0985726376027,0.069358847352,0.069358847352,0.245674462369,0.439304936898
187,0.0773917771357,0.0969428136526,0.0690142884655,0.0690142884655,0.246130891596,0.441505940685
188,0.0753992669594,0.0945613890183,0.0671960608458,0.0671960608458,0.241290313539,0.454356908792
189,0.0758969427848,0.0953008819966,0.0675979412095,0.0675979412095,0.244398482579,0.449207810221
190,0.0751229289868,0.0944432814493,0.0668673627261,0.0668673627261,0.243415480045,0.453283584067
191,0.073506228857,0.092522767899,0.065388040127,0.065388040127,0.239663160637,0.463531762353
192,0.0732114379739,0.0922633734015,0.0650857046091,0.0650857046091,0.240191445466,0.46416233394
193,0.0724768688148,0.0918497516133,0.0646756563609,0.0646756563609,0.240315472138,0.466006594712
194,0.0721243808882,0.0903285389096,0.0643229455435,0.0643229455435,0.24064440829,0.468256780825
195,0.0726417869398,0.0910826895067,0.0647459709234,0.0647459709234,0.243888634232,0.462894947474
196,0.0723290507645,0.090796379711,0.0644290010259,0.0644290010259,0.244359469935,0.463657097538
197,0.072777990151,0.0914665428858,0.0647904644563,0.0647904644563,0.247416029396,0.458758508654
198,0.0724315851362,0.0900162865693,0.0644438426047,0.0644438426047,0.247780503397,0.460883939688
199,0.0724495377003,0.0901379911123,0.0644215931045,0.0644215931045,0.243220360889,0.465348924089
200,0.0711341100265,0.0885991002175,0.0632144185209,0.0632144185209,0.240269474038,0.473568478676
201,0.0715560691276,0.0892230441876,0.0635516928173,0.0635516928173,0.243177593147,0.468939907903
202,0.0711332605148,0.0887937566708,0.0631387191409,0.0631387191409,0.243223863046,0.470571681487
203,0.070402229566,0.0879782421848,0.0624527933265,0.0624527933265,0.242201185522,0.474512756074
204,0.0703985912286,0.0880708096027,0.0624125355544,0.0624125355544,0.237714110663,0.478991417397
205,0.0700814676976,0.0877708616056,0.062094545107,0.062094545107,0.238066115792,0.47989246469
206,0.0700566134546,0.0878365896581,0.0620357167252,0.0620357167252,0.239412565881,0.478622797556
207,0.0693586225243,0.0874381809867,0.0616496624881,0.0616496624881,0.239495215078,0.480408656435
208,0.0680001578376,0.0858220587238,0.0604076259154,0.0604076259154,0.236221218913,0.489141312695
209,0.0663218203024,0.0837980278469,0.0588829944707,0.0588829944707,0.231781103805,0.500333059104
210,0.0662789454475,0.0838380759255,0.0588112815454,0.0588112815454,0.227369454374,0.504890961162
211,0.065609564439,0.083429560589,0.0584255147062,0.0584255147062,0.227344229268,0.506765616292
212,0.0652664979047,0.0830883298758,0.0580879260333,0.0580879260333,0.227497783625,0.507971536528
213,0.0652075479353,0.0831083207262,0.0580034196784,0.0580034196784,0.223204995871,0.51247229611
214,0.0642940626676,0.0820378792786,0.0571592823177,0.0571592823177,0.221359259874,0.517990233545
215,0.0639489525294,0.0806746714733,0.056821082312,0.056821082312,0.221452732441,0.520281478932
216,0.062772064576,0.0792759939964,0.0557445800354,0.0557445800354,0.218642610564,0.527820170793
217,0.0616198279397,0.0779053490083,0.0546911285275,0.0546911285275,0.215878631246,0.535213934751
218,0.0619606847968,0.0784213868103,0.0549632976278,0.0549632976278,0.218336410788,0.531354922349
219,0.0617441045798,0.0782321595624,0.0547409383328,0.0547409383328,0.218839763996,0.531702095196
220,0.0595366839515,0.0755172170236,0.0527547477873,0.0527547477873,0.241654730884,0.517781872566
221,0.0587126886002,0.0745529471553,0.0519958935589,0.0519958935589,0.23983952702,0.522903050107
222,0.0583468723041,0.0741689176681,0.05164340001,0.05164340001,0.239874731828,0.52432267818
223,0.0574660639019,0.0731286111318,0.0508357068122,0.0508357068122,0.246170208793,0.521563702549
224,0.0574398764283,0.0731746887356,0.0507844882315,0.0507844882315,0.247675810993,0.52014064738
225,0.0571014848246,0.0719374318643,0.0504574331373,0.0504574331373,0.247835521455,0.522210695582
226,0.0572475071997,0.0714824531888,0.0500589849753,0.0500589849753,0.247631748513,0.523520321147
227,0.0564533351305,0.0705604118809,0.0493351059398,0.0493351059398,0.245791146673,0.528524894436
228,0.0560967079885,0.0701839026087,0.0489942189482,0.0489942189482,0.245833404083,0.529897547423
229,0.0551726267162,0.0690959247871,0.0481584084562,0.0481584084562,0.243362729593,0.536051901991
230,0.0547507068042,0.0686352370693,0.0477616363018,0.0477616363018,0.243806697639,0.537284085884
231,0.0543553456938,0.0682068990299,0.0473884748193,0.0473884748193,0.243629976095,0.539030829543
232,0.054328915707,0.0682410523442,0.0473371937775,0.0473371937775,0.238585852077,0.544169792317
233,0.0542625569533,0.0682250036548,0.047251187544,0.047251187544,0.23405639002,0.548953674284
234,0.0537607225955,0.0676607870493,0.0467862861517,0.0467862861517,0.233357433281,0.551648484771
235,0.0530113198669,0.0667835037418,0.0461065996906,0.0461065996906,0.231558886979,0.556433090031
236,0.0507188889,0.0639585999822,0.044086458219,0.044086458219,0.25940320958,0.5377463851
237,0.0501938414521,0.0633589960905,0.043604058731,0.043604058731,0.25850696153,0.540732083465
238,0.0497515002695,0.0628626477414,0.0431940239732,0.0431940239732,0.259605382234,0.541392421809
239,0.0493852717409,0.062461523161,0.0428505038917,0.0428505038917,0.259497044738,0.542955152576
240,0.0497708345187,0.0630113349232,0.0431593017876,0.0431593017876,0.263352441537,0.537546785446
241,0.0493038047927,0.0624816986507,0.0427288224892,0.0427288224892,0.262706198149,0.540050653429
242,0.0488415245271,0.06195697979,0.0423029547778,0.0423029547778,0.262063509966,0.542532076162
243,0.0484879892791,0.0615692463559,0.0419717104967,0.0419717104967,0.261986537334,0.544012806038
244,0.0499318455683,0.061067657601,0.0415639161464,0.0415639161464,0.26141182077,0.544460843768
245,0.0493066552081,0.0607013920407,0.0412492651301,0.0412492651301,0.261403521396,0.546089901096
246,0.0463189618801,0.0570718537575,0.0387214766974,0.0387214766974,0.247248454193,0.571917776775
247,0.045340692757,0.0559141036292,0.0378759614906,0.0378759614906,0.243686682618,0.579306598015
248,0.045277589124,0.0558838815497,0.0377955987582,0.0377955987582,0.245016772688,0.578230559122
249,0.044248251515,0.0546599760608,0.0369093562519,0.0369093562519,0.241089064462,0.586183995459
250,0.0418159155553,0.0516993385694,0.034854943844,0.034854943844,0.229399192215,0.607375665972
251,0.0414015322333,0.0512306474834,0.0344843157006,0.0344843157006,0.228683886827,0.609715302056
252,0.0413384463711,0.0511961891193,0.0344066008568,0.0344066008568,0.223280811737,0.615371351059
253,0.040785033444,0.0508369528322,0.0341111226355,0.0341111226355,0.223018833928,0.617136934525
254,0.0401683886975,0.0501121200596,0.0335715694968,0.0335715694968,0.221132750728,0.621443601522
255,0.0398650199007,0.0491355559728,0.0332944054568,0.0332944054568,0.220947240533,0.62346337268
256,0.0395120716717,0.0487406353235,0.0329762391581,0.0329762391581,0.220472454442,0.625322360247
257,0.039187059273,0.048379519905,0.0326818055285,0.0326818055285,0.220138067265,0.6269317425
258,0.0391099552009,0.0483240911272,0.0325943804549,0.0325943804549,0.214865829531,0.632511363231
259,0.0385119519135,0.0476243874126,0.0320732513023,0.0320732513023,0.212987677197,0.636729480873
260,0.0383940444962,0.0475176803002,0.0319523911986,0.0319523911986,0.213747833294,0.636435659513
261,0.0378085081801,0.0468315362667,0.0314427908484,0.0314427908484,0.211887974528,0.640586399328
262,0.0380430190345,0.0471608184268,0.0316153915044,0.0316153915044,0.21462022858,0.63694515095
263,0.0378867817132,0.0470058131642,0.0314632332434,0.0314632332434,0.215160381135,0.6370205575
264,0.0367319474452,0.045610549466,0.0304825737154,0.0304825737154,0.232400312365,0.624292043293
265,0.0363997235182,0.045235243288,0.0301854606416,0.0301854606416,0.231919463844,0.626074648066
266,0.0382133235418,0.0447963120449,0.029846793944,0.029846793944,0.231095449457,0.626201327068
267,0.0381650590453,0.044766575075,0.0297813132216,0.0297813132216,0.225460555222,0.632045184214
268,0.0374175672184,0.0439161196075,0.0291708096192,0.0291708096192,0.222525711586,0.63779898235
269,0.0372102125413,0.0436989541743,0.0289821176951,0.0289821176951,0.220089460736,0.641037137158
270,0.0369250745229,0.0428348060435,0.0287332251069,0.0287332251069,0.21985626129,0.64291740793
271,0.036853812016,0.0427757394832,0.0286510432861,0.0286510432861,0.21453998178,0.648528380149
272,0.0360563050064,0.041873186775,0.0280049159193,0.0280049159193,0.211271283621,0.654789392759
273,0.0359697012831,0.0417956719896,0.0279116117291,0.0279116117291,0.206168945825,0.660242457444
274,0.036194426184,0.0420800127246,0.028059815398,0.028059815398,0.208792999188,0.656812931108
275,0.0357408603689,0.0415756315495,0.0276823621687,0.0276823621687,0.207504279271,0.659814504473
276,0.0350277970007,0.0407686529436,0.0271047869065,0.0271047869065,0.204674009082,0.665319967161
277,0.0346350333759,0.0403337715278,0.0267758837198,0.0267758837198,0.203682304725,0.667797122931
278,0.0340563526943,0.0396817707558,0.0263039740498,0.0263039740498,0.201568954206,0.672084974244
279,0.0340315391803,0.0396747488658,0.0262603103355,0.0262603103355,0.202719215699,0.671053875584
280,0.0338350641226,0.0394674696852,0.026084366634,0.026084366634,0.202846793533,0.671681939392
281,0.0336995747623,0.0393311266029,0.0259556997985,0.0259556997985,0.203335581312,0.671722317726
282,0.0326443859603,0.0381206375432,0.0251195500216,0.0251195500216,0.198237258283,0.68075861817
283,0.0321299841838,0.0378237646109,0.0248869569383,0.0248869569383,0.197850891497,0.682421445832
284,0.0322666704413,0.0380066551125,0.0249702010004,0.0249702010004,0.199977457008,0.679808815437
285,0.0319905679362,0.0377032426393,0.0247341184041,0.0247341184041,0.199548389291,0.681289563325
286,0.0318606254986,0.0375718263669,0.024611346976,0.024611346976,0.200023011849,0.681321842333
287,0.0302622709041,0.0357076097532,0.0233555016818,0.0233555016818,0.191217029652,0.696102086327
288,0.0298440674951,0.0352345342182,0.0230118905413,0.0230118905413,0.189793989454,0.69910362775
289,0.0279122512171,0.0329728618212,0.0215028364445,0.0215028364445,0.1786564478,0.717452766273
290,0.0277854488666,0.0328420645725,0.0213857705912,0.0213857705912,0.174310792202,0.722290153176
291,0.0273204668746,0.032311149325,0.0210088462917,0.0210088462917,0.172486263971,0.725864427246
292,0.0254029021155,0.0300606855484,0.0195165937465,0.0195165937465,0.161402134162,0.744101090681
293,0.0248012362125,0.029365684653,0.0190370923307,0.0190370923307,0.158583794862,0.749175099612
294,0.0245701806309,0.0287278182671,0.0188426611029,0.0188426611029,0.158107825616,0.75090885328
295,0.0244696075719,0.0286254960389,0.0187485416817,0.0187485416817,0.15846434526,0.750943467766
296,0.0237891227544,0.0278442910774,0.0182106528631,0.0182106528631,0.155039558411,0.756905722031
297,0.0235901122192,0.0276260927652,0.0180419591687,0.0180419591687,0.154722559658,0.75797731702
298,0.0233023957909,0.0273037157851,0.0178057742769,0.0178057742769,0.15380970829,0.75997263158
299,0.0227053609408,0.0266183610419,0.0173338605961,0.0173338605961,0.15082423232,0.765184324506
300,0.0223974753307,0.0262714285756,0.0170833310353,0.0170833310353,0.149727412541,0.767437021482
301,0.0221833094556,0.026034106741,0.016904659505,0.016904659505,0.14924099284,0.768732271953
302,0.0219429007098,0.0257657093025,0.0167063174003,0.0167063174003,0.148564610682,0.770314144505
303,0.0210732857682,0.0247577995477,0.0160297056325,0.0160297056325,0.143586340514,0.778523162906
304,0.0209223964013,0.0245936468792,0.0159005196169,0.0159005196169,0.143466940198,0.779215977287
305,0.0205433052753,0.0241609244848,0.0155982835578,0.0155982835578,0.141765406988,0.782333796137
306,0.0202046706434,0.023775339362,0.0153272720827,0.0153272720827,0.14031731438,0.78504813145
307,0.0196912979641,0.0231836074309,0.0149243022419,0.0149243022419,0.137623745004,0.789652745117
308,0.0195683791508,0.0230511844608,0.0148177119011,0.0148177119011,0.133497705533,0.794247307053
309,0.0194501623342,0.0229241553591,0.0147148596017,0.0147148596017,0.133523751431,0.794672211673
310,0.0194227704944,0.0229040884556,0.0146808320763,0.0146808320763,0.134172286859,0.794139190038
311,0.0189312239802,0.0223363521885,0.01429633732,0.01429633732,0.146746849827,0.783392899364
312,0.0188689289287,0.0222747339129,0.0142363921352,0.0142363921352,0.147233400397,0.783150152491
313,0.0187511299436,0.022147486249,0.0141347046124,0.0141347046124,0.147283988817,0.783547985766
314,0.0184707902467,0.0218280125556,0.0139107764162,0.0139107764162,0.146043613772,0.785836030594
315,0.0180408681367,0.0213313269238,0.0135746901817,0.0135746901817,0.143589778902,0.789888645674
316,0.0169349352616,0.020034370521,0.0127310034328,0.0127310034328,0.135680874997,0.801887812355
317,0.0163983544264,0.019409938112,0.0123164617824,0.0123164617824,0.132252644236,0.807306139661
318,0.0161796013795,0.0191612316175,0.01214115805,0.01214115805,0.131353277319,0.809023573584
319,0.0160709655395,0.0190427336933,0.0120487187039,0.0120487187039,0.127218857088,0.813570006272
320,0.0158559886475,0.0187980314331,0.0118767830079,0.0118767830079,0.126336356438,0.815256057466
321,0.0156658750473,0.0185825549048,0.0117237555432,0.0117237555432,0.125636312551,0.81666774641
322,0.0156679931851,0.0185949862493,0.0117147242484,0.0117147242484,0.126473459628,0.815834112441
323,0.0156685770336,0.018605603683,0.0117045535704,0.0117045535704,0.127303716743,0.815012995399
324,0.0153043920872,0.0181828523991,0.0114221531862,0.0114221531862,0.125156414068,0.818512035073
325,0.015225811493,0.0180991466766,0.0113532171813,0.0113532171813,0.12532651931,0.818642088158
326,0.014173900839,0.0168577171332,0.0105592844097,0.0105592844097,0.117429556677,0.830420256531
327,0.0140680546234,0.0167407588024,0.0104709417519,0.0104709417519,0.113642344854,0.834606958216
328,0.0137403896551,0.0163595692038,0.010217798804,0.010217798804,0.111709044407,0.837755399126
329,0.0135574361627,0.0161503561445,0.0100726203823,0.0100726203823,0.110930253078,0.83921671385
330,0.0135604722793,0.0161625943076,0.0100657540366,0.0100657540366,0.111668426997,0.838476998343
331,0.013492535122,0.0160902034355,0.010006257072,0.010006257072,0.111823295802,0.838581451496
332,0.0134496705671,0.0160476463857,0.00996543696074,0.00996543696074,0.1121846728,0.838387136326
333,0.0133221857398,0.0159040196822,0.0098620405506,0.0098620405506,0.110176346051,0.840873367426
334,0.0131040255484,0.0156519291173,0.00969175955319,0.00969175955319,0.109063945553,0.842796580675
335,0.0130372338205,0.015580461483,0.00963362983274,0.00963362983274,0.109200724907,0.842914320124
336,0.0129285295779,0.0154587978096,0.00954465497277,0.00954465497277,0.108981503005,0.843541859662
337,0.0127548909941,0.0152593156263,0.0094079381191,0.0094079381191,0.10820417153,0.844965745611
338,0.0126009480013,0.015083191511,0.00928597522194,0.00928597522194,0.107580625545,0.846163284498
339,0.0124587559277,0.0149209482779,0.00917287719468,0.00917287719468,0.10715021797,0.847124323435
340,0.012497262265,0.0149750524477,0.00919289681845,0.00919289681845,0.108167828736,0.845974062915
341,0.0116866796094,0.0140112320997,0.00858885438856,0.00858885438856,0.101797992477,0.855326387037
342,0.0115122268916,0.013809445833,0.0084529839172,0.0084529839172,0.10450777157,0.853264587871
343,0.0113739258272,0.0136508289045,0.0083438731757,0.0083438731757,0.103922357757,0.85436514116
344,0.0112519736713,0.0135116709415,0.00824693573213,0.00824693573213,0.103475291723,0.8552671922
345,0.0110682774466,0.0132981770532,0.00810495373536,0.00810495373536,0.102446550981,0.856977087048
346,0.0109760227848,0.013194374145,0.00803012125841,0.00803012125841,0.102251963739,0.857517396814
347,0.010982215634,0.0132088644347,0.00802737719847,0.00802737719847,0.102973619135,0.856780546399
348,0.0104634359602,0.0125916185282,0.00764125379855,0.00764125379855,0.098746038894,0.86291639902
349,0.0103688917668,0.0124845041975,0.00756535384555,0.00756535384555,0.095953454137,0.866062442208
350,0.0102301291671,0.0123240030419,0.0074573516368,0.0074573516368,0.0952765876645,0.867254576853
351,0.0100932138727,0.0121655536056,0.00735088419385,0.00735088419385,0.0946044049907,0.868435059143
352,0.0100598424357,0.0121318016307,0.00731994611091,0.00731994611091,0.0948964282471,0.868272035465
353,0.0100581389365,0.0121362209193,0.00731208002808,0.00731208002808,0.0954889513047,0.867692528783
354,0.00990879071734,0.0119623972378,0.00719698440591,0.00719698440591,0.0946744857024,0.869060357531
355,0.00978905008908,0.0118241474294,0.00710357641921,0.00710357641921,0.0941303459652,0.870049303678
356,0.00969508215091,0.011716893971,0.00702901710025,0.00702901710025,0.0938247472032,0.870705242474
357,0.00968469743681,0.0117105902378,0.00701513065526,0.00701513065526,0.094325425339,0.870249025676
358,0.00946160132285,0.0114469317467,0.00684732515717,0.00684732515717,0.0927436459249,0.872653170691
359,0.00920714117299,0.0111450230795,0.00665714029609,0.00665714029609,0.0908282879065,0.875505267249
360,0.00895973178317,0.0108513282249,0.00647238759082,0.00647238759082,0.0889545444543,0.878289620356
361,0.0087539368882,0.0106077438346,0.00631799851065,0.00631799851065,0.0874688361031,0.880533486153
362,0.00858379028145,0.010407116874,0.00618958892401,0.00618958892401,0.0863188886597,0.882311026337
363,0.00843436255505,0.0159038752126,0.00607633310641,0.00607633310641,0.0853602763885,0.878148819631
364,0.00835392001719,0.0157798154764,0.00601293102112,0.00601293102112,0.085088460381,0.878751942083
365,0.00819214911985,0.0155013802658,0.00589115376268,0.00589115376268,0.0839759657405,0.880548197348
366,0.00800504736703,0.0151739042972,0.00575139261601,0.00575139261601,0.082584371765,0.882733891339
367,0.00786324423964,0.0149312481591,0.00564439599751,0.00564439599751,0.0816417930256,0.884274922581
368,0.00756361794755,0.014387483723,0.00542440232906,0.00542440232906,0.079034581465,0.888165512206
369,0.00737716504224,0.0140574217512,0.00528589351523,0.00528589351523,0.0775807330876,0.890412893088
370,0.00719547394798,0.0137352476338,0.00515103992175,0.00515103992175,0.0761553800785,0.892611818496
371,0.007127447573,0.0136292523791,0.00509772193598,0.00509772193598,0.0759192696865,0.893128586489
372,0.00699031280859,0.0133904609109,0.00499511304945,0.00499511304945,0.0749361550757,0.894692845106
373,0.00697210774079,0.0133790081685,0.00497759320906,0.00497759320906,0.0752204090289,0.894473288644
374,0.00696437844024,0.0133876116293,0.00496757318688,0.00496757318688,0.075618971946,0.894093891611
375,0.00693354556825,0.0133517142891,0.00494110276354,0.00494110276354,0.0757670862205,0.894065448395
376,0.0065711898042,0.0126761269929,0.00467863455563,0.00467863455563,0.0722679988174,0.899127415274
377,0.00648473064643,0.012531279739,0.00461289590558,0.00461289590558,0.0727458793622,0.899012318441
378,0.00614489552023,0.011895395878,0.00436719733394,0.00436719733394,0.069378241933,0.903847072001
379,0.00602718333728,0.0116879868022,0.00427966047263,0.00427966047263,0.0684881634628,0.905237345453
380,0.00596609532502,0.0115898125529,0.00423244868953,0.00423244868953,0.0659567648623,0.908022429881
381,0.00595110035721,0.0115809559969,0.00421798846831,0.00421798846831,0.0662094396318,0.907822527077
382,0.00594508301778,0.0115895340135,0.00420990831585,0.00420990831585,0.0665631770005,0.907482389336
383,0.00590797822483,0.0115373973575,0.00417984522387,0.00417984522387,0.0665684562055,0.907626477764
384,0.0058969061641,0.0115359693882,0.00416823438487,0.00416823438487,0.066866300696,0.907364354982
385,0.00585364680581,0.0114714233106,0.0041339101192,0.0041339101192,0.06679794091,0.907609168735
386,0.00572105393876,0.0112312410227,0.00403661340244,0.00403661340244,0.0657001080199,0.909274370214
387,0.00569030905019,0.0111904737485,0.0040112854669,0.0040112854669,0.0657626607142,0.909333985553
388,0.00555106864705,0.0109357891982,0.00390958728975,0.00390958728975,0.0645614982839,0.911132469291
389,0.00534208210833,0.0105425338566,0.00375899263887,0.00375899263887,0.0625260569726,0.914071341785
390,0.00498789597116,0.00986081352754,0.00350658930434,0.00350658930434,0.0587518235527,0.91938628834
391,0.00481269795068,0.00953114064853,0.00338035820001,0.00338035820001,0.0570487391219,0.921846705879
392,0.00479629889321,0.00951532059791,0.00336578954191,0.00336578954191,0.0572159567376,0.921740844687
393,0.00474552645144,0.00943110321998,0.00332714490667,0.00332714490667,0.0569703390512,0.922198741464
394,0.00468590901347,0.00932895213348,0.00328237177496,0.00328237177496,0.0564833231369,0.922937072166
395,0.00464177563578,0.00925729431253,0.00324851340177,0.00324851340177,0.0563068835415,0.923297019707
396,0.00462558643744,0.00924118450177,0.00323425247681,0.00323425247681,0.0564670506881,0.923197673419
397,0.00460924479033,0.00922468462075,0.00321990821609,0.00321990821609,0.056625106927,0.92310114723
398,0.00459655262976,0.00921541513966,0.00320813441499,0.00320813441499,0.0568280110761,0.922943752324
399,0.00457592589766,0.00919014923141,0.00319084642569,0.00319084642569,0.056932487568,0.922919744452
400,0.00451536191524,0.00908441696873,0.00314576361751,0.00314576361751,0.0565359508083,0.923572743073
401,0.00446139604959,0.00899158359188,0.00310535244761,0.00310535244761,0.0562152143448,0.924121101119
402,0.00418550597357,0.00845034202719,0.00291068150529,0.00291068150529,0.0530740239853,0.928468765003
403,0.00416681618092,0.00842736058701,0.00289506062427,0.00289506062427,0.0531727779347,0.928442924049
404,0.00415503347286,0.00841826659422,0.00288426026975,0.00288426026975,0.0533593453296,0.928298834064
405,0.00413239910013,0.00838709032369,0.00286595112271,0.00286595112271,0.0534058930583,0.928342715272
406,0.00410974985702,0.00835574859054,0.0028476624626,0.0028476624626,0.0534506843756,0.928388492252
407,0.00403794362382,0.00822415222043,0.00279537433161,0.00279537433161,0.0528504987549,0.929296656738
408,0.00398450648101,0.00812954688244,0.00275588353183,0.00275588353183,0.0524824782222,0.929891701351
409,0.00393683350026,0.00804636563647,0.00272044512483,0.00272044512483,0.0521840524529,0.930391858161
410,0.00390737716204,0.00800016534981,0.0026976453658,0.0026976453658,0.0521227169803,0.930574449776
411,0.00388556648626,0.00796945985997,0.00268015843425,0.00268015843425,0.0521611327921,0.930623523993
412,0.00381132659861,0.00783089899221,0.00262656945237,0.00262656945237,0.0579825134887,0.925122122016
413,0.00373284559851,0.00768309842115,0.0025701552057,0.0025701552057,0.0571659398957,0.926277805673
414,0.00367327942072,0.00757375494761,0.00252685248833,0.00252685248833,0.0566275454453,0.92707171521
