episode,omega1,omega2,omega3,omega4,omega5,omega
1,0.166666666667,0.166666666667,0.166666666667,0.166666666667,0.166666666667,0.166666666667
2,0.166565018322,0.166565018322,0.166565018322,0.166565018322,0.16717490839,0.166565018322
3,0.166565018322,0.166565018322,0.166565018322,0.166565018322,0.16717490839,0.166565018322
4,0.166565018322,0.166565018322,0.166565018322,0.166565018322,0.16717490839,0.166565018322
5,0.166531080529,0.166531080529,0.166531080529,0.166531080529,0.167344597353,0.166531080529
6,0.166497115218,0.166497115218,0.166497115218,0.166497115218,0.167514423911,0.166497115218
7,0.166463122379,0.166463122379,0.166463122379,0.166463122379,0.167684388107,0.166463122379
8,0.166429102004,0.166429102004,0.166429102004,0.166429102004,0.167854489982,0.166429102004
9,0.166463122379,0.166463122379,0.166463122379,0.166463122379,0.167684388107,0.166463122379
10,0.166437609679,0.166437609679,0.166437609679,0.166437609679,0.167811951604,0.166437609679
11,0.166412081488,0.166412081488,0.166412081488,0.166412081488,0.167939592562,0.166412081488
12,0.1663865378,0.1663865378,0.1663865378,0.1663865378,0.168067310999,0.1663865378
13,0.173576930425,0.164920963482,0.164920963482,0.164920963482,0.166739215646,0.164920963482
14,0.174231692179,0.164838885278,0.164838885278,0.164838885278,0.166412766708,0.164838885278
15,0.174824607683,0.164696257913,0.164696257913,0.164696257913,0.166390360665,0.164696257913
16,0.175419099829,0.16455334021,0.16455334021,0.16455334021,0.166367539331,0.16455334021
17,0.176015169854,0.164410132084,0.164410132084,0.164410132084,0.166344301809,0.164410132084
18,0.176612818973,0.164266633455,0.164266633455,0.164266633455,0.166320647207,0.164266633455
19,0.17715470366,0.164069735106,0.164069735106,0.164069735106,0.166566355915,0.164069735106
20,0.177752130256,0.163922760178,0.163922760178,0.163922760178,0.166556829034,0.163922760178
21,0.176955912757,0.162494317308,0.162494317308,0.162494317308,0.173066818011,0.162494317308
22,0.171040622725,0.16355361436,0.16355361436,0.16355361436,0.174744919835,0.16355361436
23,0.171248612921,0.163403843257,0.163403843257,0.163403843257,0.175136014053,0.163403843257
24,0.169147621026,0.163708884268,0.163708884268,0.163708884268,0.176016841901,0.163708884268
25,0.169253391646,0.163578650048,0.163578650048,0.163578650048,0.176432008162,0.163578650048
26,0.16864454192,0.163588863664,0.163588863664,0.163588863664,0.177000003424,0.163588863664
27,0.16872105357,0.163463947347,0.163463947347,0.163463947347,0.177423157041,0.163463947347
28,0.168797358909,0.163338893186,0.163338893186,0.163338893186,0.177847068346,0.163338893186
29,0.169204374049,0.16353352748,0.16353352748,0.16353352748,0.176661516032,0.16353352748
30,0.169558561651,0.16367645141,0.16367645141,0.16367645141,0.175735632708,0.16367645141
31,0.16863032372,0.163774341353,0.163774341353,0.163774341353,0.176272310867,0.163774341353
32,0.168693943,0.163676633336,0.163676633336,0.163676633336,0.176599523657,0.163676633336
33,0.168030009967,0.163721992007,0.163721992007,0.163721992007,0.177082022005,0.163721992007
34,0.16831105306,0.163862776524,0.163862776524,0.163862776524,0.176237840844,0.163862776524
35,0.168359175803,0.163776644287,0.163776644287,0.163776644287,0.17653424705,0.163776644287
36,0.168407195536,0.163690443826,0.163690443826,0.163690443826,0.17683102916,0.163690443826
37,0.168455112039,0.163604175175,0.163604175175,0.163604175175,0.17712818726,0.163604175175
38,0.16850292509,0.163517838368,0.163517838368,0.163517838368,0.177425721437,0.163517838368
39,0.168778378415,0.163652260374,0.163652260374,0.163652260374,0.176612580089,0.163652260374
40,0.168832420969,0.163571844698,0.163571844698,0.163571844698,0.176880200238,0.163571844698
41,0.168498818619,0.163567612708,0.163567612708,0.163567612708,0.177230730549,0.163567612708
42,0.16854291835,0.163488976785,0.163488976785,0.163488976785,0.177501174509,0.163488976785
43,0.168586932611,0.163410284634,0.163410284634,0.163410284634,0.177771928854,0.163410284634
44,0.168630861234,0.16333153628,0.16333153628,0.16333153628,0.178042993646,0.16333153628
45,0.168895369722,0.163466304222,0.163466304222,0.163466304222,0.177239413391,0.163466304222
46,0.168944532474,0.163392513264,0.163392513264,0.163392513264,0.177485414468,0.163392513264
47,0.168394858867,0.163436352353,0.163436352353,0.163436352353,0.17785973172,0.163436352353
48,0.168430745438,0.163365003307,0.163365003307,0.163365003307,0.178109241334,0.163365003307
49,0.167981681829,0.163388825013,0.163388825013,0.163388825013,0.178463018121,0.163388825013
50,0.16761204373,0.163396918377,0.163396918377,0.163396918377,0.178800282764,0.163396918377
51,0.167629426356,0.163328945,0.163328945,0.163328945,0.179054793643,0.163328945
52,0.167646730785,0.163260921994,0.163260921994,0.163260921994,0.179309581238,0.163260921994
53,0.167884840276,0.163407842415,0.163407842415,0.163407842415,0.178483790062,0.163407842415
54,0.16767262705,0.1631164799,0.1631164799,0.1631164799,0.178468165984,0.164509767265
55,0.167689925696,0.163048535421,0.163048535421,0.163048535421,0.178696834097,0.164467633944
56,0.167707160641,0.162980555605,0.162980555605,0.162980555605,0.178925725333,0.16442544721
57,0.167355265165,0.162984782856,0.162984782856,0.162984782856,0.179234284662,0.164456101604
58,0.167365757297,0.162917998078,0.162917998078,0.162917998078,0.179465151448,0.164415097023
59,0.16737618475,0.162851177095,0.162851177095,0.162851177095,0.179696245462,0.164374038502
60,0.167601455106,0.162993318769,0.162993318769,0.162993318769,0.178874675454,0.164543913134
61,0.167804516125,0.163113701297,0.163113701297,0.163113701297,0.178162511593,0.16469186839
62,0.167486874424,0.163119378336,0.163119378336,0.163119378336,0.178430957552,0.164724033016
63,0.167669079909,0.163226114412,0.163226114412,0.163226114412,0.177794303567,0.164858273288
64,0.167683967818,0.163169914062,0.163169914062,0.163169914062,0.177978329689,0.164827960307
65,0.167698814215,0.163113691399,0.163113691399,0.163113691399,0.178162500781,0.164797610806
66,0.167871049659,0.163210506344,0.163210506344,0.163210506344,0.177575541669,0.164921889639
67,0.167888410315,0.163156696996,0.163156696996,0.163156696996,0.177747522705,0.164893975991
68,0.168049818397,0.16324283066,0.16324283066,0.16324283066,0.177214184674,0.165007504947
69,0.168199996812,0.163317955399,0.163317955399,0.163317955399,0.176736200611,0.165109936378
70,0.168221610864,0.16326820576,0.16326820576,0.16326820576,0.176887640222,0.165086131634
71,0.168282174124,0.163256254532,0.163256254532,0.163256254532,0.177080192201,0.164868870078
72,0.168335010243,0.16323678992,0.16323678992,0.16323678992,0.177264793774,0.164689826222
73,0.168357528416,0.163187924548,0.163187924548,0.163187924548,0.177417620813,0.164661077125
74,0.168506566562,0.163261652815,0.163261652815,0.163261652815,0.176952440935,0.164756034058
75,0.168556522045,0.163239329563,0.163239329563,0.163239329563,0.177123524281,0.164601964986
76,0.168602408802,0.163213056357,0.163213056357,0.163213056357,0.177290479076,0.164467943052
77,0.168627309285,0.16316646864,0.16316646864,0.16316646864,0.177435495613,0.164437789183
78,0.167754358702,0.162251491916,0.162251491916,0.162251491916,0.181958782597,0.163532382953
79,0.167766563607,0.162193025949,0.162193025949,0.162193025949,0.182164207846,0.163490150701
80,0.167778717906,0.162134531288,0.162134531288,0.162134531288,0.182369809041,0.16344787919
81,0.167790821549,0.16207600794,0.16207600794,0.16207600794,0.182575586211,0.163405568418
82,0.167802874484,0.162017455915,0.162017455915,0.162017455915,0.182781539386,0.163363218384
83,0.167433658542,0.162033067436,0.162033067436,0.162033067436,0.183071493949,0.163395645201
84,0.167440943231,0.161975340204,0.161975340204,0.161975340204,0.183278922249,0.163354113907
85,0.16744817673,0.161917583734,0.161917583734,0.161917583734,0.183486529134,0.163312542935
86,0.167455358992,0.16185979803,0.16185979803,0.16185979803,0.183694314635,0.163270932281
87,0.167482490886,0.161821307954,0.161821307954,0.161821307954,0.183924243187,0.163129342065
88,0.167671026699,0.161938708645,0.161938708645,0.161938708645,0.183249872837,0.163262974529
89,0.167680578051,0.161883193355,0.161883193355,0.161883193355,0.183447557634,0.16322228425
90,0.167690082819,0.161827651617,0.161827651617,0.161827651617,0.183645404077,0.163181558252
91,0.167870678331,0.161937171837,0.161937171837,0.161937171837,0.183010524455,0.163307281703
92,0.162383526262,0.1565813472,0.1565813472,0.1565813472,0.17719842958,0.190674002558
93,0.16244487135,0.156577881939,0.156577881939,0.156577881939,0.177435528828,0.190385954005
94,0.162033361545,0.156534013545,0.156534013545,0.156534013545,0.17762709775,0.190737500069
95,0.161978927687,0.156423339706,0.156423339706,0.156423339706,0.177742948888,0.191008104308
96,0.161924396744,0.156312632741,0.156312632741,0.156312632741,0.17785874886,0.191278956173
97,0.161869768756,0.156201892768,0.156201892768,0.156201892768,0.177974497393,0.191550055547
98,0.158341914477,0.152740846478,0.152740846478,0.152740846478,0.174267742014,0.209167804075
99,0.159647074152,0.152338181068,0.152338181068,0.152338181068,0.174044740874,0.20929364177
100,0.159565057082,0.152187127029,0.152187127029,0.152187127029,0.174108664963,0.20976489687
101,0.159386718647,0.152053368288,0.152053368288,0.152053368288,0.174192254426,0.210260922063
102,0.159303362983,0.151902282123,0.151902282123,0.151902282123,0.174255871871,0.210733918777
103,0.159219799146,0.151751106128,0.151751106128,0.151751106128,0.174319236908,0.211207645561
104,0.159297604619,0.151753766191,0.151753766191,0.151753766191,0.173544065035,0.211897031773
105,0.159215163085,0.151603803775,0.151603803775,0.151603803775,0.173598559378,0.212374866211
106,0.159132512486,0.151453749969,0.151453749969,0.151453749969,0.173652796134,0.212853441471
107,0.159049652882,0.151303605041,0.151303605041,0.151303605041,0.173706774709,0.213332757287
108,0.158570622827,0.151224532798,0.151224532798,0.151224532798,0.173842301565,0.213913477214
109,0.154294637471,0.147081423333,0.147081423333,0.147081423333,0.169299925347,0.235161167184
110,0.154160617338,0.146888536736,0.146888536736,0.146888536736,0.169298292568,0.235875479886
111,0.154026244597,0.1466954564,0.1466954564,0.1466954564,0.16929614429,0.236591241912
112,0.153891519532,0.146502182955,0.146502182955,0.146502182955,0.169293479606,0.237308451998
113,0.1523316682,0.144952956672,0.144952956672,0.144952956672,0.167721579909,0.245087881876
114,0.152180352087,0.144744788785,0.144744788785,0.144744788785,0.167699023702,0.245886257856
115,0.152028631238,0.14453639216,0.14453639216,0.14453639216,0.167675858358,0.246686333924
116,0.142731419165,0.135637220189,0.135637220189,0.135637220189,0.157557085957,0.292799834311
117,0.144173698425,0.136947089932,0.136947089932,0.136947089932,0.159285997062,0.285699034716
118,0.148280013708,0.135968371771,0.135968371771,0.135968371771,0.158353773938,0.285461097041
119,0.148218015615,0.13581086776,0.13581086776,0.13581086776,0.157405725788,0.286943655317
120,0.149608115843,0.136983082043,0.136983082043,0.136983082043,0.158962995176,0.280479642852
121,0.147514381208,0.134966004697,0.134966004697,0.134966004697,0.15681824797,0.290769356731
122,0.14743792109,0.134796147134,0.134796147134,0.134796147134,0.155906877777,0.292266759732
123,0.148748736162,0.135893853847,0.135893853847,0.135893853847,0.15736560786,0.286204094439
124,0.147948495807,0.135711997004,0.135711997004,0.135711997004,0.157344100117,0.287571413063
125,0.147748861761,0.135433784828,0.135433784828,0.135433784828,0.157210464307,0.28873931945
126,0.148957847225,0.136446199385,0.136446199385,0.136446199385,0.158576230959,0.28312732366
127,0.146633934537,0.134223243209,0.134223243209,0.134223243209,0.156180421182,0.294515914656
128,0.146043953513,0.13358940208,0.13358940208,0.13358940208,0.158228858783,0.294958981464
129,0.145831655927,0.133301616707,0.133301616707,0.133301616707,0.158098574577,0.296164919374
130,0.145618617585,0.13301349277,0.13301349277,0.13301349277,0.157967259296,0.297373644808
131,0.143137683548,0.130655580207,0.130655580207,0.130655580207,0.155373946317,0.309521629516
132,0.142337652471,0.130432405392,0.130432405392,0.130432405392,0.155315423427,0.311049707925
133,0.1383129927,0.126659890475,0.126659890475,0.126659890475,0.151024371701,0.330682964174
134,0.135810117252,0.124284989287,0.124284989287,0.124284989287,0.148390280801,0.342944634087
135,0.135505608256,0.12392366535,0.12392366535,0.12392366535,0.14815621543,0.344567180263
136,0.131077564573,0.119794193787,0.119794193787,0.119794193787,0.143410266353,0.366129587713
137,0.128099169319,0.116994149393,0.116994149393,0.116994149393,0.140245025424,0.380673357076
138,0.127726169672,0.116575730201,0.116575730201,0.116575730201,0.139929832311,0.382616807412
139,0.127729292953,0.116106729706,0.116106729706,0.116106729706,0.139552753512,0.384397764417
140,0.128255134875,0.116504152879,0.116504152879,0.116504152879,0.1402171939,0.382015212587
141,0.123755123627,0.112338751527,0.112338751527,0.112338751527,0.13538430073,0.40384432106
142,0.123350519972,0.111894090164,0.111894090164,0.111894090164,0.135028272138,0.405938937397
143,0.121183361419,0.109852240664,0.109852240664,0.109852240664,0.132741074459,0.416518842129
144,0.120869875428,0.109492345543,0.109492345543,0.109492345543,0.131583900856,0.419069187087
145,0.12327108798,0.108683809008,0.108683809008,0.108683809008,0.130780207825,0.419897277171
146,0.120463729975,0.106115809618,0.106115809618,0.106115809618,0.127854329577,0.433334511592
147,0.120245537128,0.105831004015,0.105831004015,0.105831004015,0.127675168143,0.434586282682
148,0.121933352741,0.107222672871,0.107222672871,0.107222672871,0.129520444506,0.42687818414
149,0.121517006506,0.10676314045,0.10676314045,0.10676314045,0.129131207448,0.429062364694
150,0.121099699218,0.10630348592,0.10630348592,0.10630348592,0.128740607111,0.43124923591
151,0.120681447875,0.105843725492,0.105843725492,0.105843725492,0.128348660099,0.43343871555
152,0.120364993434,0.105473890658,0.105473890658,0.105473890658,0.127210513017,0.436002821574
153,0.117617175066,0.102975919398,0.102975919398,0.102975919398,0.12435196241,0.449103104329
154,0.117177566208,0.102501346692,0.102501346692,0.102501346692,0.123932572306,0.45138582141
155,0.116134662381,0.102096386918,0.102096386918,0.102096386918,0.123596221243,0.453979955624
156,0.117829997966,0.103500169314,0.103500169314,0.103500169314,0.125451196448,0.446218297644
157,0.117402541522,0.103038461933,0.103038461933,0.103038461933,0.125046644412,0.448435428266
158,0.115502376883,0.101286011337,0.101286011337,0.101286011337,0.123072513722,0.457567075383
159,0.117117590969,0.102616537526,0.102616537526,0.102616537526,0.124844060718,0.450188735734
160,0.117339557996,0.102083380509,0.102083380509,0.102083380509,0.124349630845,0.452060669631
161,0.117011030321,0.101708432787,0.101708432787,0.101708432787,0.123228473102,0.454635198216
162,0.114105979687,0.0990964567851,0.0990964567851,0.0990964567851,0.120207951015,0.468396698943
163,0.113055267513,0.0980979852445,0.0980979852445,0.0980979852445,0.119139594894,0.47351118186
164,0.111165743322,0.0963739868925,0.0963739868925,0.0963739868925,0.129980278562,0.469732017438
165,0.110761475211,0.0959394322942,0.0959394322942,0.0959394322942,0.129240140871,0.472180087035
166,0.106751243874,0.0923848845715,0.0923848845715,0.0923848845715,0.124678114277,0.491415988134
167,0.106732894819,0.0922881262363,0.0922881262363,0.0922881262363,0.124774017567,0.491628708905
168,0.106263269038,0.0918016052942,0.0918016052942,0.0918016052942,0.12434193808,0.493989976999
169,0.105914142203,0.0914198743538,0.0914198743538,0.0914198743538,0.122907997465,0.496918237271
170,0.107481029563,0.0926911025849,0.0926911025849,0.0926911025849,0.124836817103,0.489608845579
171,0.107330055511,0.0924798566323,0.0924798566323,0.0924798566323,0.124771932885,0.490458441707
172,0.106303029389,0.0920647088611,0.0920647088611,0.0920647088611,0.124430846451,0.493071997577
173,0.105319717685,0.0916448521129,0.0916448521129,0.0916448521129,0.124081793518,0.495663932458
174,0.104860447748,0.0911714630496,0.0911714630496,0.0911714630496,0.123658515293,0.49796664781
175,0.102612446292,0.0891448144772,0.0891448144772,0.0891448144772,0.121122912555,0.508830197721
176,0.102142262272,0.0886646174173,0.0886646174173,0.0886646174173,0.120682884142,0.511181001335
177,0.101671957908,0.0881850340022,0.0881850340022,0.0881850340022,0.120241764043,0.513531176042
178,0.0990610809842,0.0858510459096,0.0858510459096,0.0858510459096,0.117265742849,0.526120038438
179,0.0985789827575,0.0853641829333,0.0853641829333,0.0853641829333,0.116806328329,0.528522140114
180,0.0983885574552,0.0851304200795,0.0851304200795,0.0851304200795,0.116691864068,0.529528318239
181,0.097908096553,0.0846462297063,0.0846462297063,0.0846462297063,0.116232756087,0.531920458241
182,0.0926951405261,0.0800746052159,0.0800746052159,0.0800746052159,0.110149071238,0.556931972589
183,0.0921921683802,0.0795757419588,0.0795757419588,0.0795757419588,0.109655860243,0.5594247455
184,0.0937148465749,0.0808246612717,0.0808246612717,0.0808246612717,0.111573269335,0.552237900275
185,0.0932807250481,0.0803852257249,0.0803852257249,0.0803852257249,0.110530207533,0.555033390244
186,0.0947622365062,0.0815959216792,0.0815959216792,0.0815959216792,0.112389272111,0.548060726345
187,0.0943753117056,0.0811970736004,0.0811970736004,0.0811970736004,0.111007909352,0.551025558141
188,0.0941820204317,0.0809652775374,0.0809652775374,0.0809652775374,0.110877272877,0.552044874079
189,0.091935078959,0.0789697725746,0.0789697725746,0.0789697725746,0.108326520663,0.562829082654
190,0.0914455064241,0.0784857533261,0.0784857533261,0.0784857533261,0.107843734473,0.565253499125
191,0.0888622522866,0.0762069545229,0.0762069545229,0.0762069545229,0.104888741323,0.577628142822
192,0.0877944175652,0.0752303391067,0.0752303391067,0.0752303391067,0.10371879619,0.582795768925
193,0.0872599629438,0.0747119324041,0.0747119324041,0.0747119324041,0.103587307289,0.585016932555
194,0.084148578177,0.071989731763,0.071989731763,0.071989731763,0.0999830264678,0.599899200066
195,0.0841740595557,0.0719533260104,0.0719533260104,0.0719533260104,0.100102689475,0.599863272939
196,0.0836705219489,0.0714650837421,0.0714650837421,0.0714650837421,0.0995927966418,0.602341430183
197,0.0812928686145,0.0693781484907,0.0693781484907,0.0693781484907,0.0968491637861,0.613723522127
198,0.0785928082493,0.0670196092716,0.0670196092716,0.0670196092716,0.0937161006457,0.62663226329
199,0.076537431105,0.0652141433525,0.0652141433525,0.0652141433525,0.0913467838347,0.636473355003
200,0.0748601878039,0.0637334829038,0.0637334829038,0.0637334829038,0.0894248599456,0.644514503539
201,0.0747213890962,0.0635638954919,0.0635638954919,0.0635638954919,0.0893388319378,0.64524809249
202,0.0747123525522,0.0635048372781,0.0635048372781,0.0635048372781,0.0894078643966,0.645365271217
203,0.0737372172037,0.0626253213267,0.0626253213267,0.0626253213267,0.0883197904383,0.650067028378
204,0.0732268638521,0.0621416078699,0.0621416078699,0.0621416078699,0.0877868968653,0.652561415673
205,0.0677887305016,0.057480214503,0.057480214503,0.057480214503,0.0813401072108,0.678430518779
206,0.0673260078399,0.0570417144839,0.0570417144839,0.0570417144839,0.080098207206,0.681450641502
207,0.0684798904451,0.0579724416179,0.0579724416179,0.0579724416179,0.0815400528954,0.676062731806
208,0.0687602715645,0.0574465456707,0.0574465456707,0.0574465456707,0.0809342763508,0.677965815073
209,0.0683012821855,0.0570135423115,0.0570135423115,0.0570135423115,0.079731373606,0.680926717274
210,0.0678127980952,0.056556648502,0.056556648502,0.056556648502,0.0789449052786,0.68357235112
211,0.0678323346332,0.0565238321791,0.0565238321791,0.0565238321791,0.0790251005524,0.683571068277
212,0.0660409902552,0.0549833558206,0.0549833558206,0.0549833558206,0.0769941480952,0.692014794188
213,0.0672292561014,0.0559240743463,0.0559240743463,0.0559240743463,0.0784365162291,0.686562004631
214,0.0667302636186,0.0554608053504,0.0554608053504,0.0554608053504,0.0779109822974,0.688976338033
215,0.0665335823423,0.0552493370696,0.0552493370696,0.0552493370696,0.0777378626891,0.68998054376
216,0.0649275494869,0.0538688876964,0.0538688876964,0.0538688876964,0.0759165650048,0.697549222419
217,0.0644339306099,0.0534129363627,0.0534129363627,0.0534129363627,0.0753942128786,0.699933047423
218,0.0655661441616,0.0543043107193,0.0543043107193,0.0543043107193,0.0767748328715,0.694746090809
219,0.065214719311,0.0539663596419,0.0539663596419,0.0539663596419,0.0764188880052,0.696467313758
220,0.066309107104,0.0548243518859,0.0548243518859,0.0548243518859,0.0777578266338,0.691460010605
221,0.0673854905482,0.0556659407768,0.0556659407768,0.0556659407768,0.0790775447769,0.686539142344
222,0.0684440874817,0.056491346854,0.056491346854,0.056491346854,0.0803782542081,0.681703617748
223,0.0677103911014,0.055837266116,0.055837266116,0.055837266116,0.079574478817,0.685203331734
224,0.0674462149387,0.0555711313877,0.0555711313877,0.0555711313877,0.0793216814481,0.68651870945
225,0.0649293025288,0.053450925183,0.053450925183,0.053450925183,0.0764171640268,0.698300757895
226,0.063394637231,0.0521422590144,0.0521422590144,0.0521422590144,0.0746652542892,0.705513331437
227,0.0629218087822,0.0517084301307,0.0517084301307,0.0517084301307,0.0741622803595,0.707790620466
228,0.0624509397737,0.0512769240013,0.0512769240013,0.0512769240013,0.0736608462068,0.710057442016
229,0.0618653361774,0.050752004115,0.050752004115,0.050752004115,0.0730232153445,0.712855436133
230,0.057091717158,0.0467952484458,0.0467952484458,0.0467952484458,0.0674376657026,0.735084871802
231,0.056628739041,0.0463754755029,0.0463754755029,0.0463754755029,0.0669394537202,0.73730538073
232,0.0560677985993,0.0459631822998,0.0459631822998,0.0459631822998,0.0664502921258,0.739592362375
233,0.0559895347114,0.0458595549453,0.0458595549453,0.0458595549453,0.0664063571585,0.740025443294
234,0.0518300041627,0.0424160881709,0.0424160881709,0.0424160881709,0.0615181760792,0.759403555245
235,0.0479375497697,0.0391968885222,0.0391968885222,0.0391968885222,0.0569399980439,0.77753178662
236,0.0479066344114,0.0391379266643,0.0391379266643,0.0391379266643,0.0569451427168,0.777734442879
237,0.0471534325317,0.0387598648012,0.0387598648012,0.0387598648012,0.0564851310345,0.78008184203
238,0.0468025896496,0.0384395327382,0.0384395327382,0.0384395327382,0.0561077693979,0.781771042738
239,0.0462913618988,0.037988089206,0.037988089206,0.037988089206,0.05727168059,0.782472689893
240,0.045751331873,0.0375137524102,0.0375137524102,0.0375137524102,0.0566542003383,0.785053210558
241,0.0453474221604,0.0371516960987,0.0371516960987,0.0371516960987,0.0562042788489,0.786993210695
242,0.0449263795388,0.0367761903341,0.0367761903341,0.0367761903341,0.0557322531021,0.789012796357
243,0.0435276409308,0.035601616872,0.035601616872,0.035601616872,0.0540453971501,0.795622111303
244,0.043144454456,0.0352589072902,0.0352589072902,0.0352589072902,0.053617550238,0.797461273435
245,0.0424591123832,0.0349050245979,0.0349050245979,0.0349050245979,0.0531710448854,0.799654768938
246,0.0420820140058,0.034567251815,0.034567251815,0.034567251815,0.0527474207071,0.801468809842
247,0.0416486729115,0.0341838365953,0.0341838365953,0.0341838365953,0.0522524076578,0.803547409645
248,0.041028159387,0.0336475129924,0.0336475129924,0.0336475129924,0.0515213934157,0.80650790822
249,0.0404432889246,0.0331412359587,0.0331412359587,0.0331412359587,0.0554774515525,0.804655551647
250,0.0402788961777,0.0329800336623,0.0329800336623,0.0329800336623,0.0553224118512,0.805458590984
251,0.0399172872207,0.0326577193443,0.0326577193443,0.0326577193443,0.0542210322411,0.807888522505
252,0.037857048273,0.0309473083186,0.0309473083186,0.0309473083186,0.0514855715425,0.817815455229
253,0.0382032124176,0.0312052247892,0.0312052247892,0.0312052247892,0.0520200421376,0.816161071077
254,0.0375884977765,0.0308801604599,0.0308801604599,0.0308801604599,0.0515826512541,0.81818836959
255,0.0373677160467,0.0305453835686,0.0305453835686,0.0305453835686,0.0511270132516,0.819869119996
256,0.0368063403052,0.0300626303848,0.0300626303848,0.0300626303848,0.0504211265368,0.822584642004
257,0.0357431943836,0.0291711139814,0.0291711139814,0.0291711139814,0.0490251926904,0.827718270982
258,0.0338912801826,0.0276377660464,0.0276377660464,0.0276377660464,0.0465425269647,0.836652894713
259,0.0338399435149,0.027320522152,0.027320522152,0.027320522152,0.0461016793646,0.838096810665
260,0.0326045502677,0.0263013078749,0.0263013078749,0.0263013078749,0.0444719142133,0.844019611894
261,0.0322706445471,0.0260103703286,0.0260103703286,0.0260103703286,0.0437615786998,0.845936665767
262,0.0319296097569,0.0257141558334,0.0257141558334,0.0257141558334,0.0433498642146,0.847578058528
263,0.0319133549202,0.0256797557124,0.0256797557124,0.0256797557124,0.043378585148,0.847668792795
264,0.031062459483,0.0249743406057,0.0249743406057,0.0249743406057,0.0422714893886,0.851743029311
265,0.0308728101273,0.0248012812744,0.0248012812744,0.0248012812744,0.042062653079,0.85266069297
266,0.0302469975304,0.0242783960466,0.0242783960466,0.0242783960466,0.0412583219817,0.855659492348
267,0.0302546452718,0.0242643996847,0.0242643996847,0.0242643996847,0.0413171298462,0.855635025828
268,0.0299459799339,0.0239969352686,0.0239969352686,0.0239969352686,0.0404493920211,0.857613822239
269,0.0296251551087,0.0237201618821,0.0237201618821,0.0237201618821,0.0400611250091,0.859153234236
270,0.0299532743513,0.0239629943354,0.0239629943354,0.0239629943354,0.040550466224,0.857607276418
271,0.0296347701163,0.0236885298431,0.0236885298431,0.0236885298431,0.0401644800663,0.859135160288
272,0.029446142797,0.023518234941,0.023518234941,0.023518234941,0.0399537952554,0.860045357125
273,0.027693292627,0.0220999184168,0.0220999184168,0.0220999184168,0.0376177884572,0.868389163666
274,0.0273904272472,0.0218401012435,0.0218401012435,0.0218401012435,0.0372483046691,0.869840964353
275,0.0251532620096,0.0200396402264,0.0200396402264,0.0200396402264,0.0342445180322,0.880483299279
276,0.0250042029104,0.019904367666,0.019904367666,0.019904367666,0.0340799381014,0.88120275599
277,0.0233083243265,0.0185389950346,0.0185389950346,0.0185389950346,0.031804302422,0.889270388148
278,0.0228858179807,0.0181878490081,0.0181878490081,0.0181878490081,0.0312629748083,0.891287660187
279,0.0225529739257,0.0179084699863,0.0179084699863,0.0179084699863,0.0308430074068,0.892878608709
280,0.0222621293605,0.0176628643096,0.0176628643096,0.0176628643096,0.0304795563719,0.894269721339
281,0.0207642831313,0.0164608075575,0.0164608075575,0.0164608075575,0.0284608535679,0.901392440628
282,0.0204302994732,0.0161826146747,0.0161826146747,0.0161826146747,0.0280346249656,0.902987231537
283,0.0202615095441,0.0160356114301,0.0160356114301,0.0160356114301,0.027834335372,0.903797320794
284,0.0201202699376,0.0159106269641,0.0159106269641,0.0159106269641,0.0276714488782,0.904476400292
285,0.020073512582,0.0158604910812,0.0158604910812,0.0158604910812,0.027638248045,0.904706766129
286,0.0188207984828,0.0148583664519,0.0148583664519,0.0148583664519,0.0259426430108,0.910661459151
287,0.0185521486211,0.0146341330845,0.0146341330845,0.0146341330845,0.0256011473246,0.911944304801
288,0.0183231633264,0.0144415232317,0.0144415232317,0.0144415232317,0.0253136462113,0.913038620767
289,0.017848163278,0.0140554853144,0.0140554853144,0.0140554853144,0.0246852098059,0.915300170973
290,0.0176262109046,0.0138691882422,0.0138691882422,0.0138691882422,0.0244057014309,0.916360522938
291,0.0173442794306,0.0136360349963,0.0136360349963,0.0136360349963,0.0240423897186,0.917705225862
292,0.0170359538009,0.013382525021,0.013382525021,0.013382525021,0.023641599927,0.919174871209
293,0.0167638669468,0.0131578696773,0.0131578696773,0.0131578696773,0.0232902234112,0.92047230061
294,0.0170457993401,0.013368063876,0.013368063876,0.013368063876,0.0237085973086,0.919141411723
295,0.016119575416,0.0126311968608,0.0126311968608,0.0126311968608,0.0224455951947,0.923541238807
296,0.0159404366408,0.012480468364,0.012480468364,0.012480468364,0.022221162758,0.924396995509
297,0.0155977351013,0.0122020268327,0.0122020268327,0.0122020268327,0.0217679307177,0.926028253683
298,0.0152311540741,0.011905373139,0.011905373139,0.011905373139,0.0212802858167,0.927772440692
299,0.0149893097125,0.0117066220808,0.0117066220808,0.0117066220808,0.0209659872687,0.928924836776
300,0.0149202254803,0.0116430058769,0.0116430058769,0.0116430058769,0.0208928703937,0.929257886495
301,0.0145390354244,0.0113361371077,0.0113361371077,0.0113361371077,0.0203820263018,0.931070526951
302,0.0139893415547,0.0108984951179,0.0108984951179,0.0108984951179,0.0196335157857,0.933681657306
303,0.0140993728309,0.0109751084396,0.0109751084396,0.0109751084396,0.0198102353995,0.933165066451
304,0.0139811153204,0.0108740320353,0.0108740320353,0.0108740320353,0.0196662111857,0.933730577388
305,0.0134552263496,0.010456336794,0.010456336794,0.010456336794,0.0189478059292,0.936227957339
306,0.0126425857663,0.00981667083244,0.00981667083244,0.00981667083244,0.017823494956,0.94008390678
307,0.0125985012279,0.00977432933035,0.00977432933035,0.00977432933035,0.0177813561572,0.940297154624
308,0.011887993754,0.0092154472679,0.0092154472679,0.0092154472679,0.0167974596174,0.943668204825
309,0.0109741097648,0.00849996064413,0.00849996064413,0.00849996064413,0.0155236333413,0.948002374961
310,0.0108052129169,0.00836220305687,0.00836220305687,0.00836220305687,0.015301938246,0.948806239667
311,0.0106204156136,0.00821237283216,0.00821237283216,0.00821237283216,0.0150571808815,0.949685285008
312,0.0104570179538,0.00807931914487,0.00807931914487,0.00807931914487,0.0148422262638,0.950462798348
313,0.0103135219874,0.00796211473651,0.00796211473651,0.00796211473651,0.014655545565,0.951144588238
314,0.00961562749563,0.00741718097613,0.00741718097613,0.00741718097613,0.0136792317845,0.954453597792
315,0.00949953571254,0.00732155682047,0.00732155682047,0.00732155682047,0.0135293067625,0.955006487064
316,0.00926501694645,0.00713488680933,0.00713488680933,0.00713488680933,0.0132101718942,0.956120150731
317,0.00907420055911,0.00698214808912,0.00698214808912,0.00698214808912,0.0129526822336,0.95702667294
318,0.0090795744248,0.0069804912511,0.0069804912511,0.0069804912511,0.0129749566847,0.957003995137
319,0.00918480404743,0.00705553908191,0.00705553908191,0.00705553908191,0.0131401222472,0.95650845646
320,0.00902846013491,0.00692968994748,0.00692968994748,0.00692968994748,0.0129310050583,0.957251464964
321,0.00882462052639,0.00676762007726,0.00676762007726,0.00676762007726,0.0126532975951,0.958219221647
322,0.0089747931942,0.00687708185053,0.00687708185053,0.00687708185053,0.0128831249758,0.957510836278
323,0.00841471151852,0.00644256467972,0.00644256467972,0.00644256467972,0.0120927503747,0.960164844068
324,0.00828618438942,0.0063389008852,0.0063389008852,0.0063389008852,0.0119214624762,0.960775650479
325,0.00777135919566,0.00594013291746,0.00594013291746,0.00594013291746,0.0111933739271,0.963214868125
326,0.00782932215804,0.00597947640001,0.00597947640001,0.00597947640001,0.0112895668492,0.962942681793
327,0.00769727227113,0.00587375264611,0.00587375264611,0.00587375264611,0.0111116627403,0.96356980705
328,0.00755414615924,0.005759754868,0.005759754868,0.005759754868,0.0109173358902,0.964249253347
329,0.00748330868448,0.0057010137636,0.0057010137636,0.0057010137636,0.0108271470579,0.964586502967
330,0.00735712938522,0.00560023995103,0.00560023995103,0.00560023995103,0.0106565801503,0.965185570611
331,0.00716304817567,0.00544798528645,0.00544798528645,0.00544798528645,0.0103871504119,0.966105845553
332,0.00704252894165,0.00535188171954,0.00535188171954,0.00535188171954,0.0102238925227,0.966677933377
333,0.00691201169424,0.0052483421854,0.0052483421854,0.0052483421854,0.0100457226975,0.967297239052
334,0.00700718897641,0.00531620011993,0.00531620011993,0.00531620011993,0.0101955260375,0.966848684626
335,0.00687699306983,0.00521309800659,0.00521309800659,0.00521309800659,0.0100173646043,0.967466348306
336,0.00674931456723,0.00511206992046,0.00511206992046,0.00511206992046,0.00984245982813,0.968072015843
337,0.00674793330167,0.0051067865855,0.0051067865855,0.0051067865855,0.00985153373308,0.968080173209
338,0.00667431534302,0.00504688561693,0.00504688561693,0.00504688561693,0.00975503599073,0.968429991815
339,0.00655028212854,0.00494898979407,0.00494898979407,0.00494898979407,0.00958453938885,0.9690182091
340,0.00652427936728,0.0049252571892,0.0049252571892,0.0049252571892,0.00955724845165,0.969142700613
341,0.00630918992617,0.00475893505457,0.00475893505457,0.00475893505457,0.00925258353591,0.970161421374
342,0.00634961743339,0.0047854584386,0.0047854584386,0.0047854584386,0.00932236407318,0.969971643178
343,0.00628798598144,0.00473508049371,0.00473508049371,0.00473508049371,0.00924228063429,0.970264491903
344,0.00591037562892,0.00444703652652,0.00444703652652,0.00444703652652,0.00869704577829,0.972051469013
345,0.00582923581606,0.0043823499058,0.0043823499058,0.0043823499058,0.00858731480704,0.97243639966
346,0.00582142958071,0.00437285308495,0.00437285308495,0.00437285308495,0.00858547829193,0.972474532873
347,0.00568175213631,0.00426439410588,0.00426439410588,0.00426439410588,0.00838892316229,0.973136142384
348,0.00567834037609,0.00425830029518,0.00425830029518,0.00425830029518,0.0083933327517,0.973153425987
349,0.00569791555172,0.00426943772656,0.00426943772656,0.00426943772656,0.0084317576232,0.973062013645
350,0.00557059453565,0.00420520935844,0.00420520935844,0.00420520935844,0.00832116870431,0.973492608685
351,0.0054909260267,0.00414172986648,0.00414172986648,0.00414172986648,0.00821159929538,0.973872285078
352,0.00539786773811,0.00406825829997,0.00406825829997,0.00406825829997,0.00808171949077,0.974315637871
353,0.00535776714892,0.00403478333661,0.00403478333661,0.00403478333661,0.00803090976144,0.97450697308
354,0.00529812825862,0.00398665775836,0.00398665775836,0.00398665775836,0.00795065220836,0.974791246258
355,0.00522442219125,0.00392803054012,0.00392803054012,0.00392803054012,0.00784906510955,0.975142421079
356,0.00517911803951,0.00389083221381,0.00389083221381,0.00389083221381,0.00778995328107,0.975358432038
357,0.00489032056677,0.00367091328447,0.00367091328447,0.00367091328447,0.00736403340592,0.976732906174
358,0.00475331670366,0.00356519797951,0.00356519797951,0.00356519797951,0.00716596281657,0.977385126541
359,0.00468057848191,0.00350781382489,0.00350781382489,0.00350781382489,0.00706442320167,0.977731556842
360,0.00466016985609,0.00348970610644,0.00348970610644,0.00348970610644,0.00704171267495,0.97782899915
361,0.00464397578318,0.00347477874885,0.00347477874885,0.00347477874885,0.00702531623287,0.977906371737
362,0.00464626694036,0.00347369330266,0.00347369330266,0.00347369330266,0.00703686901058,0.977895784141
363,0.00466269666595,0.00348316927066,0.00348316927066,0.00348316927066,0.00706987686786,0.977817918654
364,0.0046497438845,0.00347069581722,0.00347069581722,0.00347069581722,0.0070583484817,0.977879820182
365,0.00448814001356,0.00334737232128,0.00334737232128,0.00334737232128,0.00682087104561,0.978648871977
366,0.0043722439595,0.00325830784185,0.00325830784185,0.00325830784185,0.00665238240252,0.979200450112
367,0.00434334403275,0.00323416416993,0.00323416416993,0.00323416416993,0.00661601419056,0.979338149267
368,0.00420333697746,0.00312739071409,0.00312739071409,0.00312739071409,0.00641011444165,0.980004376439
369,0.00418382174933,0.00311036395627,0.00311036395627,0.00311036395627,0.00638769432922,0.980097392053
370,0.00412543086047,0.00306448467383,0.00306448467383,0.00306448467383,0.00630579202606,0.980375323092
371,0.00414291745711,0.00307499578349,0.00307499578349,0.00307499578349,0.006339806286,0.980292288906
372,0.00416394710012,0.00308811561139,0.00308811561139,0.00308811561139,0.00637931854323,0.980192387522
373,0.00411652370963,0.00305048625088,0.00305048625088,0.00305048625088,0.00631392013048,0.980418097407
374,0.00406425261216,0.00300932607125,0.00300932607125,0.00300932607125,0.00624091882604,0.980666850348
375,0.00404804127019,0.00299490871091,0.00299490871091,0.00299490871091,0.00622317694354,0.980744055654
376,0.00403519637943,0.00298300125493,0.00298300125493,0.00298300125493,0.00621056727731,0.980805232578
377,0.00390587865501,0.002885078345,0.002885078345,0.002885078345,0.00601845087392,0.981420435436
378,0.00387475767943,0.00285978586494,0.00285978586494,0.00285978586494,0.00597736668037,0.981568518045
379,0.00382011935627,0.00281718912472,0.00281718912472,0.00281718912472,0.00589985937944,0.98182845389
380,0.00372944215631,0.00274810327651,0.00274810327651,0.00274810327651,0.005766442708,0.982259805306
381,0.00368188862755,0.00271087770087,0.00271087770087,0.00271087770087,0.00569946552401,0.982486012746
382,0.0037174920958,0.00273488730188,0.00273488730188,0.00273488730188,0.00576119950667,0.982316646492
383,0.00359041659971,0.00263927307659,0.00263927307659,0.00263927307659,0.00557066550593,0.982921098665
384,0.00358662565384,0.00263436312273,0.00263436312273,0.00263436312273,0.0055711861108,0.982939098867
385,0.00349492034635,0.00256493859901,0.00256493859901,0.00256493859901,0.00543498407469,0.983375279782
386,0.00336747144515,0.00246941292102,0.00246941292102,0.00246941292102,0.00524281210091,0.983981477691
387,0.00331532888284,0.00242921813712,0.00242921813712,0.00242921813712,0.00516756997451,0.984229446731
388,0.00327300457471,0.00239627476095,0.00239627476095,0.00239627476095,0.00510746899469,0.984430702148
389,0.00317650049921,0.00232374801865,0.00232374801865,0.00232374801865,0.00496257898465,0.98488967646
390,0.00315718174547,0.00230775548048,0.00230775548048,0.00230775548048,0.00493807253351,0.98498147928
391,0.00314623450628,0.00229790146038,0.00229790146038,0.00229790146038,0.0049266118735,0.985033449239
392,0.00296825218528,0.00216616338619,0.00216616338619,0.00216616338619,0.00465326121928,0.985879996437
393,0.00285356963227,0.00208079354816,0.00208079354816,0.00208079354816,0.00447862282471,0.986425426899
394,0.00284140981185,0.00207025812223,0.00207025812223,0.00207025812223,0.00446466901088,0.986483146811
395,0.00279763743298,0.0020367238782,0.0020367238782,0.0020367238782,0.0044009476235,0.986691243309
396,0.00276552284,0.00201172252033,0.00201172252033,0.00201172252033,0.00435543359691,0.986843876002
397,0.00270081606282,0.00196307069243,0.00196307069243,0.00196307069243,0.00425842039088,0.987151551469
398,0.00262746950128,0.0019082212085,0.0019082212085,0.0019082212085,0.00414754002743,0.987500326846
399,0.00259732816024,0.00188481167109,0.00188481167109,0.00188481167109,0.00410467809965,0.987643558727
400,0.00254560028315,0.00184578644431,0.00184578644431,0.00184578644431,0.004027558602,0.987889481782
401,0.00250280479516,0.00181329441235,0.00181329441235,0.00181329441235,0.00396440498521,0.988092906983
402,0.00249945370552,0.00180940816393,0.00180940816393,0.00180940816393,0.00396365193291,0.98810866987
403,0.00249236175986,0.00180282109397,0.00180282109397,0.00180282109397,0.00395695279815,0.98814222216
404,0.00241988718688,0.0017489877795,0.0017489877795,0.0017489877795,0.00384631003501,0.98848683944
405,0.00240905875184,0.001739759233,0.001739759233,0.001739759233,0.00383350414532,0.988538159404
406,0.00239819093266,0.00173051599715,0.00173051599715,0.00173051599715,0.00382060095382,0.988589660122
407,0.0023611833248,0.00170243944244,0.00170243944244,0.00170243944244,0.00376597131929,0.988765527029
408,0.0023019391779,0.00165838710773,0.00165838710773,0.00165838710773,0.00367570393128,0.989047195568
409,0.00230138045949,0.00165664934482,0.00165664934482,0.00165664934482,0.00367903972476,0.989049631781
410,0.00222481008462,0.0016002403598,0.0016002403598,0.0016002403598,0.00356072454219,0.989413744294
411,0.00219634775586,0.00157849599089,0.00157849599089,0.00157849599089,0.00351921593749,0.989548948334
