episode,omega2,omega3,omega4,omega
1,0.25,0.25,0.25,0.25
2,0.25,0.25,0.25,0.25
3,0.25,0.25,0.25,0.25
4,0.25,0.25,0.25,0.25
5,0.25,0.25,0.25,0.25
6,0.25,0.25,0.25,0.25
7,0.25,0.25,0.25,0.25
8,0.25,0.25,0.25,0.25
9,0.25,0.25,0.25,0.25
10,0.25,0.25,0.25,0.25
11,0.25,0.25,0.25,0.25
12,0.25,0.25,0.25,0.25
13,0.25,0.25,0.25,0.25
14,0.25,0.25,0.25,0.25
15,0.25,0.25,0.25,0.25
16,0.25,0.25,0.25,0.25
17,0.25,0.25,0.25,0.25
18,0.25,0.25,0.25,0.25
19,0.25,0.25,0.25,0.25
20,0.25,0.25,0.25,0.25
21,0.25,0.25,0.25,0.25
22,0.25,0.25,0.25,0.25
23,0.25,0.25,0.25,0.25
24,0.25,0.25,0.25,0.25
25,0.25,0.25,0.25,0.25
26,0.25,0.25,0.25,0.25
27,0.25,0.25,0.25,0.25
28,0.25,0.25,0.25,0.25
29,0.25,0.25,0.25,0.25
30,0.25,0.25,0.25,0.25
31,0.25,0.25,0.25,0.25
32,0.25,0.25,0.25,0.25
33,0.25,0.25,0.25,0.25
34,0.25,0.25,0.25,0.25
35,0.25,0.25,0.25,0.25
36,0.25,0.25,0.25,0.25
37,0.25,0.25,0.25,0.25
38,0.25,0.25,0.25,0.25
39,0.25,0.25,0.25,0.25
40,0.25,0.25,0.25,0.25
41,0.25,0.25,0.25,0.25
42,0.25,0.25,0.25,0.25
43,0.25,0.25,0.25,0.25
44,0.25,0.25,0.25,0.25
45,0.25,0.25,0.25,0.25
46,0.25,0.25,0.25,0.25
47,0.25,0.25,0.25,0.25
48,0.25,0.25,0.25,0.25
49,0.25,0.25,0.25,0.25
50,0.25,0.25,0.25,0.25
51,0.25,0.25,0.25,0.25
52,0.25,0.25,0.25,0.25
53,0.25,0.25,0.25,0.25
54,0.25,0.25,0.25,0.25
55,0.25,0.25,0.25,0.25
56,0.25,0.25,0.25,0.25
57,0.25,0.25,0.25,0.25
58,0.25,0.25,0.25,0.25
59,0.25,0.25,0.25,0.25
60,0.25,0.25,0.25,0.25
61,0.25,0.25,0.25,0.25
62,0.25,0.25,0.25,0.25
63,0.25,0.25,0.25,0.25
64,0.25,0.25,0.25,0.25
65,0.25,0.25,0.25,0.25
66,0.25,0.25,0.25,0.25
67,0.25,0.25,0.25,0.25
68,0.25,0.25,0.25,0.25
69,0.25,0.25,0.25,0.25
70,0.25,0.25,0.25,0.25
71,0.25,0.25,0.25,0.25
72,0.25,0.25,0.25,0.25
73,0.25,0.25,0.25,0.25
74,0.25,0.25,0.25,0.25
75,0.25,0.25,0.25,0.25
76,0.25,0.25,0.25,0.25
77,0.25,0.25,0.25,0.25
78,0.25,0.25,0.25,0.25
79,0.25,0.25,0.25,0.25
80,0.25,0.25,0.25,0.25
81,0.25,0.25,0.25,0.25
82,0.25,0.25,0.25,0.25
83,0.25,0.25,0.25,0.25
84,0.25,0.25,0.25,0.25
85,0.25,0.25,0.25,0.25
86,0.25,0.25,0.25,0.25
87,0.25,0.25,0.25,0.25
88,0.25,0.25,0.25,0.25
89,0.25,0.25,0.25,0.25
90,0.25,0.25,0.25,0.25
91,0.25,0.25,0.25,0.25
92,0.25,0.25,0.25,0.25
93,0.25,0.25,0.25,0.25
94,0.25,0.25,0.25,0.25
95,0.248572380867,0.248572380867,0.248572380867,0.2542828574
96,0.248557107108,0.248557107108,0.248557107108,0.254328678676
97,0.248600479844,0.248600479844,0.248600479844,0.254198560468
98,0.248585820274,0.248585820274,0.248585820274,0.254242539178
99,0.248571159033,0.248571159033,0.248571159033,0.254286522902
100,0.24855649612,0.24855649612,0.24855649612,0.25433051164
101,0.248541831536,0.248541831536,0.248541831536,0.254374505392
102,0.248584128678,0.248584128678,0.248584128678,0.254247613967
103,0.248570031176,0.248570031176,0.248570031176,0.254289906473
104,0.248555932128,0.248555932128,0.248555932128,0.254332203615
105,0.248596136442,0.248596136442,0.248596136442,0.254211590674
106,0.286108601537,0.236168265723,0.236168265723,0.241554867017
107,0.286523273615,0.236078864535,0.236078864535,0.241318997315
108,0.286935434264,0.235986937401,0.235986937401,0.241090690934
109,0.287295529703,0.235851817029,0.235851817029,0.241000836239
110,0.286146978807,0.23621592696,0.23621592696,0.241421167274
111,0.286492646998,0.236085576687,0.236085576687,0.241336199627
112,0.286889753583,0.235997268387,0.235997268387,0.241115709643
113,0.28728476491,0.235906820586,0.235906820586,0.240901593917
114,0.287632155119,0.235776925788,0.235776925788,0.240813993305
115,0.287979794059,0.23564696231,0.23564696231,0.240726281321
116,0.28684731087,0.236006835974,0.236006835974,0.241139017183
117,0.287181518312,0.235881313479,0.235881313479,0.241055854731
118,0.287515956551,0.235755727704,0.235755727704,0.240972588041
119,0.287850625379,0.235630078734,0.235630078734,0.240889217153
120,0.286759648191,0.235976118956,0.235976118956,0.241288113897
121,0.287081815605,0.2358546022,0.2358546022,0.241208979995
122,0.287404197512,0.235733027077,0.235733027077,0.241129748335
123,0.287776249566,0.235651891659,0.235651891659,0.240919967116
124,0.288099504693,0.235530497381,0.235530497381,0.240839500544
125,0.287035501454,0.235868058191,0.235868058191,0.241228382165
126,0.287347076633,0.235750524115,0.235750524115,0.241151875136
127,0.287706827686,0.23567223436,0.23567223436,0.240948703593
128,0.288019220925,0.235554870931,0.235554870931,0.240871037213
129,0.288331814638,0.235437452672,0.235437452672,0.240793280017
130,0.288690926738,0.235357740867,0.235357740867,0.240593591528
131,0.289004315362,0.235240474509,0.235240474509,0.24051473562
132,0.287944117943,0.235577658678,0.235577658678,0.240900564701
133,0.288246542992,0.235464015527,0.235464015527,0.240825425954
134,0.287243548874,0.235782220205,0.235782220205,0.241192010716
135,0.286302526756,0.236079886471,0.236079886471,0.241537700302
136,0.286584930816,0.235972849294,0.235972849294,0.241469370595
137,0.286913388152,0.235903497149,0.235903497149,0.241279617549
138,0.287196492393,0.23579662011,0.23579662011,0.241210267386
139,0.287479762103,0.235689698131,0.235689698131,0.241140841636
140,0.286558627552,0.235981160262,0.235981160262,0.241479051924
141,0.286877468981,0.235913910381,0.235913910381,0.241294710257
142,0.287152204828,0.235810168711,0.235810168711,0.241227457751
143,0.286267604199,0.236089924071,0.236089924071,0.241552547659
144,0.286533828119,0.235988995412,0.235988995412,0.241488181056
145,0.286800198948,0.235888027097,0.235888027097,0.241423746859
146,0.287110448754,0.235822939316,0.235822939316,0.241243672615
147,0.287377443747,0.235722114329,0.235722114329,0.241178327595
148,0.287644585721,0.235621249463,0.235621249463,0.241112915354
149,0.286769355725,0.235898228371,0.235898228371,0.241434187533
150,0.287028443078,0.235800024836,0.235800024836,0.24137150725
151,0.287287669097,0.235701783903,0.235701783903,0.241308763098
152,0.275461266535,0.225700954811,0.267731529757,0.231106248897
153,0.275631225653,0.225542424791,0.267846227994,0.230980121563
154,0.276098315443,0.225626734741,0.267172267123,0.231102682693
155,0.276555789259,0.225702582432,0.266525020736,0.231216607574
156,0.275625243472,0.225891691457,0.267036456029,0.231446609042
157,0.27579211114,0.225738464206,0.26714355739,0.231325867263
158,0.276000302795,0.225619038989,0.267290623806,0.23109003441
159,0.276447128858,0.225694372311,0.266656023656,0.231202475174
160,0.276885356644,0.22576213025,0.266045329675,0.231307183431
161,0.27731555728,0.225822806191,0.265456975315,0.231404661214
162,0.27748866343,0.225673866996,0.265550135364,0.23128733421
163,0.276565440822,0.225867257073,0.266046438103,0.231520864002
164,0.276772251053,0.225753787515,0.266181661109,0.231292300323
165,0.276938498654,0.225607204739,0.266277802968,0.231176493639
166,0.277104766378,0.225460652265,0.266373902905,0.231060678452
167,0.2773105622,0.225346234927,0.266507929871,0.230835273001
168,0.277477111787,0.225199899442,0.266604169054,0.230718819717
169,0.277681709759,0.225084419324,0.266736895613,0.230496975304
170,0.277884954156,0.224967780476,0.266868243458,0.230279021909
171,0.278086941153,0.224850065103,0.266998305889,0.230064687855
172,0.27828775813,0.224731347912,0.267127167682,0.229853726276
173,0.278487484661,0.22461169695,0.267254906035,0.229645912355
174,0.277542013084,0.22481260579,0.267764434317,0.229880946809
175,0.277734004875,0.224694288769,0.267894119394,0.229677586962
176,0.278169267999,0.224772500197,0.267271732018,0.229786499787
177,0.277257057777,0.224965055729,0.267765540556,0.230012345938
178,0.277413516362,0.224824867368,0.267863623074,0.229897993196
179,0.277569988731,0.224684706054,0.26796166959,0.229783635625
180,0.277757096038,0.224569329411,0.268089235441,0.22958433911
181,0.277913768814,0.224429332748,0.268187370921,0.229469527516
182,0.278100124565,0.224313294123,0.268314095525,0.229272485788
183,0.278256990188,0.224173456554,0.268412312697,0.229157240561
184,0.278442638469,0.224056795746,0.268538239326,0.228962326459
185,0.278599689823,0.223917112077,0.268636531345,0.228846666755
186,0.278784671294,0.223799865829,0.268761699907,0.22865376297
187,0.27896886391,0.223681949975,0.268886048063,0.228463138052
188,0.279126253893,0.223542533487,0.26898450769,0.22834670493
189,0.279309857851,0.223424101813,0.269108174335,0.228157866001
190,0.278366455257,0.223626000403,0.269618033164,0.228389511177
191,0.278805822766,0.223719629206,0.268963931244,0.228510616785
192,0.279236683749,0.223805923473,0.268333138654,0.228624254124
193,0.279417351041,0.22369142196,0.268450763665,0.228440463334
194,0.279572378469,0.223556382973,0.268543699541,0.228327539016
195,0.279998746768,0.223638079748,0.267927200659,0.228435972824
196,0.279071972041,0.223840556837,0.268419658479,0.228667812643
197,0.279485753963,0.22391906171,0.267822143473,0.228773040854
198,0.278595595001,0.224111785762,0.26829762196,0.228994997277
199,0.277744074637,0.224292296173,0.268759110786,0.229204518404
200,0.277885486642,0.224164367179,0.268851292558,0.229098853621
201,0.277064845839,0.224334999509,0.269301824798,0.229298329853
202,0.277227040879,0.224229514581,0.26942118947,0.22912225507
203,0.277623545453,0.22431331915,0.268830630948,0.229232504448
204,0.276828000778,0.224477799194,0.269268971624,0.229425228404
205,0.27696109976,0.224353938703,0.269361697555,0.229323263982
206,0.277119625752,0.224250670808,0.269479119145,0.229150584295
207,0.277277489771,0.224146841967,0.269595860066,0.228979808196
208,0.277667676262,0.224230600647,0.269012628023,0.229089095068
209,0.277826532825,0.224127329941,0.269125359248,0.228920777986
210,0.277040846024,0.224290379554,0.269558151403,0.22911062302
211,0.277194501047,0.224188090013,0.269672324577,0.228945084362
212,0.276435408469,0.224342770175,0.270095866773,0.229125954584
213,0.275705541359,0.224488215361,0.270508817409,0.229297425871
214,0.276081263356,0.224576333054,0.269932035907,0.229410367683
215,0.275375638727,0.224715717283,0.27033293891,0.22957570508
216,0.275494593006,0.224599317213,0.270426358877,0.229479730904
217,0.275613547934,0.224482936114,0.270519761329,0.229383754623
218,0.27598202373,0.224569611403,0.269953097834,0.229495267033
219,0.276344017864,0.224650650491,0.269404292594,0.229601039051
220,0.27669987894,0.224726352134,0.268872394605,0.22970137432
221,0.276003085119,0.224867217338,0.269261357364,0.229868340179
222,0.276145751826,0.224774005923,0.269370258442,0.229709983809
223,0.275470458366,0.224908113004,0.269751800003,0.229869628626
224,0.275815716315,0.224984390698,0.269229701305,0.229970191683
225,0.275161486808,0.225113210422,0.269600818805,0.230124483965
226,0.275498263014,0.225186822596,0.269092552113,0.230222362277
227,0.316200871145,0.212466661123,0.254093358819,0.217239108913
228,0.31653651304,0.212318339144,0.254117073842,0.217028073975
229,0.315270383677,0.212642520807,0.254706639535,0.217380455981
230,0.315811843277,0.212640117817,0.254149028455,0.217399010451
231,0.316347909365,0.212633464551,0.253605405425,0.217413220659
232,0.316653423795,0.212471502918,0.253606456572,0.217268616714
233,0.317185697531,0.212461357818,0.253073702665,0.217279241987
234,0.317713072583,0.212447339289,0.252553682491,0.217285905637
235,0.318046939099,0.212303565019,0.252570151016,0.217079344865
236,0.318380340371,0.212159344234,0.252585973176,0.21687434222
237,0.31711068613,0.212489746976,0.253167161433,0.217232405461
238,0.317436330722,0.212347417176,0.253185426446,0.217030825656
239,0.317761557084,0.212204680092,0.25320309305,0.216830669774
240,0.316522606975,0.212525362406,0.253774009916,0.217178020703
241,0.317037562837,0.212516633716,0.253257023699,0.217188779748
242,0.31733358528,0.212360833661,0.253256360426,0.217049220632
243,0.317652971881,0.212220572512,0.253274105707,0.216852349901
244,0.316437009224,0.212535058814,0.253834855531,0.217193076431
245,0.316749204232,0.212396568733,0.253854895648,0.216999331387
246,0.317061031945,0.212257716808,0.253874396624,0.216806854624
247,0.315873330742,0.212563248957,0.254425692016,0.217137728285
248,0.316376517458,0.212559330306,0.25391163235,0.217152519886
249,0.316682755903,0.212422766143,0.253931188104,0.21696328985
250,0.317182651434,0.212415782475,0.253426906149,0.216974659943
251,0.316016632806,0.212716759745,0.253965979812,0.217300627636
252,0.316296170388,0.212568089037,0.253968467912,0.217167272662
253,0.316575818149,0.212419430252,0.253970846057,0.217033905541
254,0.315435821092,0.212711938327,0.254500937534,0.217351303047
255,0.315730933768,0.21257962094,0.254523006781,0.21716643851
256,0.316025711007,0.212446974759,0.254544585378,0.216982728856
257,0.314910716464,0.212731561093,0.255066330681,0.217291391762
258,0.315199247726,0.212600464072,0.255089927865,0.217110360338
259,0.315487473599,0.212469064133,0.255113066513,0.216930395755
260,0.315973229447,0.212470393584,0.254607150764,0.216949226205
261,0.306956150583,0.206090997901,0.247135175384,0.239817676132
262,0.307186251153,0.20592970858,0.247114320737,0.23976971953
263,0.307416428893,0.205768481684,0.247093391235,0.239721698188
264,0.306285892099,0.206011429878,0.247557997376,0.240144680647
265,0.306713131069,0.20598794469,0.247041608175,0.240257316066
266,0.305612075515,0.206222811941,0.247493602172,0.240671510372
267,0.304544080087,0.206447596061,0.247933992168,0.241074331684
268,0.303507570105,0.206662777585,0.248363331122,0.241466321189
269,0.302501068762,0.206868807172,0.248782137627,0.241847986439
270,0.301523189682,0.207066107886,0.249190898524,0.242219803908
271,0.301922649367,0.207050965746,0.248683066394,0.242343318493
272,0.302317988977,0.207032640803,0.248186202947,0.242463167273
273,0.301358990282,0.207225891016,0.248584117734,0.242831000969
274,0.300426386913,0.207411087796,0.248972786757,0.243189738533
275,0.295584456433,0.20379151006,0.244791620699,0.255832412809
276,0.295940732158,0.203760425593,0.244293050304,0.256005791945
277,0.296112942956,0.20360249052,0.244264792088,0.256019774436
278,0.296517561297,0.203604192012,0.244428034819,0.255450211872
279,0.29687288276,0.203571710533,0.243936693725,0.255618712982
280,0.297224552144,0.203536441754,0.24345519017,0.255783815932
281,0.297628703468,0.203536784576,0.24361192257,0.255222589386
282,0.297978842353,0.203499865167,0.243138687012,0.255382605468
283,0.298380589373,0.203497868674,0.243290336727,0.254831205226
284,0.285140604648,0.194204354756,0.232326640121,0.288328400474
285,0.285673103593,0.194303154459,0.232592095881,0.287431646067
286,0.285794737435,0.194122254338,0.232522765784,0.287560242443
287,0.285916337745,0.193941464765,0.232453386987,0.287688810503
288,0.286444686812,0.194036338288,0.232714439168,0.286804535733
289,0.286727894585,0.193964765353,0.232217984915,0.287089355147
290,0.287007857405,0.193890837499,0.231730377104,0.287370927991
291,0.287132237114,0.193711790326,0.231659249876,0.287496722684
292,0.286119092814,0.193841717216,0.231957675635,0.288081514334
293,0.286643698549,0.193937462855,0.232215453783,0.287203384813
294,0.286765517203,0.193760452482,0.232146669566,0.28732736075
295,0.286887305227,0.193583548068,0.232077839065,0.28745130764
296,0.287407937247,0.193675539252,0.232331399913,0.286585123588
297,0.28792147382,0.193762163299,0.232578742982,0.285737619899
298,0.28842818389,0.193843621533,0.232820098328,0.284908096248
299,0.288928323194,0.193920105391,0.233055684711,0.284095886705
300,0.287915942246,0.194057533871,0.23336476242,0.284661761462
301,0.286929268194,0.194187613996,0.233665290583,0.285217827227
302,0.287208816076,0.194124014451,0.233177155017,0.285490014455
303,0.286243055884,0.194248563275,0.233468893393,0.286039487447
304,0.28651572924,0.194184152696,0.232988825649,0.286311292415
305,0.285570074398,0.194303384814,0.233272100829,0.286854439959
306,0.285683460801,0.194134474049,0.233209492741,0.286972572409
307,0.286170560379,0.194219312629,0.233451731827,0.286158395165
308,0.286285413063,0.19405130722,0.233390076521,0.286273203196
309,0.286400239162,0.19388339794,0.233328378286,0.286387984612
310,0.286883941912,0.193965003875,0.233566980329,0.285584073885
311,0.285944108098,0.194085030676,0.233852078089,0.286118783137
312,0.286418620654,0.194164249783,0.234088235743,0.28532889382
313,0.286887171379,0.194238931587,0.234319119326,0.284554777708
314,0.287349971047,0.194309234873,0.234544910778,0.283795883301
315,0.287807220767,0.194375311143,0.234765783697,0.283051684392
316,0.288085186728,0.194319988138,0.234284801015,0.283310024118
317,0.27548815368,0.185590870184,0.223893306546,0.31502766959
318,0.276050919276,0.185737676868,0.224203492658,0.314007911198
319,0.276606023201,0.185878678515,0.224506956839,0.313008341444
320,0.276822439445,0.185791724919,0.224010782991,0.313375052645
321,0.275855191828,0.185874342219,0.22424185673,0.314028609222
322,0.276402989306,0.186013815148,0.224541756281,0.313041439265
323,0.276473006717,0.185831521349,0.224453290303,0.313242181631
324,0.276686173607,0.185745493675,0.223963049729,0.313605282989
325,0.269604260049,0.18076808666,0.218087824725,0.331539828566
326,0.270206337081,0.180948390016,0.218431845877,0.330413427025
327,0.26923423487,0.181006054369,0.21862806303,0.331131647731
328,0.269408734495,0.180902905695,0.218131700024,0.331556659785
329,0.268455024846,0.180955838434,0.218320432692,0.332268704029
330,0.266676966416,0.179541279513,0.216737790338,0.337043963733
331,0.265737916887,0.179582650104,0.216911832667,0.337767600341
332,0.265894596717,0.179475279056,0.216417648006,0.338212476221
333,0.26592163288,0.179280506045,0.216305064598,0.338492796476
334,0.26499657434,0.179318103529,0.216472802232,0.339212519898
335,0.265147759106,0.179210099374,0.21598434234,0.339657799179
336,0.291412351534,0.17262364543,0.208162629576,0.32780137346
337,0.290213144767,0.17273430972,0.208412510213,0.328640035301
338,0.290936276702,0.172897516822,0.20872603611,0.327440170366
339,0.289759883794,0.173004363348,0.208971769523,0.328263983335
340,0.289859759383,0.172800127624,0.208841746508,0.328498366485
341,0.288704547669,0.172901099618,0.209080585147,0.329313767567
342,0.287573747901,0.172995630624,0.209311832429,0.330118789046
343,0.287799132464,0.17287337935,0.208816267841,0.330511220345
344,0.286688016338,0.17296281649,0.20903972637,0.331309440802
345,0.285599668089,0.17304624884,0.209256106786,0.332097976286
346,0.285814809437,0.172924557842,0.208766726301,0.332493906419
347,0.284744774633,0.173003253999,0.208975798694,0.333276172674
348,0.285449662646,0.17318194185,0.2093058861,0.332062509404
349,0.286145554536,0.173354307041,0.209628626041,0.330871512383
350,0.285091494766,0.173433011477,0.209838334987,0.33163715877
351,0.285775979151,0.173602005151,0.210157511975,0.330464503722
352,0.285860111332,0.173405986131,0.210034859987,0.330699042551
353,0.28607513185,0.173289458796,0.209550208327,0.331085201026
354,0.28675636257,0.173454915969,0.209863535393,0.329925186068
355,0.286842777873,0.173260267759,0.209741212076,0.330155742292
356,0.287058496786,0.173143813763,0.209262372347,0.330535317104
357,0.287145017918,0.172949523569,0.209139141791,0.330766316721
358,0.28782521732,0.17311250356,0.209447979488,0.329614299632
359,0.28804164076,0.172996128273,0.208974797541,0.329987433426
360,0.286979418206,0.173082572305,0.209189596161,0.330748413328
361,0.28593803144,0.173163517166,0.209397913462,0.331500537932
362,0.286145089649,0.173047659559,0.208930385191,0.331876865601
363,0.286349779295,0.172930358512,0.208469163915,0.332250698278
364,0.286552174531,0.17281166498,0.208014041694,0.332622118795
365,0.286752346241,0.172691627683,0.20756481975,0.332991206327
366,0.287433623944,0.172860924042,0.207873319497,0.331832132517
367,0.287634525036,0.172740920778,0.207429786536,0.332194767649
368,0.32639450125,0.163182200107,0.196049537297,0.314373761347
369,0.327230897315,0.163291620695,0.196279111855,0.313198370136
370,0.328058729669,0.163395781832,0.196502541902,0.312042946597
371,0.326625968525,0.163586948936,0.196830833525,0.312956249014
372,0.327441250083,0.16368907872,0.197052219446,0.311817451751
373,0.32764316365,0.163484204456,0.196904015066,0.311968616828
374,0.327970257651,0.163341869299,0.19644896034,0.312238912709
375,0.328782708373,0.163440770824,0.196665192036,0.311111328767
376,0.327360612401,0.163632671941,0.196993549682,0.312013165976
377,0.327683652398,0.163491541805,0.196543733376,0.31228107242
378,0.328486952911,0.163589548827,0.196757880865,0.311165617397
379,0.329282480791,0.163682772016,0.196966434392,0.3100683128
380,0.330070460407,0.163771347175,0.197169549106,0.308988643312
381,0.330400118301,0.163632050624,0.196724443759,0.309243387315
382,0.331183587656,0.163717046612,0.196922052834,0.308177312899
383,0.331959891911,0.163797634606,0.197114502685,0.307127970797
384,0.33229306673,0.163659118424,0.196674159118,0.307373655729
385,0.333065139818,0.16373631935,0.196861364857,0.306337175975
386,0.333830405078,0.163809335863,0.197043671619,0.30531658744
387,0.334589051046,0.163878281674,0.197221209091,0.304311458189
388,0.334805808214,0.163681492405,0.197078916159,0.304433783223
389,0.335145285522,0.1635447561,0.196642368479,0.304667589899
390,0.335902017933,0.163611203038,0.196815727986,0.303671051043
391,0.336242106475,0.16347428223,0.196383921076,0.303899690219
392,0.334781909267,0.163691878513,0.196737825968,0.304788386252
393,0.334996216073,0.163497205493,0.196596289472,0.304910288962
394,0.335210485996,0.16330267919,0.196454752785,0.305032082029
395,0.333769864798,0.163514454462,0.196802054211,0.305913626529
396,0.334098893722,0.163379491195,0.196374144498,0.306147470586
397,0.334849765069,0.163450395166,0.196550877334,0.30514896243
398,0.333428808892,0.163658588831,0.196892901456,0.30601970082
399,0.334169281968,0.163728282849,0.197068499037,0.305033936147
400,0.334378084403,0.163537173544,0.196930160204,0.30515458185
401,0.334586850559,0.163346205902,0.196791820407,0.305275123132
402,0.335324780568,0.163413274292,0.196964323474,0.304297621666
403,0.335535332261,0.16322303239,0.196826660363,0.304414974986
404,0.334120425828,0.163431871392,0.197170292327,0.305277410453
405,0.334326373472,0.163242684838,0.197033785195,0.305397156496
406,0.334652829637,0.1631123922,0.196607888309,0.305626889853
407,0.333256307055,0.163316091925,0.196944221082,0.306483379938
408,0.331886447441,0.163512730099,0.197272302794,0.307328519666
409,0.330542420986,0.163702526629,0.197592387262,0.308162665123
410,0.330853837886,0.163574795292,0.19717136701,0.308399999812
411,0.331047114516,0.163388710538,0.197037034699,0.308527140247
412,0.331240348856,0.163202761009,0.196902701653,0.308654188482
413,0.315101113088,0.154983775201,0.187071989291,0.34284312242
414,0.315343426248,0.154836059441,0.186643468135,0.343177046176
415,0.316182001117,0.154980658449,0.186902303511,0.341935036923
416,0.31632093019,0.154781951101,0.186747129791,0.342149988918
417,0.316459736832,0.1545834089,0.186591976722,0.342364877545
418,0.316703407223,0.154436227092,0.186167061191,0.342693304494
419,0.317541516174,0.15457846538,0.186422043562,0.341457974884
420,0.318371711834,0.154715911304,0.18667143491,0.340240941952
421,0.319194194918,0.154848684923,0.186915372504,0.339041747654
422,0.319444836566,0.154703606972,0.186494844745,0.339356711717
423,0.318058034122,0.154855796408,0.186761198372,0.340324971099
424,0.318872305888,0.154987684431,0.187003256719,0.339136752962
425,0.319679192057,0.155115089619,0.187240081955,0.337965636369
426,0.320478875848,0.155238121725,0.187471799523,0.336811202904
427,0.320626849712,0.155045137492,0.187321882457,0.337006130339
428,0.31925092906,0.155199708568,0.187591889882,0.337957472491
429,0.317899887432,0.155348032184,0.187854545415,0.338897534968
430,0.318039759944,0.155156580509,0.187706341643,0.339097317905
431,0.318179524668,0.154965282309,0.187558154977,0.339297038046
432,0.318424809324,0.154825496332,0.187140343948,0.339609350396
433,0.317086232767,0.154969990419,0.187397398563,0.340546378251
434,0.317877639817,0.155099520393,0.187636539816,0.339386299974
435,0.318662011557,0.15522476946,0.187870673966,0.338242545018
436,0.317340633423,0.155368414961,0.188127253053,0.339163698563
437,0.317581766143,0.155231406399,0.187713515731,0.339473311727
438,0.31782117835,0.155093589649,0.187304059751,0.33978117225
439,0.318600690844,0.15521893856,0.187536405784,0.338643964812
440,0.318739096414,0.155031630613,0.187391000628,0.338838272346
441,0.318877399358,0.154844469666,0.187245612643,0.339032518333
442,0.319117945285,0.154707072554,0.186839449754,0.339335532407
443,0.317797730041,0.154851282681,0.187093657535,0.340257329743
444,0.316500456955,0.154989748165,0.187341104964,0.341168689916
445,0.317273423775,0.155118069466,0.187576463091,0.340032043668
446,0.317507403218,0.154982483722,0.187174208765,0.340335904294
447,0.318276173174,0.155107555269,0.187404722005,0.339211549552
448,0.319038325631,0.155228602329,0.187630532585,0.338102539455
449,0.319275741459,0.155093957,0.18723222504,0.338398076501
450,0.319412685065,0.154910615177,0.187089518779,0.338587180979
451,0.320172754067,0.155029181951,0.18731143547,0.337486628512
452,0.32031150215,0.154846603034,0.187169498435,0.33767239638
453,0.321067074215,0.154961918093,0.187387637107,0.336583370585
454,0.32181639556,0.155073448166,0.187601347203,0.335508809071
455,0.322059755726,0.15494080262,0.187206033181,0.335793408474
456,0.32220223343,0.154759726419,0.187065176841,0.33597286331
457,0.322949663111,0.154868933377,0.187275195376,0.334906208136
458,0.321631233308,0.155022831636,0.187539421932,0.335806513125
459,0.320335462121,0.155171037167,0.187796946528,0.336696554184
460,0.307838724493,0.148881786307,0.180260424952,0.363019064248
461,0.308643781722,0.149035087773,0.180521238071,0.361799892434
462,0.307354371621,0.149146182285,0.180731092089,0.362768354005
463,0.308149605549,0.149297720034,0.180990118055,0.361562556362
464,0.347542355056,0.140640788206,0.170566577609,0.341250279129
465,0.345931964725,0.140831420821,0.170868953927,0.342367660528
466,0.346218247916,0.140675243943,0.170463162353,0.342643345787
467,0.346405096394,0.140478820088,0.170295470746,0.342820612772
468,0.346689823136,0.140322245782,0.169893196119,0.343094734963
469,0.347621929372,0.140427270437,0.170089987911,0.34186081228
470,0.347907925391,0.140270862085,0.169691361349,0.342129851175
471,0.348192384255,0.140113914701,0.169296342195,0.342397358849
472,0.349122897658,0.140216521236,0.16948853184,0.341172049266
473,0.349408650557,0.140059755164,0.169097000123,0.341434594155
474,0.34779089275,0.140254380826,0.169399579641,0.342555146783
475,0.348713214398,0.140356588803,0.169590706943,0.341339489856
476,0.347118572682,0.140547398755,0.169889059001,0.342444969562
477,0.348030129932,0.140648518591,0.170079164517,0.34124218696
478,0.348934830706,0.140745979993,0.170264969023,0.340054220278
479,0.347359050303,0.140935653913,0.170562491788,0.341142803996
480,0.347638324752,0.140783036359,0.170174456019,0.34140418287
481,0.348535258591,0.140880155146,0.170359270928,0.340225315335
482,0.34697733022,0.141067004433,0.170652755035,0.341302910312
483,0.347864023255,0.141163113082,0.170836629843,0.34013623382
484,0.346327724188,0.141346372275,0.171126135481,0.341199768056
485,0.344816023294,0.141523680344,0.171408635779,0.342251660583
486,0.345689195002,0.141621240074,0.171594706246,0.341094858678
487,0.344198046678,0.141795177099,0.171873476009,0.342133300215
488,0.34446720383,0.141647350112,0.171488842256,0.342396603803
489,0.344642249695,0.141460962174,0.171330431737,0.342566356394
490,0.345510181367,0.14155866467,0.171516081586,0.341415072377
491,0.345780476468,0.141411130011,0.171134560718,0.341673832803
492,0.344297643144,0.141583978453,0.17141046514,0.342707913263
493,0.342837909642,0.141751238895,0.171679790678,0.343731060785
494,0.341400687338,0.14191305433,0.171942702779,0.344743555553
495,0.339985406838,0.142069563067,0.172199361481,0.345745668614
496,0.340238938787,0.141924593737,0.171821203759,0.346015263716
497,0.340491082024,0.141779115356,0.171446338201,0.346283464419
498,0.339089857605,0.141931918908,0.171696874219,0.347281349267
499,0.339336973396,0.141786675878,0.171325224097,0.34755112663
500,0.339582759979,0.141640951947,0.170956720414,0.34781956766
501,0.339827246406,0.141494762311,0.170591289367,0.348086701916
502,0.340687673526,0.141604662226,0.170787654074,0.346920010175
503,0.339293594177,0.141756814274,0.171035120669,0.347914470879
504,0.337920239981,0.141903964896,0.171276711838,0.348899083285
505,0.336567102225,0.142046237387,0.171512569765,0.349874090623
506,0.336802128962,0.141902341483,0.171150182059,0.350145347496
507,0.33546528789,0.142040529243,0.171380438448,0.351113744419
508,0.33414775242,0.142174062651,0.171605224346,0.352072960583
509,0.334291010671,0.141995486206,0.171453294599,0.352260208524
510,0.33298905999,0.142124977794,0.171673345073,0.353212617143
511,0.33312894798,0.141947051078,0.171522065619,0.353401935323
512,0.367398478715,0.134512151146,0.162598414201,0.335490955937
513,0.365867956521,0.134696863685,0.162882128216,0.336553051579
514,0.366166226645,0.134543834818,0.162517453834,0.336772484703
515,0.364653381935,0.134724102132,0.162795134252,0.337827381681
516,0.36560159174,0.134813013585,0.162962565792,0.336622828884
517,0.364106787755,0.134990511247,0.163237221413,0.337665479584
518,0.36263271892,0.135163012832,0.163506013505,0.338698254744
519,0.363567886904,0.135253141892,0.163675299115,0.337503672089
520,0.364496322783,0.135339935919,0.163840649895,0.336323091403
521,0.364789333573,0.135190419326,0.163478960178,0.336541286922
522,0.364994504373,0.13500848949,0.163318624808,0.336678381328
523,0.357896973258,0.132130703479,0.179892015407,0.330080307855
524,0.358784953049,0.132205922684,0.180100854045,0.328908270222
525,0.359666548051,0.132278026233,0.180305629867,0.327749795848
526,0.360541886995,0.132347077469,0.180506421877,0.326604613659
527,0.359064681822,0.132514138264,0.180841141279,0.327580038635
528,0.359413103411,0.132391593704,0.180354596738,0.327840706147
529,0.357952531005,0.132554728164,0.18068279694,0.328809943891
530,0.358295202943,0.132432225332,0.180200784685,0.32907178704
531,0.358635828387,0.132308959693,0.179723553731,0.32933165819
532,0.359506721278,0.132380949616,0.179925288589,0.328187040517
533,0.359700799642,0.132203446872,0.179787903171,0.328307850315
534,0.358246336041,0.132366125398,0.180113190145,0.329274348416
535,0.358436788298,0.132189332662,0.179976600868,0.329397278172
536,0.356998506083,0.132347936415,0.180296701873,0.330356855629
537,0.355579525201,0.132502030878,0.180610966285,0.331307477636
538,0.355910446573,0.132381313123,0.180136169662,0.331572070643
539,0.356094048895,0.132205896337,0.180000693446,0.331699361322
540,0.354687111765,0.132356860896,0.180309631473,0.332646395866
541,0.353298750214,0.132503493902,0.180612960505,0.333584795379
542,0.353621005996,0.132383711628,0.18014171273,0.333853569645
543,0.352247475163,0.132526850772,0.180439200721,0.334786473344
544,0.353105380621,0.132610231428,0.180655559867,0.333628828084
545,0.353424923417,0.132491061195,0.180188160043,0.333895855345
546,0.353742553261,0.132371174015,0.179725256621,0.334161016102
547,0.354058311081,0.132250589438,0.179266749887,0.334424349593
548,0.352689990323,0.132393702075,0.179560745593,0.335355562009
549,0.351339324782,0.132532702363,0.179849432758,0.336278540097
550,0.350005940924,0.132667678293,0.180132921731,0.337193459052
551,0.350857242723,0.132755567942,0.180352702582,0.336034486753
552,0.351025324891,0.132584676996,0.180220914785,0.336169083328
553,0.349703160806,0.132718072523,0.180502767898,0.337075998774
554,0.349868061529,0.132547805934,0.180371654392,0.337212478145
555,0.350032883653,0.132377698652,0.180240555612,0.337348862084
556,0.348721263756,0.132508129183,0.180518683859,0.338251923203
557,0.347426048293,0.132634749357,0.180791872287,0.339147330062
558,0.348268754211,0.132726392206,0.181017605643,0.33798724794
559,0.346987130444,0.132851120908,0.181288683406,0.338873065242
560,0.34572128752,0.132972181454,0.181554998718,0.339751532308
561,0.346552958161,0.133064420536,0.181782180922,0.338600440381
562,0.347378615666,0.133153651829,0.182005448647,0.337462283859
563,0.347536539356,0.132986678387,0.181878511737,0.337598270519
564,0.346278470849,0.133108161174,0.182146102279,0.338467265697
565,0.346433428514,0.132941774071,0.182019791963,0.338605005452
566,0.345187786291,0.133060130292,0.182283363376,0.339468720041
567,0.346006099162,0.133150720655,0.182509113476,0.338334066707
568,0.344773134805,0.133267336048,0.182770750847,0.3391887783
569,0.34558326663,0.133356732186,0.182995272231,0.338064728954
570,0.34573579888,0.133192119643,0.182871236117,0.33820084536
571,0.3465418126,0.133279011545,0.183092510052,0.337086665803
572,0.347342174488,0.133363068626,0.183310077295,0.335984679591
573,0.346114268748,0.133481799569,0.183575516605,0.336828415079
574,0.346906763024,0.13356476177,0.183791975199,0.335736500007
575,0.347061247657,0.133401842779,0.183670084334,0.335866825231
576,0.345842936491,0.133519254916,0.183934180625,0.336703627968
577,0.328420056194,0.12658312635,0.174476244529,0.370520572926
578,0.328526248363,0.126414641492,0.17434111122,0.370717998926
579,0.329399943848,0.126541209274,0.174612913226,0.369445933652
580,0.330267296998,0.126664580228,0.174880550292,0.368187572481
581,0.331128421395,0.126784812095,0.175144094995,0.366942671515
582,0.331983428055,0.1269019613,0.175403618267,0.365710992378
583,0.330754338369,0.126990102417,0.175623259132,0.366632300081
584,0.331601074639,0.127105964637,0.175881449085,0.365411511638
585,0.330384100407,0.127192673236,0.17609950878,0.366323717577
586,0.331222700025,0.127307265937,0.176356384217,0.365113649821
587,0.331334364485,0.127142199871,0.176225869292,0.365297566352
588,0.332168881194,0.127254258887,0.176479478334,0.364097381586
589,0.332997667576,0.12736342105,0.176729295631,0.362909615743
590,0.333250440375,0.127251936003,0.176259395322,0.3632382283
591,0.334076055416,0.127358858404,0.176505097404,0.362059988776
592,0.332859112834,0.127450092113,0.176729262614,0.362961532439
593,0.333676954105,0.127555874915,0.176973807573,0.361793363407
594,0.334489329867,0.127658892675,0.177214730631,0.360637046827
595,0.334744797957,0.127549039441,0.176747865169,0.360958297432
596,0.335554187039,0.127649926501,0.176984839814,0.359811046646
597,0.334342080134,0.127743512394,0.177211892954,0.360702514517
598,0.334595382971,0.127634083065,0.176748779424,0.361021754541
599,0.334712113358,0.127472661771,0.17662153257,0.361193692301
600,0.333218868017,0.126699270681,0.175645708454,0.364436152847
601,0.334029873155,0.126802771116,0.175885082405,0.363282273324
602,0.332821014726,0.126893126605,0.176106422255,0.364179436413
603,0.333067043781,0.12678335127,0.175646352799,0.36450325215
604,0.331869400253,0.126871177774,0.175863235168,0.365396186805
605,0.331978600804,0.126710704885,0.175735932853,0.365574761458
606,0.332220279767,0.126600905514,0.175279522428,0.365899292292
607,0.333027991916,0.126706491858,0.175520068771,0.364745447454
608,0.333830447585,0.126809423571,0.175757143876,0.363602984968
609,0.334074983365,0.126700110833,0.175304361552,0.36392054425
610,0.33487456521,0.126800993918,0.175537665425,0.362786775447
611,0.33566904386,0.126899304587,0.175767605489,0.361664046064
612,0.334468917363,0.126991801295,0.175989683936,0.362549597405
613,0.334582051737,0.126833568586,0.175864294272,0.362720085405
614,0.334695088848,0.126675481741,0.175738922783,0.362890506628
615,0.329062034389,0.124346239568,0.172599679617,0.373992046426
616,0.327865538627,0.124426390651,0.172803194324,0.374904876398
617,0.326682442318,0.124503649786,0.17300285873,0.375811049166
618,0.325512492929,0.124578072635,0.173198743902,0.376710690534
619,0.326319551899,0.124692688015,0.17345069782,0.375537062266
620,0.327121426132,0.124804667322,0.173699202692,0.374374703854
621,0.327918198767,0.124914053225,0.17394431222,0.373223435788
622,0.326755107889,0.124990300947,0.174143464088,0.374111127076
623,0.326978588992,0.124882386357,0.173690428631,0.37444859602
624,0.327200314414,0.124773837145,0.173241665141,0.374784183299
625,0.327420318877,0.124664669787,0.172797083919,0.375117927417
626,0.326262800938,0.124739517316,0.172991318889,0.376006362857
627,0.326478721055,0.124630195944,0.172550443422,0.37634063958
628,0.327275483775,0.124742306301,0.172795440408,0.375186769516
629,0.32806722305,0.124851865739,0.173037110065,0.374043801146
630,0.328854018215,0.124958914919,0.173275503414,0.372911563453
631,0.329074952716,0.124850653101,0.172837700202,0.373236693981
632,0.327919403244,0.124928158494,0.173034300376,0.374118137886
633,0.326776402466,0.12500294501,0.173227289725,0.374993362799
634,0.325645720729,0.125075063447,0.17341673295,0.375862482874
635,0.324527133781,0.125144563405,0.173602693234,0.376725609581
636,0.32342042262,0.125211493319,0.173785232279,0.377582851783
637,0.324194942534,0.125323921937,0.174031095339,0.37645004019
638,0.324964632327,0.125433871176,0.174273721209,0.375327775288
639,0.325176690819,0.125328292568,0.173837357335,0.375657659278
640,0.324075758504,0.125395978505,0.174020460996,0.376507801995
641,0.32298636764,0.125461163136,0.174200233753,0.377352235471
642,0.32190831266,0.12552389199,0.174376733608,0.378191061742
643,0.320841392714,0.12558420955,0.174550017233,0.379024380502
644,0.320921742478,0.125432268057,0.174428261672,0.379217727792
645,0.321683108045,0.125546288977,0.17467637688,0.378094226098
646,0.320623382038,0.125605878453,0.174848929762,0.378921809747
647,0.319574457593,0.125663130099,0.175018357677,0.379744054631
648,0.320327661776,0.125777441883,0.175267425144,0.378627471196
649,0.32107619838,0.125889331523,0.175513325158,0.377521144939
650,0.321820138822,0.125998836378,0.175756104785,0.376424920016
651,0.322026041265,0.125897414404,0.175319814114,0.376756730218
652,0.320980625064,0.125956809738,0.175491907832,0.377570657366
653,0.321720402897,0.126065829772,0.175733307279,0.376480460053
654,0.321924661546,0.125964735662,0.175300287228,0.376810315565
655,0.32088607201,0.126023565547,0.175470945965,0.377619416479
656,0.319857889065,0.12608013586,0.175638584819,0.378423390257
657,0.320056484946,0.125979234431,0.175208718757,0.378755561866
658,0.320253516883,0.125877750569,0.174782704707,0.379086027841
659,0.320449014155,0.125775698497,0.174360465873,0.379414821475
660,0.31942506709,0.125831198424,0.174524014855,0.380219719632
661,0.319500860321,0.125683260551,0.174405381172,0.380410497955
662,0.320240695184,0.125796337106,0.174648965251,0.379314002459
663,0.320976031031,0.125907078587,0.174889504719,0.378227385662
664,0.321054502144,0.1257599563,0.174771880012,0.378413661545
665,0.321250544317,0.125658987013,0.174351851611,0.378738617059
666,0.320227762582,0.125715753004,0.174516669766,0.379539814648
667,0.319215060056,0.125770335934,0.174678576126,0.380336027884
668,0.319946108841,0.125882197597,0.174920191691,0.379251501872
669,0.320022115675,0.125736136107,0.174803428013,0.379438320204
670,0.320750115244,0.125846045826,0.175042543573,0.378361295356
671,0.321473764669,0.125953698375,0.175278711416,0.37729382554
672,0.322193128285,0.126059127402,0.175511973874,0.376235770439
673,0.322908269233,0.126162365924,0.175742372489,0.375186992353
674,0.321895760765,0.126221340404,0.175911266122,0.375971632709
675,0.322605154982,0.126323659678,0.176140721896,0.374930463444
676,0.320549283207,0.125344150644,0.174861158396,0.379245407753
677,0.320625170096,0.125199542004,0.174745590565,0.379429697334
678,0.319616414739,0.125254715354,0.174908846757,0.38022002315
679,0.319808565224,0.125156716784,0.174488524789,0.380546193203
680,0.320521939533,0.125262448035,0.174721542306,0.379494070126
681,0.320597236817,0.125118626969,0.174606489223,0.379677646991
682,0.321307798389,0.125222544219,0.174837176469,0.378632480924
683,0.322014299394,0.125324354529,0.175065104758,0.377596241319
684,0.322716797887,0.125424088278,0.175290312338,0.376568801497
685,0.322914991669,0.125327579262,0.174872212468,0.376885216601
686,0.323111695461,0.125230519845,0.174457768625,0.377200016068
687,0.323813932511,0.125329151134,0.174679692264,0.37617722409
688,0.324512253622,0.125425756684,0.174898965108,0.375163024586
