episode,omega1,omega2,omega3,omega4,omega5,omega
1,0.166666666667,0.166666666667,0.166666666667,0.166666666667,0.166666666667,0.166666666667
2,0.166666666667,0.166666666667,0.166666666667,0.166666666667,0.166666666667,0.166666666667
3,0.166666666667,0.166666666667,0.166666666667,0.166666666667,0.166666666667,0.166666666667
4,0.166666666667,0.166666666667,0.166666666667,0.166666666667,0.166666666667,0.166666666667
5,0.166666666667,0.166666666667,0.166666666667,0.166666666667,0.166666666667,0.166666666667
6,0.166666666667,0.166666666667,0.166666666667,0.166666666667,0.166666666667,0.166666666667
7,0.166666666667,0.166666666667,0.166666666667,0.166666666667,0.166666666667,0.166666666667
8,0.166666666667,0.166666666667,0.166666666667,0.166666666667,0.166666666667,0.166666666667
9,0.166666666667,0.166666666667,0.166666666667,0.166666666667,0.166666666667,0.166666666667
10,0.166666666667,0.166666666667,0.166666666667,0.166666666667,0.166666666667,0.166666666667
11,0.166666666667,0.166666666667,0.166666666667,0.166666666667,0.166666666667,0.166666666667
12,0.166666666667,0.166666666667,0.166666666667,0.166666666667,0.166666666667,0.166666666667
13,0.166666666667,0.166666666667,0.166666666667,0.166666666667,0.166666666667,0.166666666667
14,0.166666666667,0.166666666667,0.166666666667,0.166666666667,0.166666666667,0.166666666667
15,0.169162911577,0.166167417685,0.166167417685,0.166167417685,0.166167417685,0.166167417685
16,0.16934234919,0.166131530162,0.166131530162,0.166131530162,0.166131530162,0.166131530162
17,0.169521938304,0.166095612339,0.166095612339,0.166095612339,0.166095612339,0.166095612339
18,0.169701678963,0.166059664207,0.166059664207,0.166059664207,0.166059664207,0.166059664207
19,0.169881571215,0.166023685757,0.166023685757,0.166023685757,0.166023685757,0.166023685757
20,0.170061615102,0.16598767698,0.16598767698,0.16598767698,0.16598767698,0.16598767698
21,0.170241810672,0.165951637866,0.165951637866,0.165951637866,0.165951637866,0.165951637866
22,0.164399725046,0.160052390793,0.160052390793,0.160052390793,0.195390711781,0.160052390793
23,0.164268804641,0.159720970903,0.159720970903,0.159720970903,0.196847311749,0.159720970903
24,0.162797830174,0.159643173484,0.159643173484,0.159643173484,0.198629475891,0.159643173484
25,0.161372546296,0.158110933369,0.158110933369,0.158110933369,0.206183720228,0.158110933369
26,0.160400873979,0.157862436338,0.157862436338,0.157862436338,0.208149380668,0.157862436338
27,0.161480878103,0.158823973094,0.158823973094,0.158823973094,0.20322322952,0.158823973094
28,0.160789659337,0.158588753015,0.158588753015,0.158588753015,0.204855328603,0.158588753015
29,0.160545275298,0.158266903209,0.158266903209,0.158266903209,0.206387111867,0.158266903209
30,0.160298948317,0.157943426212,0.157943426212,0.157943426212,0.207927346836,0.157943426212
31,0.160050675814,0.157618322206,0.157618322206,0.157618322206,0.209476035363,0.157618322206
32,0.159446661523,0.157357824349,0.157357824349,0.157357824349,0.211122041082,0.157357824349
33,0.159183555799,0.157031351586,0.157031351586,0.157031351586,0.212691037858,0.157031351586
34,0.158650664598,0.156753143088,0.156753143088,0.156753143088,0.214336763049,0.156753143088
35,0.158169538706,0.156463073167,0.156463073167,0.156463073167,0.215978168627,0.156463073167
36,0.156605014485,0.154866011556,0.154866011556,0.154866011556,0.223930939291,0.154866011556
37,0.156108306425,0.154522646451,0.154522646451,0.154522646451,0.22580110777,0.154522646451
38,0.155773119407,0.154147142714,0.154147142714,0.154147142714,0.227638309738,0.154147142714
39,0.155435649396,0.153769580981,0.153769580981,0.153769580981,0.229486026681,0.153769580981
40,0.154951019018,0.153416266219,0.153416266219,0.153416266219,0.231383916105,0.153416266219
41,0.154605540326,0.153035144602,0.153035144602,0.153035144602,0.233253881266,0.153035144602
42,0.154257797682,0.152651967134,0.152651967134,0.152651967134,0.23513433378,0.152651967134
43,0.153780932112,0.152289567766,0.152289567766,0.152289567766,0.237060796825,0.152289567766
44,0.153425891302,0.151902719871,0.151902719871,0.151902719871,0.238963229215,0.151902719871
45,0.153068606127,0.151513821712,0.151513821712,0.151513821712,0.240876107025,0.151513821712
46,0.15270907939,0.15112287755,0.15112287755,0.15112287755,0.242799410411,0.15112287755
47,0.152232487848,0.150750310373,0.150750310373,0.150750310373,0.244766270659,0.150750310373
48,0.153898966589,0.152368152383,0.152368152383,0.152368152383,0.236628423878,0.152368152383
49,0.153584701077,0.152024674461,0.152024674461,0.152024674461,0.23831660108,0.152024674461
50,0.153268658286,0.151679576892,0.151679576892,0.151679576892,0.240013034147,0.151679576892
51,0.15295084008,0.151332862599,0.151332862599,0.151332862599,0.241717709526,0.151332862599
52,0.152631248497,0.150984534673,0.150984534673,0.150984534673,0.24343061281,0.150984534673
53,0.152309885748,0.150634596379,0.150634596379,0.150634596379,0.245151728736,0.150634596379
54,0.151986754222,0.15028305115,0.15028305115,0.15028305115,0.246881041177,0.15028305115
55,0.151661856484,0.149929902595,0.149929902595,0.149929902595,0.248618533136,0.149929902595
56,0.15133519528,0.149575154495,0.149575154495,0.149575154495,0.250364186739,0.149575154495
57,0.151006773534,0.149218810808,0.149218810808,0.149218810808,0.252117983234,0.149218810808
58,0.150676594352,0.148860875667,0.148860875667,0.148860875667,0.253879902982,0.148860875667
59,0.150344661023,0.148501353382,0.148501353382,0.148501353382,0.255649925451,0.148501353382
60,0.152116126516,0.150219145438,0.150219145438,0.150219145438,0.24700729173,0.150219145438
61,0.147453705854,0.145583899709,0.145583899709,0.145583899709,0.241411852921,0.174382742099
62,0.147102566092,0.145206324636,0.145206324636,0.145206324636,0.242823954728,0.174454505272
63,0.146889998453,0.144804302338,0.144804302338,0.144804302338,0.244201436595,0.174495657938
64,0.148255183436,0.146116396189,0.146116396189,0.146116396189,0.236788343081,0.176607284916
65,0.147936149003,0.145768337739,0.145768337739,0.145768337739,0.238041416473,0.176717421308
66,0.147934091199,0.14573269178,0.14573269178,0.14573269178,0.239813854447,0.175053979016
67,0.147481111474,0.145410977456,0.145410977456,0.145410977456,0.241125107742,0.175160848414
68,0.147042264195,0.145085976392,0.145085976392,0.145085976392,0.242436851857,0.17526295477
69,0.147010259479,0.145025403458,0.145025403458,0.145025403458,0.244199763861,0.173713766286
70,0.146950556063,0.144937529678,0.144937529678,0.144937529678,0.245929128294,0.172307726608
71,0.146867499822,0.144826656915,0.144826656915,0.144826656915,0.247631323908,0.171021205524
72,0.146553796498,0.144488426091,0.144488426091,0.144488426091,0.248953417395,0.171027507833
73,0.146239286416,0.144149529465,0.144149529465,0.144149529465,0.250280042002,0.171032083186
74,0.146139712134,0.144022584568,0.144022584568,0.144022584568,0.25198317781,0.169809356353
75,0.145826073961,0.143684764084,0.143684764084,0.143684764084,0.253325918356,0.169793715432
76,0.145710163507,0.143541858239,0.143541858239,0.143541858239,0.255020697256,0.168643564521
77,0.145397086402,0.143204809981,0.143204809981,0.143204809981,0.25637898759,0.168609496065
78,0.14526666971,0.143047761054,0.143047761054,0.143047761054,0.258067815618,0.167522231509
79,0.145122360156,0.142877091271,0.142877091271,0.142877091271,0.259742693273,0.166503672756
80,0.146260790053,0.143969125044,0.143969125044,0.143969125044,0.253726053425,0.16810578139
81,0.145970958055,0.143655114171,0.143655114171,0.143655114171,0.254995153424,0.168068546008
82,0.14584212323,0.143499634345,0.143499634345,0.143499634345,0.256552803207,0.167106170528
83,0.145552450597,0.143185988105,0.143185988105,0.143185988105,0.257834854858,0.167054730229
84,0.14541315531,0.143020364388,0.143020364388,0.143020364388,0.259390532632,0.166135218894
85,0.145263737142,0.142844846842,0.142844846842,0.142844846842,0.26093717359,0.165264548742
86,0.144974629706,0.142532058002,0.142532058002,0.142532058002,0.262240079268,0.165189117019
87,0.146473738651,0.143977125115,0.143977125115,0.143977125115,0.254441135765,0.167153750238
88,0.147731388006,0.14518431232,0.14518431232,0.14518431232,0.247867616773,0.168848058262
89,0.147628443525,0.145054142969,0.145054142969,0.145054142969,0.24917263952,0.168036488048
90,0.147246019675,0.144810403384,0.144810403384,0.144810403384,0.250288038478,0.168034731695
91,0.147001338487,0.144542678256,0.144542678256,0.144542678256,0.251366006266,0.168004620477
92,0.145575731583,0.143114091748,0.143114091748,0.143114091748,0.250416512148,0.174665481025
93,0.142840271214,0.140398572628,0.140398572628,0.140398572628,0.26423716285,0.171726848053
94,0.142721248289,0.140255296598,0.140255296598,0.140255296598,0.265788139921,0.170724721997
95,0.142592318892,0.140102335853,0.140102335853,0.140102335853,0.267329462263,0.169771211287
96,0.142303443049,0.139792303537,0.139792303537,0.139792303537,0.268577626708,0.169742019632
97,0.142013948703,0.139481775023,0.139481775023,0.139481775023,0.269829331733,0.169711394496
98,0.141593816495,0.139191837055,0.139191837055,0.139191837055,0.271125634121,0.169705038219
99,0.141301979813,0.138880452376,0.138880452376,0.138880452376,0.272384918869,0.16967174419
100,0.142634742445,0.140165649732,0.140165649732,0.140165649732,0.265276153148,0.171592155211
101,0.143787179227,0.141273216379,0.141273216379,0.141273216379,0.259091361038,0.173301810597
102,0.14479212652,0.142235502746,0.142235502746,0.142235502746,0.25366220494,0.1748391603
103,0.144428097203,0.141994733626,0.141994733626,0.141994733626,0.254687476228,0.174900225691
104,0.144186159958,0.1417332598,0.1417332598,0.1417332598,0.255678806195,0.174935254446
105,0.135039465466,0.132720058002,0.132720058002,0.132720058002,0.30265464149,0.164145719038
106,0.134689309774,0.132353866309,0.132353866309,0.132353866309,0.304221441265,0.164027650034
107,0.131118815928,0.128823820904,0.128823820904,0.128823820904,0.298463875936,0.183945845424
108,0.132395056506,0.130056055846,0.130056055846,0.130056055846,0.291106356357,0.1863304196
109,0.130143745964,0.127823223429,0.127823223429,0.127823223429,0.28827113982,0.198115443928
110,0.131231972001,0.12887057602,0.12887057602,0.12887057602,0.281605475032,0.200550824908
111,0.130878992454,0.128502539444,0.128502539444,0.128502539444,0.282822265829,0.200791123384
112,0.130525702995,0.128134317669,0.128134317669,0.128134317669,0.284041573784,0.201029770214
113,0.131517141847,0.129086086405,0.129086086405,0.129086086405,0.277878209211,0.203346389727
114,0.131177343106,0.128731122098,0.128731122098,0.128731122098,0.279017603128,0.203611687472
115,0.132071662022,0.129587174314,0.129587174314,0.129587174314,0.273367803356,0.20579901168
116,0.131628647827,0.129261247357,0.129261247357,0.129261247357,0.274471601614,0.206116008489
117,0.130749396001,0.12837754729,0.12837754729,0.12837754729,0.278578804881,0.205539157247
118,0.129922765076,0.127545781094,0.127545781094,0.127545781094,0.27862854254,0.208811349102
119,0.129584420364,0.127193551412,0.127193551412,0.127193551412,0.279721022833,0.209113902568
120,0.129140213474,0.126856602288,0.126856602288,0.126856602288,0.280849462971,0.209440516691
121,0.128800784292,0.126504207379,0.126504207379,0.126504207379,0.281946041241,0.209740552329
122,0.128863967904,0.126547290019,0.126547290019,0.126547290019,0.283932031067,0.20756213097
123,0.128429421261,0.126211531496,0.126211531496,0.126211531496,0.285076281372,0.207859702879
124,0.127166113779,0.124952197491,0.124952197491,0.124952197491,0.284123041661,0.213854252088
125,0.128011400935,0.125764809466,0.125764809466,0.125764809466,0.278506721021,0.216187449647
126,0.127677773264,0.125419127266,0.125419127266,0.125419127266,0.279527670749,0.216537174188
127,0.127764483115,0.125486383926,0.125486383926,0.125486383926,0.281476488304,0.214299876804
128,0.12743344546,0.125143378528,0.125143378528,0.125143378528,0.282512639859,0.214623779096
129,0.127102251984,0.12480031552,0.12480031552,0.12480031552,0.283550344534,0.214946456921
130,0.126770907773,0.124457199942,0.124457199942,0.124457199942,0.284589590121,0.215267902281
131,0.119169774306,0.116978091176,0.116978091176,0.116978091176,0.326703099006,0.203192853159
132,0.118774259358,0.116573203763,0.116573203763,0.116573203763,0.328154678242,0.20335145111
133,0.11987566895,0.117637404219,0.117637404219,0.117637404219,0.321130801084,0.206081317308
134,0.119402081459,0.11725710472,0.11725710472,0.11725710472,0.322537162522,0.206289441858
135,0.117099098957,0.114979821136,0.114979821136,0.114979821136,0.334817386765,0.203144050869
136,0.11661694448,0.114582417258,0.114582417258,0.114582417258,0.336332186858,0.203303616888
137,0.116140933195,0.114184159395,0.114184159395,0.114184159395,0.337847249504,0.203459339116
138,0.117211238611,0.115222035296,0.115222035296,0.115222035296,0.330940080976,0.206182574525
139,0.115487204853,0.113513077092,0.113513077092,0.113513077092,0.328552177254,0.215421386616
140,0.115092261663,0.113110752105,0.113110752105,0.113110752105,0.329918728255,0.215656753768
141,0.115072913551,0.112660734803,0.112660734803,0.112660734803,0.331146588559,0.21579829348
142,0.114679579129,0.112258657099,0.112258657099,0.112258657099,0.332515714756,0.216028734817
143,0.11420263801,0.111867283431,0.111867283431,0.111867283431,0.333918169254,0.216277342445
144,0.10681499023,0.104615484461,0.104615484461,0.104615484461,0.376140216166,0.20319834022
145,0.108030808313,0.105790872903,0.105790872903,0.105790872903,0.368159050045,0.206437522933
146,0.107596936021,0.105350666835,0.105350666835,0.105350666835,0.369815910518,0.206535152956
147,0.107163226612,0.104910746077,0.104910746077,0.104910746077,0.371474751817,0.206629783338
148,0.10830584183,0.106013918194,0.106013918194,0.106013918194,0.363878198619,0.20977420497
149,0.107883862974,0.105585505125,0.105585505125,0.105585505125,0.365460919715,0.209898701936
150,0.108948485254,0.106611933378,0.106611933378,0.106611933378,0.35829028943,0.212925425182
151,0.108459236314,0.106203549664,0.106203549664,0.106203549664,0.359833284594,0.213096830101
152,0.108062288389,0.105800032343,0.105800032343,0.105800032343,0.36139420398,0.213143410601
153,0.105725327935,0.103497493248,0.103497493248,0.103497493248,0.356416905937,0.227365286383
154,0.106541386605,0.104281743808,0.104281743808,0.104281743808,0.35033601292,0.230277369051
155,0.106132201577,0.103866683175,0.103866683175,0.103866683175,0.351716284928,0.230551463968
156,0.105659800643,0.103389878978,0.103389878978,0.103389878978,0.353486126084,0.230684436337
157,0.106527944983,0.104224768498,0.104224768498,0.104224768498,0.347043317511,0.233754432011
158,0.106127411232,0.103818347184,0.103818347184,0.103818347184,0.348365916073,0.234051631144
159,0.104868754461,0.102572702881,0.102572702881,0.102572702881,0.346850357243,0.240562779652
160,0.1049891545,0.102676079614,0.102676079614,0.102676079614,0.349887497493,0.237095109166
161,0.104588200433,0.102269628938,0.102269628938,0.102269628938,0.351200096017,0.237402816735
162,0.105413689759,0.103062377007,0.103062377007,0.103062377007,0.344893568802,0.240505610419
163,0.10504926552,0.102691692067,0.102691692067,0.102691692067,0.346241039463,0.240634618816
164,0.126377846131,0.0998120858604,0.0998120858604,0.0998120858604,0.339066322631,0.235119573656
165,0.125611491324,0.0990633007324,0.0990633007324,0.0990633007324,0.339056918395,0.238141688084
166,0.125290766819,0.0986674104457,0.0986674104457,0.0986674104457,0.340245067428,0.238461934416
167,0.124969591593,0.0982721038743,0.0982721038743,0.0982721038743,0.341433911266,0.238780185518
168,0.124647974092,0.0978773873023,0.0978773873023,0.0978773873023,0.342623430261,0.23909643374
169,0.125736290582,0.0985891285662,0.0985891285662,0.0985891285662,0.336369749524,0.242126574196
170,0.125423441164,0.0982015486003,0.0982015486003,0.0982015486003,0.337503893649,0.242468019387
171,0.124184295631,0.0970906800831,0.0970906800831,0.0970906800831,0.336132527557,0.248411136563
172,0.125143426578,0.0976990065223,0.0976990065223,0.0976990065223,0.330406811397,0.251352742458
173,0.125493612525,0.0978306562705,0.0978306562705,0.0978306562705,0.333217887947,0.247796530717
174,0.125186310624,0.0974499064295,0.0974499064295,0.0974499064295,0.334294524385,0.248169445702
175,0.126212053255,0.0969218339816,0.0969218339816,0.0969218339816,0.334860526836,0.248161917965
176,0.126548734405,0.0970330140406,0.0970330140406,0.0970330140406,0.337641911751,0.244710311722
177,0.126248115102,0.0966557159991,0.0966557159991,0.0966557159991,0.338734059932,0.245050676969
178,0.12517646324,0.0963638900058,0.0963638900058,0.0963638900058,0.340126245025,0.245605621718
179,0.124872229765,0.0959877160437,0.0959877160437,0.0959877160437,0.3412211761,0.245943446004
180,0.124567597876,0.0956121371979,0.0956121371979,0.0956121371979,0.342316505156,0.246279485375
181,0.125247982203,0.0959923931619,0.0959923931619,0.0959923931619,0.338205448491,0.24856938982
182,0.124948774601,0.0956216486636,0.0956216486636,0.0956216486636,0.339264629935,0.248921649473
183,0.125960090089,0.096253234732,0.096253234732,0.096253234732,0.333386455611,0.251893750105
184,0.126317383491,0.0963837095396,0.0963837095396,0.0963837095396,0.336124926583,0.248406561307
185,0.126512955689,0.0963903734548,0.0963903734548,0.0963903734548,0.338450539838,0.245865384109
186,0.124068214128,0.0943881201211,0.0943881201211,0.0943881201211,0.333690121242,0.259077304267
187,0.12376450257,0.0940180092652,0.0940180092652,0.0940180092652,0.334658245082,0.259523224552
188,0.123466550316,0.0936531543381,0.0936531543381,0.0936531543381,0.335642813217,0.259931173452
189,0.123168268077,0.0932889220803,0.0932889220803,0.0932889220803,0.336627415674,0.260337550007
190,0.12286966281,0.0929253170788,0.0929253170788,0.0929253170788,0.337612038791,0.260742347163
191,0.122570741468,0.0925623438885,0.0925623438885,0.0925623438885,0.33859666893,0.261145557936
192,0.122781730206,0.0925847427188,0.0925847427188,0.0925847427188,0.340998310183,0.258465731455
193,0.121503935278,0.0923271701805,0.0923271701805,0.0923271701805,0.342378742421,0.25913581176
194,0.121203259919,0.0919670659634,0.0919670659634,0.0919670659634,0.34337926289,0.2595162793
195,0.120334802894,0.0911775947274,0.0911775947274,0.0911775947274,0.342763310644,0.26336910228
196,0.120031243095,0.0908176027857,0.0908176027857,0.0908176027857,0.343748408913,0.263767539635
197,0.121035613079,0.0914466403296,0.0914466403296,0.0914466403296,0.337573784269,0.267050681663
198,0.120954602318,0.0912548231854,0.0912548231854,0.0912548231854,0.337329308517,0.267951619609
199,0.121546912129,0.0915706316874,0.0915706316874,0.0915706316874,0.333388069799,0.270353123009
200,0.120310834126,0.0913184738639,0.0913184738639,0.0913184738639,0.334646896503,0.271086847779
201,0.120016275306,0.0909687678274,0.0909687678274,0.0909687678274,0.335548098026,0.271529323186
202,0.118488572682,0.0896864629557,0.0896864629557,0.0896864629557,0.33298423943,0.279467799021
203,0.113058216316,0.0854576250148,0.0854576250148,0.0854576250148,0.362768372229,0.267800536411
204,0.112732361357,0.0850933368623,0.0850933368623,0.0850933368623,0.363816558749,0.268171069307
205,0.105356908616,0.0794160404916,0.0794160404916,0.0794160404916,0.404696633446,0.251698336463
206,0.106476418882,0.0801487785482,0.0801487785482,0.0801487785482,0.397616150859,0.255461094614
207,0.107537994428,0.0808357860164,0.0808357860164,0.0808357860164,0.390842799486,0.259111848037
208,0.10719189209,0.0804640578771,0.0804640578771,0.0804640578771,0.392033069507,0.259382864772
209,0.108144174117,0.0810664925189,0.0810664925189,0.0810664925189,0.385849619569,0.262806728758
210,0.109107454414,0.0816753376976,0.0816753376976,0.0816753376976,0.379584549787,0.266281982706
211,0.110022164858,0.0822460335176,0.0822460335176,0.0822460335176,0.373576616914,0.269663117676
212,0.109103567949,0.0814464182887,0.0814464182887,0.0814464182887,0.372620328923,0.273936848263
213,0.104878677643,0.0781841107387,0.0781841107387,0.0781841107387,0.360282267478,0.300286722663
214,0.104857979715,0.0780604489573,0.0780604489573,0.0780604489573,0.362314123069,0.298646550344
215,0.10563838979,0.0785325306373,0.0785325306373,0.0785325306373,0.356412707884,0.302351310415
216,0.0989975453936,0.0734937668081,0.0734937668081,0.0734937668081,0.395781092486,0.284740061696
217,0.0991597464568,0.0735122556679,0.0735122556679,0.0735122556679,0.393691980175,0.286611506364
218,0.121528309277,0.0713005070199,0.0713005070199,0.0713005070199,0.384825193559,0.279744976104
219,0.121006312248,0.070820008844,0.070820008844,0.070820008844,0.385212981612,0.281320679608
220,0.121497916925,0.0709332031349,0.0709332031349,0.0709332031349,0.388837881938,0.276864591733
221,0.119742967908,0.0697370459349,0.0697370459349,0.0697370459349,0.397152265271,0.273893629016
222,0.120901161007,0.0702387523542,0.0702387523542,0.0702387523542,0.390797763357,0.277584818573
223,0.121888038508,0.0706382927365,0.0706382927365,0.0706382927365,0.385291963942,0.280905119341
224,0.122272923264,0.0706874296556,0.0706874296556,0.0706874296556,0.388517548289,0.27714723948
225,0.120460818508,0.0694689113895,0.0694689113895,0.0694689113895,0.384749120133,0.286383327191
226,0.120148715678,0.0691188661331,0.0691188661331,0.0691188661331,0.385746895651,0.286747790271
227,0.118124144664,0.0689037333795,0.0689037333795,0.0689037333795,0.387496050988,0.28766860421
228,0.118367420336,0.0688811575889,0.0688811575889,0.0688811575889,0.390340538463,0.284648568433
229,0.119435734673,0.0693372665884,0.0693372665884,0.0693372665884,0.38422244762,0.288330017942
230,0.120459548668,0.0697650388735,0.0697650388735,0.0697650388735,0.378317465189,0.291927869522
231,0.115253812812,0.0665910844947,0.0665910844947,0.0665910844947,0.36378168728,0.321191246424
232,0.114103599494,0.065769464891,0.065769464891,0.065769464891,0.369182058899,0.319405946934
233,0.114972026014,0.0661121567781,0.0661121567781,0.0661121567781,0.363417269545,0.323274234106
234,0.112704786059,0.0646540414311,0.0646540414311,0.0646540414311,0.358022320883,0.335310768765
235,0.11209724487,0.0641523299566,0.0641523299566,0.0641523299566,0.360378275582,0.335067489679
236,0.11273355334,0.0643627910898,0.0643627910898,0.0643627910898,0.355628118454,0.338549954937
237,0.111346820848,0.063419625318,0.063419625318,0.063419625318,0.352974944692,0.345419358505
238,0.111254830738,0.0632162754827,0.0632162754827,0.0632162754827,0.354411736891,0.344684605923
239,0.10933993804,0.0629936281519,0.0629936281519,0.0629936281519,0.355741717355,0.345937460149
240,0.107261820999,0.0616533581844,0.0616533581844,0.0616533581844,0.350714640526,0.357063463922
241,0.110269854731,0.0610901925757,0.0610901925757,0.0610901925757,0.350048029163,0.356411538379
242,0.109941689747,0.060758691247,0.060758691247,0.060758691247,0.350690125199,0.357092111313
243,0.110668352248,0.0610099624793,0.0610099624793,0.0610099624793,0.345088081794,0.36121367852
244,0.108366686011,0.0595942581204,0.0595942581204,0.0595942581204,0.339502709802,0.373347829826
245,0.108035535992,0.0592661297551,0.0592661297551,0.0592661297551,0.340059584362,0.374106490381
246,0.107283985723,0.0587091979694,0.0587091979694,0.0587091979694,0.343188445307,0.373399975062
247,0.107935248321,0.0589204227273,0.0589204227273,0.0589204227273,0.337719596503,0.377583886994
248,0.108554065299,0.0591125864905,0.0591125864905,0.0591125864905,0.332421478684,0.381686696546
249,0.109141866433,0.0592866017647,0.0592866017647,0.0592866017647,0.327286390654,0.385711937618
250,0.107728503916,0.0583750306062,0.0583750306062,0.0583750306062,0.324481790854,0.392664613411
251,0.108267652658,0.058522992465,0.058522992465,0.058522992465,0.319478492136,0.396684877811
252,0.107307845271,0.0578616200922,0.0578616200922,0.0578616200922,0.323891596915,0.395215697537
253,0.106124330549,0.0570828160605,0.0570828160605,0.0570828160605,0.321732250737,0.400894970532
254,0.100336341378,0.053836894285,0.053836894285,0.053836894285,0.30552680722,0.432626168547
255,0.0987824623609,0.0535914188597,0.0535914188597,0.0535914188597,0.306227856436,0.434215424624
256,0.0972122000094,0.0526126977169,0.0526126977169,0.0526126977169,0.302705370208,0.442244336632
257,0.0944075180296,0.0509718939228,0.0509718939228,0.0509718939228,0.295284357718,0.457392442484
258,0.0939565024665,0.0506063976333,0.0506063976333,0.0506063976333,0.295185629051,0.459038675583
259,0.0938619202975,0.0504338831928,0.0504338831928,0.0504338831928,0.29342058604,0.461415844085
260,0.0919913548778,0.0493099293029,0.0493099293029,0.0493099293029,0.305058616848,0.455020240366
261,0.0898230025418,0.0480318510928,0.0480318510928,0.0480318510928,0.299249909986,0.466831534194
262,0.0901019772334,0.0480651684504,0.0480651684504,0.0480651684504,0.294443243865,0.47125927355
263,0.0903059315525,0.0480581242159,0.0480581242159,0.0480581242159,0.290190121172,0.475329574627
264,0.0893818347699,0.0474519643373,0.0474519643373,0.0474519643373,0.28850317586,0.479759096359
265,0.0872996111271,0.0462350818231,0.0462350818231,0.0462350818231,0.302408965453,0.47158617795
266,0.0847055766439,0.0447533671271,0.0447533671271,0.0447533671271,0.294807297195,0.48622702478
267,0.0839338316437,0.0442389849404,0.0442389849404,0.0442389849404,0.293499352746,0.489849860789
268,0.0834816435134,0.0438948415817,0.0438948415817,0.0438948415817,0.293295204021,0.491538627721
269,0.0817563303593,0.0428842951863,0.0428842951863,0.0428842951863,0.288588641225,0.501002142857
270,0.0801286750689,0.0426501976793,0.0426501976793,0.0426501976793,0.2890623215,0.502858410394
271,0.0793136412574,0.0421175289159,0.0421175289159,0.0421175289159,0.287490038946,0.506843733049
272,0.0777761737921,0.0418810840142,0.0418810840142,0.0418810840142,0.28791700383,0.508663570335
273,0.0779811449318,0.0418956525778,0.0418956525778,0.0418956525778,0.282781341432,0.513550555903
274,0.0775584802925,0.0415735063925,0.0415735063925,0.0415735063925,0.282583809961,0.515137190569
275,0.0757591510048,0.0405163650983,0.0405163650983,0.0591815835305,0.277338349732,0.506688185536
276,0.0705066839601,0.0376212896327,0.0376212896327,0.0550288394906,0.259335493595,0.539886403689
277,0.070609331607,0.0375901018095,0.0375901018095,0.0550593077662,0.254461650073,0.544689506935
278,0.070694403798,0.0375495252138,0.0375495252138,0.0550759839529,0.249732968834,0.549397592987
279,0.0685980569293,0.0363529149553,0.0363529149553,0.0533946353443,0.243434050574,0.561867427242
280,0.0668631143379,0.0353526553774,0.0353526553774,0.0519973240292,0.258618651114,0.551815599764
281,0.0622204087108,0.0328228516876,0.0328228516876,0.048343248955,0.241830870634,0.581959768325
282,0.0616774993122,0.0324622202664,0.0324622202664,0.0478782550423,0.240885842343,0.584633962769
283,0.0612986712872,0.0321892261651,0.0326886182851,0.0475413160297,0.240569861631,0.585712306602
284,0.0609520444321,0.0319341797082,0.0324313854397,0.0472298969487,0.2403721088,0.587080384671
285,0.0606175915844,0.0316864931768,0.0321815993354,0.0469284251516,0.240214994218,0.588370896533
286,0.0593582817094,0.0314653629176,0.031958758551,0.0466654134222,0.240246078191,0.590306105208
287,0.0589660971555,0.031187934992,0.0316787097701,0.0463179748465,0.239832375202,0.592016908034
288,0.0591697033983,0.0312260061519,0.0317191116048,0.0464386892275,0.241843965711,0.589602523907
289,0.0588837706014,0.0310059807297,0.0314973311294,0.0461752817924,0.240965202509,0.591472433238
290,0.0591407549245,0.0310720234956,0.0315661437067,0.0463376695414,0.243203846625,0.588679561707
291,0.0581352621355,0.0304758003475,0.0309621294314,0.0455114152628,0.240241520266,0.594673872557
292,0.0556449119381,0.0291054123264,0.0295714872702,0.0435250768942,0.231078078993,0.611075032578
293,0.054607570021,0.028499284714,0.0289572343397,0.0426776326279,0.227882511419,0.617375766879
294,0.0545921615109,0.0284278628001,0.028886241696,0.0426295885627,0.223114856186,0.622349289244
295,0.0530390380206,0.0275576621409,0.028003538423,0.0413818470707,0.217811356998,0.632206557346
296,0.0528700804632,0.0274087680832,0.0278537558665,0.0412152165412,0.215125058232,0.635527120814
297,0.0526440644389,0.0272308858006,0.0276744964081,0.0410043949898,0.215226864597,0.636219293766
298,0.052596077797,0.0271455426566,0.0275892690953,0.0409324497315,0.210723335893,0.641013324827
299,0.0515051882212,0.0265233856168,0.0269584138457,0.0400496512297,0.207319305282,0.647644055804
300,0.0512065739643,0.0263109489937,0.0267439528893,0.0392731094558,0.207082776198,0.649382638499
301,0.0500434140643,0.0256560938371,0.0260797443921,0.0383469751991,0.203326826256,0.656546946252
302,0.0499538821355,0.0255532216274,0.0259765915818,0.0382444166423,0.199252045769,0.661019842244
303,0.049167163426,0.0250948371889,0.0255120052867,0.0376087209409,0.197017508447,0.665599764711
304,0.0490625161444,0.0249857193741,0.0254024602858,0.0374953870415,0.193115877897,0.669938039257
305,0.0489664073085,0.0248813014916,0.0252976818319,0.0373887442132,0.189046742006,0.674419123149
306,0.0452091381863,0.0229210175233,0.0233058654565,0.0344892285332,0.175318208184,0.698756542117
307,0.0418818260289,0.021186835051,0.0215437418535,0.0319225425266,0.163138416402,0.720326638138
308,0.0411496873242,0.0207701593533,0.0211211999995,0.0313366826337,0.161000421138,0.724621849551
309,0.0408632224383,0.0205796845126,0.0209286484259,0.030704607778,0.160591636165,0.726332200681
310,0.0404176641581,0.0203100093766,0.0206555280952,0.0303416459808,0.159547998606,0.728727153783
311,0.0401950976143,0.0201532370248,0.0204972076626,0.0301465763032,0.159376056301,0.729631825094
312,0.0394878088954,0.0197545696578,0.0200928328286,0.0295886349168,0.167549084349,0.723527069352
313,0.0393583845329,0.0196460214345,0.0199835168277,0.0294643009056,0.16777782016,0.723769956139
314,0.039914017972,0.0198790492472,0.0202216517073,0.0298525413624,0.170938934326,0.719193805385
315,0.040428903222,0.0200906937133,0.0204380594666,0.0302095880782,0.173950533011,0.714882222509
316,0.0400935545215,0.0199023616653,0.0202475765195,0.0299653018081,0.173508555222,0.716282650263
317,0.0397066770437,0.0196665408249,0.0200087575699,0.0296487365993,0.172635340625,0.718333947337
318,0.0390850374257,0.0193156509051,0.0196528347002,0.0291575972707,0.170724765269,0.722064114429
319,0.0389011579635,0.0191820812309,0.0195179988776,0.0289936093273,0.170713690415,0.722691462185
320,0.0387660880926,0.0190730240387,0.0194080913815,0.028866244423,0.167056444052,0.726830108012
321,0.0384432405556,0.0188721746988,0.0192047620114,0.0285993951441,0.166425547253,0.728454880337
322,0.0380187136119,0.0186223188443,0.0189515374955,0.0282574410232,0.165343136836,0.730806852189
323,0.0352732101748,0.0172391443939,0.0175448680953,0.026192620496,0.15410704419,0.74964311265
324,0.0351068388872,0.0171197267475,0.0174242838768,0.026044992894,0.151080962663,0.753223194931
325,0.0353103193717,0.0171807108628,0.0174873075432,0.0261717471237,0.152644776643,0.751205138456
326,0.0351687443136,0.0170738211105,0.0173794590664,0.0260427285813,0.149048106606,0.755287140323
327,0.0349644724404,0.0169369507811,0.0172410798372,0.0258675415248,0.146970187153,0.758019768264
328,0.0344724334203,0.0166615180627,0.0169616272559,0.0254799557413,0.145541584682,0.760882880838
329,0.034393076576,0.016586243411,0.0168859185716,0.0253978121771,0.145847528766,0.760889420499
330,0.0324279864152,0.0156038357959,0.0158866283875,0.0239245520807,0.13812138387,0.77403561345
331,0.031456265556,0.0151026421693,0.0153771909512,0.0231861984351,0.134573947375,0.780303755514
332,0.0311181861261,0.0149071432689,0.0151789667425,0.0229158099944,0.133715266265,0.782164627603
333,0.0314082193181,0.0150126668537,0.015287249041,0.0231080237967,0.135557304544,0.779626536447
334,0.0307478091471,0.0146643592075,0.014933386068,0.0226012375855,0.13329279566,0.783760412332
335,0.030040305715,0.0142951146465,0.0145581622321,0.0220607841163,0.130800600746,0.788245032544
336,0.0276950557627,0.0131498233795,0.0133925273202,0.0203197047476,0.121121300381,0.804321588409
337,0.0274093450576,0.0129852619538,0.0132256506182,0.0200914999319,0.122219117625,0.804069124813
338,0.0269895469435,0.0127579833902,0.0129948739838,0.0197655020051,0.120883866743,0.806608226935
339,0.0267458122804,0.0126146908379,0.0128496222481,0.0195689083596,0.120326367062,0.807894599212
340,0.0258153030019,0.0121487732733,0.0123757032093,0.0188706381456,0.116657993567,0.814131588803
341,0.0258704098145,0.0121476673242,0.0123752521821,0.0188934479354,0.117428319974,0.81328490277
342,0.0257979972452,0.0120867615554,0.0123138775819,0.0188231566892,0.117621792754,0.813356414174
343,0.0255281404933,0.0119337661948,0.0121586711222,0.0186090498553,0.116910427108,0.814859945226
344,0.0248367836686,0.011584787697,0.0118037601232,0.0180883488568,0.114251440314,0.81943487934
345,0.024165203142,0.0112465043664,0.011459708255,0.0175829837118,0.111657793873,0.823887806652
346,0.024013616571,0.0111511346227,0.0113631508824,0.0174565432213,0.111452144092,0.82456341061
347,0.0244555586795,0.0113311361193,0.0115472051193,0.0177613845569,0.114009412519,0.820895303006
348,0.0244086071336,0.011284264219,0.0115000672399,0.0177109060304,0.11429793387,0.820798221507
349,0.0244288828509,0.0112685552191,0.0114846847803,0.0177092407092,0.114902969556,0.820205666884
350,0.0242387502637,0.0111560187512,0.0113706106119,0.0175551728919,0.114517045104,0.821162402377
351,0.0240802082269,0.0110584340089,0.0112717641154,0.0174242333083,0.114275310671,0.821890049669
352,0.0240956855243,0.0110409656884,0.0112545732116,0.0174193232638,0.114858653973,0.821330798339
353,0.0239550913376,0.0109521651991,0.0111646642084,0.0173016840113,0.111837178524,0.82478921672
354,0.0231414741827,0.0105566848655,0.0107620980974,0.016698602203,0.108512681486,0.830328459166
355,0.0228723341958,0.0104412470298,0.0106449951819,0.0165374713225,0.108036879408,0.831467072862
356,0.0227225904087,0.0103499367159,0.0105524791319,0.0164141576054,0.107801319571,0.832159516567
357,0.0220075997032,0.0100020841429,0.0101983760224,0.0158831113323,0.104868150483,0.837040678316
358,0.0218908068179,0.00992698956886,0.0101223603021,0.0157843540378,0.104770108239,0.837505381034
359,0.0214837861109,0.00972085776226,0.00991271281136,0.0154766873003,0.103274033135,0.84013192288
360,0.0211943431864,0.00956867275779,0.00975805692222,0.0152541949807,0.102330471153,0.841894261
361,0.0211054229069,0.00950744387347,0.00969614551398,0.0151762870671,0.102349037751,0.842165662888
362,0.0208496196917,0.00937142902549,0.00955795285382,0.0149786183265,0.10472085318,0.840521526923
363,0.0206308223237,0.00925256602972,0.00943723926411,0.0148078599669,0.104086216262,0.841785296154
364,0.0199360691724,0.00892119757142,0.00909975374406,0.0142960953062,0.101031746992,0.846715137214
365,0.0202839003265,0.00905676428656,0.0092385381459,0.0145322049342,0.103255084608,0.843633507699
366,0.020098550329,0.00895414869601,0.00913436166437,0.0143862274582,0.10277000108,0.844656710772
367,0.0202699481679,0.00901052670305,0.00919237616946,0.0144956258241,0.10411083121,0.842920691926
368,0.0196429059033,0.00871246903397,0.00888878838294,0.0140343470253,0.101342277521,0.847379212134
369,0.0195979034721,0.00867327460811,0.00884928384977,0.0139893724239,0.101563155705,0.847327009941
370,0.0194180809504,0.00857467683891,0.00874916283542,0.0138483192863,0.101082163291,0.848327596798
371,0.0190946503624,0.00841319850699,0.00858486724131,0.0136051900977,0.0998439098276,0.850458183964
372,0.0187440177533,0.008240433973,0.00840903655966,0.0133431305038,0.0984496562516,0.852813724959
373,0.0188069865526,0.00824982208025,0.0084190763591,0.0133756964353,0.0992230058767,0.851925412696
374,0.0187426199885,0.00820339530209,0.00837215413012,0.0133177124197,0.0993264957051,0.852037622454
375,0.0188147224819,0.00821673211345,0.0083862231183,0.0133567037217,0.100155379038,0.851070239527
376,0.0180971061332,0.00788584825934,0.00804895334513,0.0128354988488,0.0967669925563,0.856365600857
377,0.0182706820491,0.00794386790883,0.00810861568968,0.012946742838,0.0981328741061,0.854597217408
378,0.0179678043029,0.00779489436923,0.00795698697135,0.0127204628363,0.0969385268846,0.856621324636
379,0.0178018953431,0.00770583029663,0.00786650027873,0.0125914658272,0.0964737807765,0.857560527478
380,0.0176139187834,0.00760759103306,0.00776663667316,0.012447100042,0.0958827967038,0.858681956765
381,0.0173227063804,0.00746525907195,0.00762174517542,0.012230101963,0.0947200886779,0.860640098731
382,0.017139986353,0.00737017131698,0.0075250750024,0.0120900180266,0.0941409273115,0.861733821989
383,0.0165379087533,0.00709554361671,0.00724507079042,0.011654649335,0.0912410427145,0.86622578479
384,0.0162085535154,0.00693884702846,0.00708545887742,0.0114120856331,0.0898246546072,0.868530400339
385,0.0162682878777,0.0069490090035,0.00709622295777,0.0114436549507,0.0905596622066,0.867683163004
386,0.0165035501542,0.00703390298813,0.00718330755727,0.0115985159986,0.0922809316911,0.865399791611
387,0.0163066653445,0.00693461136046,0.00708229354345,0.0114496536609,0.0915885956662,0.866638180425
388,0.0160113253253,0.00679394804707,0.00693901341866,0.0112319876254,0.0903327375218,0.868690988062
389,0.0157977207198,0.00668847861769,0.00683166493961,0.0110719957235,0.0895269872744,0.870083152725
390,0.0156817749108,0.00662469820702,0.00676688853667,0.010980669909,0.0872789346406,0.872667033796
391,0.0153699206053,0.00647858972811,0.00661800531878,0.0107524489071,0.085921595642,0.874859439799
392,0.0153559828095,0.00645839261199,0.00659773375053,0.0107328614648,0.0862233348144,0.874631694549
393,0.0152675516234,0.00640699218046,0.00654558167557,0.0106612823827,0.0861059345437,0.875012657594
394,0.0154303236877,0.00646097119402,0.00660108866944,0.01076507919,0.0874088110787,0.87333372618
395,0.0152455747135,0.0063694882428,0.00650797702868,0.0106264483588,0.0867442040148,0.874506307641
396,0.0150415019731,0.00627032304466,0.00640700549461,0.0104746056944,0.085961574102,0.875844989691
397,0.0147437318669,0.00613259248674,0.00626661474541,0.0102578429459,0.0846324800739,0.877966737881
398,0.014587442552,0.00605415886103,0.00618680476908,0.0101398124705,0.0841056731842,0.878926108163
399,0.0142159436002,0.00588692248211,0.00601623269432,0.00987253311443,0.0823262461712,0.881682121938
400,0.0138543001343,0.00572446874562,0.00585052993986,0.00961257280408,0.0805867613125,0.884371367064
401,0.0137258773606,0.0056588565176,0.00578378857852,0.00951474837425,0.0801928620855,0.885123867083
402,0.0135810652565,0.00558676463829,0.00571041684655,0.00940574439117,0.0796977250088,0.886018283859
403,0.0134005294029,0.00550030113202,0.00562234656895,0.00927221376063,0.0789860750484,0.887218534087
404,0.0132923314871,0.00544381860746,0.00556491455684,0.00918892666482,0.078694835125,0.887815173559
405,0.0131688364746,0.00538130811151,0.00550131385901,0.00909521919482,0.0783085099547,0.888544812405
406,0.0129104230034,0.00526403656397,0.00538172089458,0.00890857786216,0.0771113872907,0.890423854385
407,0.0129501306172,0.0052685432008,0.00538662234544,0.00892779480583,0.0776906370031,0.889776272028
408,0.0127183366185,0.00516279265449,0.00527878988239,0.00875996779469,0.0766375015441,0.891442611506
409,0.0124467025394,0.00504134768278,0.00515489770661,0.00856502525226,0.0753324031843,0.893459623635
410,0.012511323421,0.00505630847888,0.0051704777386,0.0086016096712,0.0760584116014,0.892601869089
411,0.0125973474044,0.00507980906453,0.00519479254743,0.00865282119592,0.0769200567265,0.891555173061
412,0.0125219987753,0.00503825228796,0.0051525764023,0.00859319017212,0.0767981282707,0.891895854092
413,0.012097164229,0.00485654930116,0.00496702150804,0.00829404687826,0.0745207203155,0.895264497768
414,0.0118398486779,0.00474272942298,0.00485087737789,0.00811019327174,0.073258177189,0.897198174061
415,0.0117568333814,0.00469905503483,0.00480646947839,0.00804595424334,0.0730662483885,0.897625439474
416,0.0117208002975,0.00467428733813,0.00478139664586,0.00801394955557,0.0731644649388,0.897645101224
