episode,omega1,omega2,omega3,omega4,omega5,omega
1,0.166666666667,0.166666666667,0.166666666667,0.166666666667,0.166666666667,0.166666666667
2,0.166666666667,0.166666666667,0.166666666667,0.166666666667,0.166666666667,0.166666666667
3,0.166463122379,0.166463122379,0.166463122379,0.166463122379,0.166463122379,0.167684388107
4,0.166360978614,0.166360978614,0.166360978614,0.166360978614,0.166360978614,0.168195106932
5,0.166258586807,0.166258586807,0.166258586807,0.166258586807,0.166258586807,0.168707065965
6,0.166412081488,0.166412081488,0.166412081488,0.166412081488,0.166412081488,0.167939592562
7,0.194259684065,0.160793513774,0.160793513774,0.160793513774,0.160793513774,0.162566260841
8,0.199180813524,0.159752497903,0.159752497903,0.159752497903,0.159752497903,0.161809194866
9,0.204194927725,0.158693600434,0.158693600434,0.158693600434,0.158693600434,0.16103067054
10,0.20948570301,0.15775500988,0.15775500988,0.15775500988,0.15775500988,0.159494257469
11,0.214710521771,0.156673810773,0.156673810773,0.156673810773,0.156673810773,0.158594235136
12,0.22002934162,0.155574347,0.155574347,0.155574347,0.155574347,0.157673270381
13,0.225442052433,0.154456654935,0.154456654935,0.154456654935,0.154456654935,0.156731327827
14,0.230948446822,0.153320790344,0.153320790344,0.153320790344,0.153320790344,0.155768391803
15,0.23654821706,0.152166828969,0.152166828969,0.152166828969,0.152166828969,0.154784467065
16,0.242240952133,0.150994867094,0.150994867094,0.150994867094,0.150994867094,0.15377957949
17,0.248026134955,0.149805022074,0.149805022074,0.149805022074,0.149805022074,0.15275377675
18,0.253903139741,0.148597432829,0.148597432829,0.148597432829,0.148597432829,0.151707128942
19,0.25987122958,0.147372260305,0.147372260305,0.147372260305,0.147372260305,0.1506397292
20,0.265929554198,0.146129687887,0.146129687887,0.146129687887,0.146129687887,0.149551694254
21,0.27207714796,0.144869921771,0.144869921771,0.144869921771,0.144869921771,0.148443164954
22,0.278312928099,0.143593191289,0.143593191289,0.143593191289,0.143593191289,0.147314306747
23,0.284635693205,0.142299749173,0.142299749173,0.142299749173,0.142299749173,0.146165310102
24,0.291044121993,0.140989871782,0.140989871782,0.140989871782,0.140989871782,0.14499639088
25,0.297536772349,0.13966385925,0.13966385925,0.13966385925,0.13966385925,0.143807790652
26,0.227637741742,0.153522883226,0.153522883226,0.153522883226,0.153522883226,0.158270725354
27,0.230375577682,0.152940477116,0.152940477116,0.152940477116,0.152940477116,0.157862513853
28,0.208747523307,0.157199117307,0.157199117307,0.157199117307,0.157199117307,0.162456007464
29,0.210736616428,0.157038767115,0.157038767115,0.157038767115,0.157038767115,0.161108315111
30,0.212457826365,0.156667066235,0.156667066235,0.156667066235,0.156667066235,0.160873908694
31,0.201623675891,0.158792669657,0.158792669657,0.158792669657,0.158792669657,0.163205645481
32,0.202877853412,0.158513599177,0.158513599177,0.158513599177,0.158513599177,0.16306774988
33,0.204331929879,0.158383919771,0.158383919771,0.158383919771,0.158383919771,0.162132391038
34,0.205738500578,0.158209801082,0.158209801082,0.158209801082,0.158209801082,0.161422295094
35,0.207021982899,0.157934584513,0.157934584513,0.157934584513,0.157934584513,0.16123967905
36,0.208311362232,0.157658249856,0.157658249856,0.157658249856,0.157658249856,0.161055638343
37,0.200269477427,0.159239985604,0.159239985604,0.159239985604,0.159239985604,0.162770580158
38,0.20127141199,0.159020761798,0.159020761798,0.159020761798,0.159020761798,0.162645540816
39,0.201383924531,0.158099649677,0.158099649677,0.158099649677,0.162515162635,0.161801963803
40,0.202366299437,0.157862388263,0.157862388263,0.157862388263,0.162388946112,0.161657589662
41,0.20346641848,0.15771303545,0.15771303545,0.15771303545,0.162352955954,0.161041519216
42,0.204459217254,0.157476558501,0.157476558501,0.157476558501,0.16222707584,0.160884031405
43,0.205455594783,0.157239467591,0.157239467591,0.157239467591,0.162100294849,0.160725707595
44,0.205638187124,0.156380187801,0.156380187801,0.156380187801,0.165290390854,0.159930858618
45,0.206619155154,0.156128762159,0.156128762159,0.156128762159,0.165237442439,0.159757115931
46,0.207802017912,0.156025817546,0.156025817546,0.156025817546,0.164385370302,0.159735159147
47,0.208795112607,0.155776307879,0.155776307879,0.155776307879,0.164312955746,0.159563008011
48,0.20214837472,0.1498599912,0.1498599912,0.1498599912,0.158255863145,0.190015788533
49,0.202945145044,0.149495626119,0.149495626119,0.149495626119,0.158054293208,0.190513683392
50,0.204804734418,0.149907783631,0.149907783631,0.149907783631,0.158673973772,0.186797940917
51,0.205633345664,0.149558845544,0.149558845544,0.149558845544,0.158488342499,0.187201775205
52,0.207344502679,0.149846105197,0.149846105197,0.149846105197,0.158977031362,0.184140150367
53,0.199247873855,0.151199300984,0.151199300984,0.151199300984,0.160598842749,0.186555380442
54,0.199907841112,0.150897215559,0.150897215559,0.150897215559,0.160463979512,0.1869365327
55,0.194502348244,0.151737822197,0.151737822197,0.151737822197,0.161545134969,0.188739050195
56,0.195038277035,0.151457916748,0.151457916748,0.151457916748,0.161434264822,0.189153707898
57,0.192803741043,0.149035837778,0.149035837778,0.149035837778,0.17320628025,0.186882465372
58,0.188227382561,0.149654193624,0.149654193624,0.149654193624,0.17439233828,0.188417698285
59,0.189364498761,0.149953770089,0.149953770089,0.149953770089,0.175211047728,0.185563143244
60,0.189764072414,0.149666828811,0.149666828811,0.149666828811,0.175345749268,0.185889691885
61,0.190609740707,0.149730196253,0.149730196253,0.149730196253,0.173546846939,0.186652823594
62,0.191295961227,0.149665893463,0.149665893463,0.149665893463,0.172447042503,0.18725931588
63,0.192388868484,0.149916598703,0.149916598703,0.149916598703,0.173137588596,0.184723746812
64,0.19281712981,0.149647040449,0.149647040449,0.149647040449,0.173228168041,0.185013580801
65,0.19006956243,0.146922338331,0.146922338331,0.146922338331,0.170469602392,0.198693820186
66,0.185996093673,0.14741814091,0.14741814091,0.14741814091,0.171442615139,0.200306868457
67,0.182736257776,0.147764229547,0.147764229547,0.147764229547,0.172244713921,0.201726339663
68,0.182892429993,0.147491592796,0.147491592796,0.147491592796,0.172326707647,0.202306083972
69,0.183124371464,0.14720522584,0.14720522584,0.14720522584,0.172392071852,0.202867879165
70,0.184217061254,0.147608876946,0.147608876946,0.147608876946,0.173266767612,0.199689540295
71,0.184464215499,0.14733309111,0.14733309111,0.14733309111,0.173345205556,0.200191305616
72,0.185324018398,0.147545315438,0.147545315438,0.147545315438,0.173998576409,0.198041458879
73,0.185966062718,0.147581852785,0.147581852785,0.147581852785,0.17237495992,0.198913419005
74,0.186229554542,0.147317185071,0.147317185071,0.147317185071,0.172437340176,0.199381550069
75,0.18694242609,0.147407040593,0.147407040593,0.147407040593,0.172915057856,0.197921394274
76,0.184178881772,0.147696795124,0.147696795124,0.147696795124,0.173629031346,0.199101701512
77,0.184754828626,0.147723227371,0.147723227371,0.147723227371,0.172143598806,0.199931890455
78,0.18511409079,0.147575484531,0.147575484531,0.147575484531,0.171630594026,0.200528861592
79,0.177918116675,0.141421898199,0.141421898199,0.141421898199,0.16479682665,0.23301936208
80,0.178025159554,0.141091101143,0.141091101143,0.141091101143,0.164734097149,0.233967439867
81,0.179312863954,0.141693992058,0.141693992058,0.141693992058,0.165762774766,0.229842385106
82,0.179438049573,0.141376191769,0.141376191769,0.141376191769,0.165715657902,0.23071771722
83,0.179842828386,0.141278674921,0.141278674921,0.141278674921,0.164364264159,0.231956882692
84,0.177488820894,0.141389303578,0.141389303578,0.141389303578,0.164796861772,0.2335464066
85,0.17783493096,0.141277437512,0.141277437512,0.141277437512,0.163555822496,0.23477693401
86,0.178158119029,0.141146965131,0.141146965131,0.141146965131,0.162418296412,0.235982689167
87,0.179404172637,0.141745295263,0.141745295263,0.141745295263,0.163376382555,0.231983559018
88,0.175282447188,0.138109873812,0.138109873812,0.138109873812,0.159449281962,0.250938649414
89,0.172853757768,0.138182846764,0.138182846764,0.138182846764,0.159797209646,0.252800492294
90,0.172871280649,0.137845735013,0.137845735013,0.137845735013,0.159670838489,0.253920675823
91,0.169516286959,0.134827067678,0.134827067678,0.134827067678,0.156432353153,0.269570156854
92,0.174091240339,0.133707313007,0.133707313007,0.133707313007,0.155389570699,0.269397249942
93,0.174101682413,0.133328081489,0.133328081489,0.133328081489,0.155204944212,0.270709128908
94,0.175640206952,0.134116750501,0.134116750501,0.134116750501,0.156381063056,0.265628478487
95,0.175671173529,0.133751913842,0.133751913842,0.133751913842,0.156213427069,0.266859657876
96,0.175700587274,0.133386886633,0.133386886633,0.133386886633,0.15604458682,0.268094166007
97,0.175728444253,0.133021673477,0.133021673477,0.133021673477,0.15587454381,0.269331991506
98,0.175754740594,0.132656279,0.132656279,0.132656279,0.155703299595,0.270573122812
99,0.177264728386,0.133408503651,0.133408503651,0.133408503651,0.156845020172,0.265664740489
100,0.177310081042,0.133056174232,0.133056174232,0.133056174232,0.156689346743,0.26683204952
101,0.177582596917,0.132874739664,0.132874739664,0.132874739664,0.155445444249,0.268347739842
102,0.178324087084,0.132410900371,0.132410900371,0.132410900371,0.155146029707,0.269297182095
103,0.175797208185,0.13247258579,0.13247258579,0.13247258579,0.155462016542,0.271323017903
104,0.176029845977,0.132280425868,0.132280425868,0.132280425868,0.154288421463,0.272840454957
105,0.173740388994,0.132301924367,0.132301924367,0.132301924367,0.154544239838,0.274809598067
106,0.173740066313,0.131955507584,0.131955507584,0.131955507584,0.154370067249,0.276023343684
107,0.175058020286,0.131398701077,0.131398701077,0.131398701077,0.153948532733,0.276797343751
108,0.175067286688,0.131050497476,0.131050497476,0.131050497476,0.153770159931,0.278011060955
109,0.17610970124,0.131474511904,0.131474511904,0.131474511904,0.154498358506,0.274968404542
110,0.176130220498,0.131134444061,0.131134444061,0.131134444061,0.154329159868,0.276137287453
111,0.174626395606,0.129663399706,0.129663399706,0.129663399706,0.152826098863,0.283557306414
112,0.174824037327,0.129459305727,0.129459305727,0.129459305727,0.15166600933,0.285132036162
113,0.175004774537,0.129242883639,0.129242883639,0.129242883639,0.150579122302,0.286687452244
114,0.172805179997,0.129234671915,0.129234671915,0.129234671915,0.150775108586,0.288715695671
115,0.172473399502,0.128655333381,0.128655333381,0.128655333381,0.152087342913,0.289473257442
116,0.172622401335,0.128435833307,0.128435833307,0.128435833307,0.151027764066,0.291042334679
117,0.169450872592,0.125752389681,0.125752389681,0.125752389681,0.148080799266,0.305211159098
118,0.167630176898,0.125642195136,0.125642195136,0.125642195136,0.14815964773,0.307283589965
119,0.168819816744,0.126222421785,0.126222421785,0.126222421785,0.149053729806,0.303459188095
120,0.168910099688,0.125979092111,0.125979092111,0.125979092111,0.148018510462,0.305134113519
121,0.168838201639,0.125615533028,0.125615533028,0.125615533028,0.147791441011,0.306523758266
122,0.166871855549,0.125537001018,0.125537001018,0.125537001018,0.147899283622,0.308617857775
123,0.168446204989,0.126423643938,0.126423643938,0.126423643938,0.149145793033,0.303137070164
124,0.16837486905,0.126073196018,0.126073196018,0.126073196018,0.148933998417,0.304471544478
125,0.169870134432,0.12689395708,0.12689395708,0.12689395708,0.150106814996,0.299341179334
126,0.16981465032,0.126554468435,0.126554468435,0.126554468435,0.149908181617,0.300613762758
127,0.161283502809,0.119914222109,0.119914222109,0.119914222109,0.142235148172,0.336738682692
128,0.1604303173,0.118999629315,0.118999629315,0.118999629315,0.141341672622,0.341229122134
129,0.160406240072,0.118702220679,0.118702220679,0.118702220679,0.140275709522,0.343211388368
130,0.160236063525,0.118297691732,0.118297691732,0.118297691732,0.139980161978,0.3448906993
131,0.159856331191,0.117922133332,0.117922133332,0.117922133332,0.139717928941,0.34665933987
132,0.159680894845,0.117517359413,0.117517359413,0.117517359413,0.139420111988,0.348346914929
133,0.157785428851,0.117351825087,0.117351825087,0.117351825087,0.139405478665,0.350753617222
134,0.157594788557,0.116947444732,0.116947444732,0.116947444732,0.139106467315,0.352456409932
135,0.156274942533,0.115708207171,0.115708207171,0.115708207171,0.144974252625,0.351626183328
136,0.156075855146,0.115301901955,0.115301901955,0.115301901955,0.144708479955,0.353309959033
137,0.153028367944,0.112797279714,0.112797279714,0.131059440595,0.141803494317,0.348514137715
138,0.151232796768,0.112599507329,0.112599507329,0.130974081951,0.141793261913,0.35080084471
139,0.151010414996,0.112192106378,0.112192106378,0.130644269066,0.141518169154,0.352442934028
140,0.149318420137,0.111978050077,0.111978050077,0.130538960811,0.141486041665,0.354700477233
141,0.149241631462,0.111688989633,0.111688989633,0.129290297936,0.141358476044,0.356731615292
142,0.147640699825,0.111460975338,0.111460975338,0.129161292245,0.141307472249,0.358968585006
143,0.144135233866,0.108597808758,0.108597808758,0.125975059782,0.137909488389,0.374784600447
144,0.142607273235,0.10832999032,0.10832999032,0.12579581221,0.137801068708,0.377135865207
145,0.136497427461,0.103489569164,0.103489569164,0.120300664576,0.131865521517,0.404357248118
146,0.136276799045,0.103123850525,0.103123850525,0.119094927907,0.13162082082,0.406759751178
147,0.135931409597,0.102664926673,0.102664926673,0.11868272694,0.13125576025,0.408800249868
148,0.135584504454,0.102206242695,0.102206242695,0.118269866922,0.13088940393,0.410843739306
149,0.135618712741,0.10203568088,0.10203568088,0.118189806579,0.130891043524,0.411229075396
150,0.134824821985,0.101243555555,0.101243555555,0.117388786647,0.130093634892,0.415205645366
151,0.136679750569,0.102439345447,0.102439345447,0.118893274899,0.131851857014,0.407696426625
152,0.135931260036,0.102042163964,0.102042163964,0.118549963578,0.13156183197,0.409872616489
153,0.13559447017,0.101596215261,0.101596215261,0.118149139926,0.131207475142,0.41185648424
154,0.135256263515,0.101150531888,0.101150531888,0.11774771166,0.130851894831,0.413843066219
155,0.134428631881,0.100340855074,0.100340855074,0.116921229204,0.130023076915,0.417945351852
156,0.134197546595,0.0999783186588,0.0999783186588,0.115762924739,0.129771482734,0.420311408614
157,0.133954211039,0.0996076874798,0.0996076874798,0.114671311624,0.12950814766,0.422650954717
158,0.133762898759,0.0992767136529,0.0992767136529,0.114393508042,0.128122688306,0.425167477588
159,0.133559074479,0.0989373685844,0.0989373685844,0.114105454478,0.126802688174,0.4276580457
160,0.130146297177,0.0962263482407,0.0962263482407,0.111079040107,0.123521963501,0.442800002734
161,0.128815948226,0.0958702929217,0.0958702929217,0.110767978832,0.123258339497,0.4454171476
162,0.128108580104,0.0951679802525,0.0951679802525,0.110055840016,0.12508028202,0.446419337354
163,0.127814019924,0.0947740290947,0.0947740290947,0.109003930137,0.1247741437,0.44885984805
164,0.126927107426,0.0939427886441,0.0978840890167,0.108141223267,0.123889915449,0.449214876198
165,0.124072971251,0.0916609729296,0.0955306250107,0.105605687973,0.121086081774,0.462043661062
166,0.121048800731,0.0892618711083,0.0930536994487,0.102930445163,0.118117162182,0.475588021367
167,0.120068051883,0.0883753556441,0.0921527569967,0.101996215216,0.11714275864,0.48026486162
168,0.121976163577,0.0896142129996,0.093468130102,0.103515359475,0.118986700703,0.472439433144
169,0.121696048062,0.0891310212814,0.0929876009097,0.103046156951,0.118546207517,0.474592965279
170,0.119253316169,0.0871801931723,0.0909752982766,0.100877836904,0.116148569037,0.485564786442
171,0.111495780189,0.0813580906837,0.0849211584825,0.0942222996216,0.108576050328,0.519426620695
172,0.111123984318,0.0809366223546,0.0845025353819,0.093815164715,0.10722002838,0.522401664851
173,0.112368903703,0.0816917821581,0.0853124736558,0.0947722861143,0.108398538649,0.517456015719
174,0.109433651183,0.079410525685,0.0829510210173,0.092205340224,0.105544921997,0.530454539894
175,0.109711815815,0.0788430762209,0.0823790400255,0.0916255473098,0.104963196619,0.53247732401
176,0.10922580812,0.0783449071319,0.0818791710131,0.0911252658799,0.104471654656,0.534953193199
177,0.102703786495,0.0735270775791,0.0768633790002,0.0855953871355,0.0982085329105,0.563101836879
178,0.102183558114,0.0730158618952,0.0763482144837,0.0850736936886,0.097686230207,0.565692441611
179,0.10170890697,0.0725388268951,0.0758685349247,0.0845908946817,0.0967578329746,0.568535003554
180,0.103260417145,0.0735056566456,0.0768991310435,0.0857924103279,0.098206280695,0.562336104143
181,0.101153774717,0.0718694507758,0.0752063476027,0.0839551711306,0.0961757816521,0.571639474121
182,0.103052226626,0.0730793974445,0.0764917559033,0.0854423334268,0.0979533409126,0.563980945687
183,0.0955954478707,0.0676628265232,0.0708401234709,0.0791777754536,0.0908400423165,0.595883784365
184,0.0964050225725,0.0681064008309,0.0713225077011,0.0797656865103,0.0915836648961,0.592816717489
185,0.0958721262894,0.0676014442762,0.070811558029,0.0792426825893,0.091051888908,0.595420299908
186,0.0953892938584,0.067133392568,0.0703390131858,0.0782394966685,0.0905679372808,0.598330866439
187,0.0949620977035,0.0667059550028,0.0699087897189,0.0778057065714,0.0901370592081,0.600480391795
188,0.0944301316559,0.0662064417601,0.0694027894198,0.0772870060658,0.0896069969425,0.603066634156
189,0.0934918869263,0.0654242756789,0.068600155872,0.0764371615322,0.0886918053359,0.607354714655
190,0.092951449433,0.0649226906079,0.0680913885128,0.0759139395753,0.0881543969174,0.609966134953
191,0.086115233763,0.0600337779256,0.0629797388648,0.0702554606571,0.0816480918601,0.638967696929
192,0.0878654345468,0.0611376999924,0.064154005738,0.0716065746594,0.0832841501345,0.631952134929
193,0.0895755571818,0.0622093837573,0.0652950234794,0.0729220877444,0.0848813069258,0.625116640911
194,0.0890796959211,0.0617476526731,0.0648267331754,0.0719794519225,0.0843877694738,0.627978696834
195,0.0884514879972,0.0611958844334,0.0642636518007,0.0713929478599,0.0837691613744,0.630926866534
196,0.0827883311698,0.0571691251687,0.0600501687873,0.0667482157829,0.0783838146207,0.654860344471
197,0.0817423344332,0.0563397350468,0.0591939044589,0.0658321336532,0.0773717723727,0.659520120035
198,0.0797722487835,0.0548775791338,0.0576722151341,0.0641745883294,0.0754858563949,0.668017512224
199,0.0742657773101,0.0509926035411,0.0536029109736,0.0596788367177,0.0702555640549,0.691204307403
200,0.0700118028442,0.0479805323569,0.0504493705604,0.0561983081014,0.0662127304429,0.709147255694
201,0.0691744939272,0.0473167751066,0.0497640053609,0.0554649124892,0.0654025180414,0.712877295075
202,0.0706634167936,0.0482435353191,0.0507514923696,0.0565962083003,0.0667915241826,0.706953823035
203,0.0701176796675,0.0477801352041,0.0501700962219,0.0560971245977,0.0662571116124,0.709577852697
204,0.0695904396568,0.0473309001828,0.049710400532,0.0552699699394,0.0657404671987,0.71235782249
205,0.0686181660212,0.0465810888564,0.0489347160509,0.0544359549902,0.0648038121792,0.716626261902
206,0.0671213753941,0.0454785618436,0.0477880266836,0.0531881247776,0.0633724558889,0.723051455412
207,0.0666220242388,0.045054590361,0.0473539660764,0.0527325469274,0.0628833626361,0.72535350976
208,0.0661196266763,0.0446300074995,0.0469190501531,0.0522755256307,0.0617798953076,0.728275894733
209,0.0643730457491,0.0433686567069,0.0456040234904,0.0508369123551,0.0601282275559,0.735689134142
210,0.0625185955993,0.0420393964246,0.0442169314816,0.0493164052708,0.0583769131568,0.743531758067
211,0.0621492986325,0.0417117908425,0.043882958896,0.0489694834624,0.0580130520265,0.74527341614
212,0.0619411511617,0.0414932279877,0.0436635686185,0.0487501162157,0.0577997983693,0.746352137647
213,0.0620659856735,0.0414979795684,0.0436791216298,0.0487929562398,0.0578972954244,0.746066661464
214,0.0614112099522,0.0409822969266,0.0431467588816,0.0482234437185,0.0572677134376,0.748968577084
215,0.0613970836515,0.040895142882,0.0430654064556,0.0481576627833,0.0572357661608,0.749248938067
216,0.0614365717321,0.0408438155449,0.0430217493024,0.0481339745224,0.0572537978419,0.749310091056
217,0.0608732300237,0.0403925271256,0.0425566783331,0.0476385121369,0.0567102083085,0.751828844072
218,0.0594386630539,0.0393657977344,0.0414849616096,0.0464630769035,0.0553555916788,0.75789190902
219,0.0591367733808,0.0390915593789,0.0412059156532,0.0461746541143,0.0550563807446,0.759334716728
220,0.0574790658702,0.0379236751104,0.0399845239752,0.0448293889694,0.0534955065571,0.766287839518
221,0.0569762253628,0.0375205966342,0.0394850533126,0.04438680486,0.0530101271414,0.768621192689
222,0.056475725044,0.0371204491511,0.0389960536237,0.0439469881673,0.0525272368661,0.770933547148
223,0.0553025127076,0.0367467801795,0.0386121152746,0.0435378452973,0.0520802245429,0.773720521998
224,0.0561518877827,0.0372425255109,0.0391417548741,0.0441589268376,0.0528658115817,0.770439093413
225,0.0532193660549,0.0352326082271,0.0370375993802,0.0418076664366,0.0500913570721,0.782611402829
226,0.0527307940737,0.0348449418731,0.0366382435906,0.0413792508019,0.0496180817928,0.784788687868
227,0.0515825928441,0.0340234960263,0.0357825020104,0.040434638221,0.0485245354413,0.789652235457
228,0.0501091427868,0.0329908174624,0.0347041738813,0.0392373300763,0.0471256929863,0.795832842807
229,0.0474758730504,0.0311996267604,0.0328272799374,0.0371353495157,0.0446371332133,0.806724737523
230,0.047690766154,0.0312831929565,0.0329225480141,0.0372632677248,0.0448270534161,0.806013171735
231,0.0472368801936,0.0309284614042,0.0325564878943,0.0366297487411,0.0443884170887,0.808260004678
232,0.0468064727831,0.0305902734728,0.0322076811602,0.0362558793283,0.0439720714719,0.810167621784
233,0.0473289676698,0.0308748468191,0.0325145521547,0.0366200855037,0.0444509042881,0.808210643565
234,0.0479199435396,0.0304858259295,0.0321120326505,0.0361852824702,0.0439598273058,0.809337088104
235,0.0474066754624,0.0301008091989,0.0317135506443,0.0357545759569,0.0434728793843,0.811551509353
236,0.047038563041,0.0298091587426,0.0314132798595,0.0354342006352,0.0431193473076,0.813185450414
237,0.0466052496807,0.0294772873765,0.0310704787617,0.0350654886056,0.0422563580196,0.815525137556
238,0.046673913332,0.0294634700736,0.0310628422285,0.0350748428053,0.0423010525637,0.815423878997
239,0.045933065203,0.0289395724011,0.0305173116066,0.0344765188298,0.0416123382645,0.818521193695
240,0.0456918927566,0.0287317999441,0.0303049702772,0.0342541812101,0.0413766737748,0.819640482037
241,0.0451943424536,0.0283638225713,0.0299235182866,0.0338403601393,0.040909128961,0.821768827588
242,0.0441214287792,0.0276367683603,0.0291629880235,0.0329971882166,0.0399213723386,0.826160254282
243,0.0440866275135,0.0275614188811,0.029089965008,0.0329314388424,0.0398733299445,0.826457219811
244,0.0437918134863,0.0273240220338,0.0288458353557,0.0326718119596,0.0395902544364,0.827776262728
245,0.04349678397,0.0270873080639,0.028602316412,0.03241260228,0.0393072122761,0.829093776998
246,0.0425599970166,0.0264525345979,0.027938270443,0.0316763259738,0.0384446949604,0.832928177008
247,0.0423256528983,0.0262558674479,0.0277367430542,0.0314639572176,0.0382171441629,0.834000635219
248,0.0417266057975,0.0258340661294,0.0272972391954,0.0309812686628,0.0376606106361,0.836500209579
249,0.041635650221,0.0257277651206,0.0271909816537,0.0308764919882,0.0375629233363,0.83700618768
250,0.0413481058071,0.0255005373858,0.0269568426415,0.0306263105565,0.0372880253727,0.838280178236
251,0.0391100786161,0.0240735093902,0.0254539954758,0.0289337159884,0.0352551193666,0.847173581163
252,0.0388929190483,0.0238934168033,0.0252692110345,0.0287383961418,0.0350448152003,0.848161241772
253,0.0377183713164,0.0231269123209,0.0244640267767,0.0278369327972,0.0339723742765,0.852881382512
254,0.037595588691,0.0230069270158,0.0243425331747,0.0277128889271,0.0338477334388,0.853494328753
255,0.0368675813192,0.0225176660956,0.0238301840655,0.0271435108572,0.0331785256454,0.856462532017
256,0.0375118590792,0.0228667434412,0.0242050067081,0.0275845830554,0.0337443260509,0.854087481665
257,0.0372006807123,0.0226330780251,0.0239630103346,0.0273227988363,0.0334505136801,0.855429918412
258,0.0344706609319,0.0209314515708,0.0221663388486,0.0252871782808,0.0309828417695,0.866161528598
259,0.0341019463182,0.0206674029012,0.0218915943865,0.0249865553539,0.0306387144415,0.867713786599
260,0.0338690032457,0.0204864240538,0.0217047361698,0.0247859802776,0.0304168000033,0.86873705625
261,0.0325878188025,0.0196732467043,0.0208478492222,0.0238196534704,0.0292540590287,0.873817372772
262,0.0327594535713,0.0197385114181,0.0209216765108,0.0239162595214,0.0293959312931,0.873268167685
263,0.0321276386958,0.0193202863142,0.0204829502376,0.0234267410759,0.0288170231671,0.875825360509
264,0.0314470100501,0.0188743112813,0.0200146007541,0.0229028164205,0.0281948249125,0.878566436582
265,0.0319870262681,0.0191611964582,0.020323350538,0.023268043208,0.0286670922198,0.876593291308
266,0.0300524812738,0.0179674355118,0.0190614373171,0.0218344769081,0.0269221565773,0.884162012412
267,0.0299505435298,0.0178717660474,0.0189641720762,0.0217341983908,0.0268197022925,0.884659617663
268,0.0292587583737,0.0174251151907,0.0184943443968,0.0212066111614,0.0261893591228,0.887425811755
269,0.0291880999317,0.0173493254008,0.0184180115859,0.0211299109857,0.0261152710077,0.887799381088
270,0.0287787328632,0.0170728269729,0.0181285243537,0.0208084615828,0.0257383151617,0.889473139066
271,0.0278567197557,0.0164938009462,0.0175176010203,0.0201175339237,0.0249033719809,0.893110972373
272,0.0270970728449,0.0160129060508,0.0170106497871,0.019545357038,0.0242142093781,0.896119804901
273,0.0264186336876,0.0155817105585,0.0165562794001,0.019033034926,0.0235981524078,0.89881218902
274,0.0267237252793,0.0157310887434,0.0167187291219,0.0192296399211,0.0238607659684,0.897736050966
275,0.025997350491,0.015273827261,0.0162363805275,0.0186844236071,0.0232025761052,0.900605442008
276,0.0265953913935,0.0150549574707,0.0160072875217,0.0184302328628,0.0229050157808,0.901007114971
277,0.0262858841439,0.0148489961023,0.0157918195319,0.0181914719862,0.0228792561173,0.902002572118
278,0.026620676754,0.01500703698,0.0159634552062,0.0183986162286,0.0231590102118,0.900851204619
279,0.0265262390169,0.0149228885737,0.0158774848739,0.0183089131009,0.0230652503354,0.901299224099
280,0.026457647426,0.0148535341587,0.0158072192463,0.0182372321194,0.0229940414782,0.901650325571
281,0.0264130869842,0.0147978660931,0.0157514898239,0.0181822522537,0.0229437730935,0.901911531751
282,0.0261206314949,0.014603769198,0.0155483522393,0.0179569678677,0.0226783232528,0.903091955947
283,0.0246708465762,0.0137646983297,0.0146582786789,0.0169376908537,0.0214088289985,0.908559656563
284,0.0250876852436,0.0139683334665,0.0148784516161,0.0172009153181,0.0217596068726,0.907105007483
285,0.0253621485662,0.0140919599838,0.0150134813943,0.0173659211138,0.0219866005578,0.906179888384
286,0.0253580838217,0.0140605771925,0.0149833879382,0.0173399975131,0.0219720242152,0.906285929319
287,0.0236714711759,0.0130982514342,0.0139610172656,0.0161651099901,0.0205003123264,0.912603837808
288,0.0236274999107,0.013046895982,0.0139093811329,0.0161135785402,0.0204519437461,0.912850700688
289,0.0237546269806,0.0130899805639,0.0139584268659,0.0161786865608,0.0205516467311,0.912466632298
290,0.0236088797577,0.0129827747984,0.0138471967754,0.0160579921984,0.0204152819865,0.913087874484
291,0.0236205425354,0.0129623388152,0.013828484118,0.0160445132802,0.0204150977181,0.913129023533
292,0.0231276318276,0.0126656074149,0.0135149391566,0.0156887614552,0.0199790278028,0.915024032343
293,0.023077635084,0.012612103207,0.0134608490672,0.0156339821754,0.019925814348,0.915289616118
294,0.0231357613744,0.0126177339934,0.0134698628038,0.0156524715506,0.0199659585793,0.915158211699
295,0.0230823766641,0.0125625976823,0.0134139944654,0.0155955417855,0.0199098727773,0.915435616625
296,0.0226814046124,0.012318851811,0.0131566635342,0.0153042025571,0.0195541750623,0.916984702423
297,0.022109097459,0.0121576263897,0.0129873695008,0.015115020014,0.0193285064242,0.918302380212
298,0.0217591757652,0.01194105722,0.0127588652054,0.0148566937845,0.019013957423,0.919670250602
299,0.0212193465114,0.0116213051259,0.0124199841064,0.014469507723,0.0185338172544,0.921736039279
300,0.0211273042283,0.0115475418625,0.0123439043436,0.014388246066,0.0184450464227,0.922147957077
301,0.0209139559281,0.0114078606575,0.0121973104086,0.0142246627363,0.0182504950734,0.923005715196
302,0.0209300043054,0.0113935718927,0.0121847502459,0.0142172999689,0.0182562079469,0.92301816564
303,0.0209443904172,0.0113783912813,0.0121712298829,0.0142088049668,0.0182604626182,0.923036720834
304,0.0203830755216,0.0110510975644,0.0118237674727,0.0138102506578,0.0177630099708,0.925168798813
305,0.0199930850021,0.0108177781816,0.0115767166953,0.0135286256401,0.0174152395761,0.926668554905
306,0.0199023737603,0.0107469616104,0.0115034973598,0.0134499529171,0.0173283540828,0.927068860269
307,0.019913207765,0.0107311089629,0.0114890910326,0.0134399957209,0.0173299159181,0.9270966806
308,0.0197336356348,0.0106128748958,0.0113650402173,0.0133016963572,0.017165842779,0.927820910116
309,0.0190739159874,0.0102373691834,0.0109653667952,0.0128404962832,0.0165844352001,0.930298416551
310,0.0185654549471,0.00994435583222,0.0106538927495,0.0124821546613,0.0161350089749,0.932219132835
311,0.0188277333793,0.0100644873783,0.0107850010154,0.012642239754,0.0163555235119,0.931325014961
312,0.0191017468244,0.0101903538477,0.0109223140988,0.0128097627593,0.0165860240035,0.930389798466
313,0.0189906856815,0.0101106571967,0.0108393102978,0.0127189326313,0.0164821038261,0.930858310367
314,0.0186270892134,0.00989706208749,0.0106126886721,0.0124593973143,0.0161591975117,0.932244565201
315,0.017637733895,0.00935247694349,0.0100309633097,0.0117824836519,0.0152939749872,0.935902367213
316,0.0178911573062,0.00946770798687,0.0101568190758,0.0119364315901,0.0155066797822,0.935041204259
317,0.0179064131215,0.00945665576199,0.0101472254226,0.0119312706774,0.0155128566481,0.935045578368
318,0.0171254899911,0.00902598373733,0.00968726412593,0.0113962803403,0.0148295844139,0.937935397391
319,0.0170073335662,0.00894561761536,0.00960315172837,0.0113031207381,0.0147205826063,0.938420193746
320,0.0167863180854,0.00881154592092,0.00946133534329,0.011141908938,0.0145226881682,0.939276203544
321,0.0167751757627,0.00878792415004,0.00943807649288,0.0111202168129,0.0145064597722,0.939372147009
322,0.0164552328309,0.00860291857331,0.00924144475369,0.0108941218019,0.0142233266914,0.940582955349
323,0.0155341770886,0.00810499203697,0.00870850324501,0.0102711356752,0.0134211027206,0.943960089234
324,0.0151554995478,0.00789145631494,0.00848095870269,0.0100078892218,0.0130879913515,0.945376204861
325,0.0147249847785,0.00765181242667,0.00822524747114,0.00971111522907,0.0127104343787,0.946976405716
326,0.0140003927968,0.00726059548718,0.00780645329239,0.00922139217829,0.0120794887487,0.949631677497
327,0.0140214026627,0.00725681484593,0.00780412887942,0.00922337258976,0.012092123928,0.949602157094
328,0.0138212577465,0.00713879165103,0.00767891682851,0.00908004240511,0.0119141068012,0.950366884568
329,0.0130527489732,0.00672824329036,0.00723892054583,0.00856415099769,0.0112465340805,0.953169402112
330,0.0124914491896,0.0064259166335,0.00691518934516,0.00818534850758,0.010758019779,0.955224076545
331,0.0121901590313,0.00625826851143,0.00673627871634,0.00797766398372,0.0104937733277,0.95634385643
332,0.0118964878861,0.00609517456126,0.00656219104079,0.00777547903333,0.0102363203554,0.957434347123
333,0.011738965891,0.00600232880342,0.00646367289143,0.00766267221056,0.0107675729323,0.957364787271
334,0.0117414988308,0.00599150658028,0.00645345809946,0.00765448481299,0.0107670946925,0.957391956984
335,0.0115013743479,0.00585712915387,0.00631012730189,0.00748831637974,0.0105441541017,0.958298898715
336,0.0112663735352,0.00572587374553,0.00617009646766,0.00732589367563,0.0103260247923,0.959185737784
337,0.0107844180241,0.00546986862001,0.00589554485437,0.00700350104841,0.00988172452691,0.960964942926
338,0.0107117380022,0.0054220395788,0.00584529726617,0.00694737026418,0.00981257486125,0.961260980027
339,0.0101912354196,0.00514816118353,0.00555127728666,0.0066012982831,0.00933333571161,0.963174692115
340,0.0101614800303,0.00512276967303,0.00552512974912,0.00657357330507,0.00930366433725,0.963313382905
341,0.0100325466341,0.00504756138236,0.00544522872203,0.00648183167482,0.00918322582942,0.963809605757
342,0.00994261858374,0.0049922205236,0.00538672922299,0.00641548302733,0.00909854335178,0.964164405291
343,0.00984155160358,0.00493150089213,0.0053223982311,0.0063421158983,0.00900371366718,0.964558719708
344,0.00975294025928,0.00487723482419,0.00526500493228,0.00627694297981,0.00892032499272,0.964907552012
345,0.0097054360445,0.00484368301884,0.00522995192513,0.00623834933758,0.00887456709797,0.965108012576
346,0.00920714149198,0.00458572534199,0.00495252741459,0.00591046262487,0.00841674083034,0.966927402296
347,0.00914438591751,0.00454527671872,0.00490993839898,0.00586263995627,0.00835719807172,0.967180560937
348,0.00906193237122,0.00449520144888,0.0048569288368,0.00580231781991,0.00827968811813,0.967503931405
349,0.00893431453009,0.00442295112208,0.00477993055976,0.00571325954185,0.00816096303696,0.967988581209
350,0.00884305639571,0.00436893775367,0.0047226109617,0.005647641619,0.00807550294584,0.968342250324
351,0.00878198994753,0.00433001058653,0.00468157664701,0.00560144002421,0.00801765072123,0.968587332073
352,0.00881987078531,0.00433991081807,0.00469332740278,0.00561837853891,0.00805013997264,0.968478372482
353,0.00857547206836,0.00421113514703,0.00455508086961,0.00545567925666,0.00782503444397,0.969377598214
354,0.00813924606832,0.00398885161723,0.00431560472297,0.00517150550015,0.00742505049682,0.970959741595
355,0.00812599856015,0.00397432157021,0.00430084358904,0.00515645904629,0.00741103708001,0.971031340154
356,0.00806952063568,0.00393873316004,0.00426328209694,0.00511404549964,0.00735761389543,0.971256804712
357,0.00797686694268,0.00388565046413,0.00420676360638,0.0050488354705,0.00727124230248,0.971610641214
358,0.00797437619933,0.00387659706905,0.00419789823805,0.00504077844824,0.007267081005,0.97164326904
359,0.00781341426715,0.00379068201067,0.00410577800634,0.00493268929094,0.00711854351754,0.972238892907
360,0.00773284830044,0.00374402339287,0.00405614553857,0.00487555902787,0.00704330987025,0.97254811387
361,0.00770658502972,0.00372377642127,0.00403511057106,0.0048527612168,0.00701756253838,0.972664204223
362,0.00763562367702,0.00368204167051,0.00399077651324,0.00480190410509,0.00695113695154,0.972938517083
363,0.00759596862008,0.00365552623619,0.00396292159338,0.00477083226964,0.0069132379136,0.973101513367
364,0.007477769215,0.00359138000872,0.00389424975906,0.00469056396688,0.00680389198813,0.973542145062
365,0.00751298886466,0.00360101233136,0.00390556540959,0.00470660519619,0.006834159497,0.973439668701
366,0.00746630561499,0.00357141391362,0.00387432777083,0.00467135429053,0.00678992754253,0.973626670868
367,0.00706780356301,0.00337397184448,0.00366095586867,0.00441635050447,0.00642585408554,0.975055064134
368,0.00673511379326,0.00320866577084,0.00348236578516,0.00420306416827,0.00612178874824,0.976249001734
369,0.00630574084915,0.00299804551617,0.0032545053815,0.00393006035768,0.00573002519228,0.977781622703
370,0.00621728347263,0.0029500225308,0.00320308874301,0.00386995388969,0.00564817434989,0.978111477014
371,0.00610296669379,0.00288993599074,0.00313854766125,0.00379391975087,0.00554287949465,0.978531750409
372,0.00608188630668,0.00287414107389,0.00312209024163,0.00377596062726,0.00552229682413,0.978623624926
373,0.00600443407153,0.00283181204442,0.00307679571112,0.00372308764319,0.00545055268223,0.978913317848
374,0.00572380724817,0.00269401434725,0.00292772989572,0.00354452626434,0.00519446080076,0.979915461444
375,0.00571275904656,0.00268338736665,0.0029168314914,0.00353314226073,0.00518308572339,0.979970794111
376,0.00566643768405,0.00265625730139,0.00288798528969,0.0034999944373,0.00513972181943,0.980149603468
377,0.00561434085046,0.00262652391572,0.00285629501191,0.00346336315018,0.00509114286785,0.980348334204
378,0.00531848033287,0.00248309137768,0.00270091719618,0.00327664078939,0.00482159889119,0.981399271413
379,0.00530396765292,0.00247131765131,0.00268871026607,0.0032635040934,0.00480719124174,0.981465309095
380,0.00521486329456,0.00242489642061,0.00263879403069,0.00320455878182,0.0047252030218,0.981791684451
381,0.00519198533004,0.00240938543774,0.00262249970431,0.00318640364548,0.00470324945289,0.98188647643
382,0.00508013341637,0.0023527213988,0.00256139487093,0.00311375523648,0.00460072936569,0.982291265712
383,0.00495265168474,0.0022890523771,0.00249263465858,0.00303172048135,0.00448411112251,0.982749829676
384,0.00490707196888,0.00226340844628,0.00246525982116,0.00299996245172,0.00444168770939,0.982922609603
385,0.00479305419439,0.00220635506618,0.00240365446313,0.00292649475639,0.00433735475125,0.983333086769
386,0.00475393346295,0.00218393004838,0.00237975485564,0.00289888194271,0.00430083435185,0.983482665338
387,0.00472430775594,0.0021659397216,0.00236067787715,0.00287711771127,0.00427292047479,0.983599036459
388,0.00470306287408,0.00215184769691,0.00234584201284,0.00286050198467,0.00425259893077,0.983686146501
389,0.00465426483171,0.00212522245676,0.00231733324909,0.00282718728747,0.00420738005909,0.983868612116
390,0.0045889272248,0.00209115890358,0.00228069913669,0.00278391952922,0.00414723681604,0.98410805839
391,0.00454626663343,0.00206753718007,0.00225543937065,0.00275449779835,0.00410761356962,0.984268645448
392,0.00456686501215,0.00207271294629,0.00226158989648,0.00276342524506,0.00412515112668,0.984210255773
393,0.00446092210795,0.00202054340967,0.00220515817576,0.00269585298787,0.00402840699079,0.984589116328
394,0.00432288186956,0.0019540671018,0.00213308371859,0.00260907733608,0.00390273515696,0.985078154817
395,0.00426766605874,0.00192521436834,0.00210205651549,0.00257244461223,0.00385188359142,0.985280734854
396,0.00418316432457,0.0018832854471,0.00205673486736,0.00251827148615,0.00377463238661,0.985583911488
397,0.00397965398869,0.00178804769623,0.00195316136864,0.00239268185605,0.00359006294163,0.986296392149
398,0.00390110442826,0.00174921793507,0.00191117217672,0.00234244411083,0.00351828759345,0.986577773756
399,0.00384134905079,0.00171894775646,0.0018785183266,0.00230360203135,0.00346349483786,0.986794087997
400,0.00383506168949,0.00171267051054,0.00187207586792,0.00229687866902,0.00345692644615,0.986826386817
401,0.00361231802859,0.00160994116224,0.00176017762358,0.0021606961504,0.00325529818019,0.987601568855
402,0.00356192608986,0.00158427835733,0.00173250639736,0.00212781880356,0.00320905168849,0.987784418663
403,0.00354249657847,0.00157245630175,0.0017199618304,0.00211349486796,0.00319071680892,0.987860873613
404,0.00351320014155,0.00155630458713,0.00170267471806,0.00209332504285,0.00316350645057,0.98797098906
405,0.00351169560004,0.00155249828628,0.00169888931806,0.00208974194644,0.00316132909412,0.987985845755
406,0.00343694821463,0.00151638616923,0.00165974220282,0.00204263516674,0.00309323449952,0.988251053747
407,0.00336384716979,0.00148113840248,0.00162152381337,0.00199662310071,0.00302665643001,0.988510211084
408,0.0033358841787,0.00146586140311,0.00160515680653,0.00197748327135,0.00300071565707,0.988614898683
409,0.00315473537184,0.0013834626587,0.00151526594467,0.00186769866859,0.00283702934506,0.989241808011
410,0.00314926287853,0.00137827532252,0.00150992114737,0.00186206487236,0.00283137125564,0.989269104524
411,0.00299811575491,0.00130947744694,0.00143487205191,0.00177042000848,0.00269477998669,0.989792334751
