episode,omega2,omega3,omega4,omega
1,0.25,0.25,0.25,0.25
2,0.256603887982,0.247798704006,0.247798704006,0.247798704006
3,0.263320974486,0.245559675171,0.245559675171,0.245559675171
4,0.270149995866,0.243283334711,0.243283334711,0.243283334711
5,0.277089507329,0.240970164224,0.240970164224,0.240970164224
6,0.266721579335,0.244426140222,0.244426140222,0.244426140222
7,0.270149995866,0.243283334711,0.243283334711,0.243283334711
8,0.273606037793,0.242131320736,0.242131320736,0.242131320736
9,0.277089507329,0.240970164224,0.240970164224,0.240970164224
10,0.280600195111,0.239799934963,0.239799934963,0.239799934963
11,0.284137880129,0.238620706624,0.238620706624,0.238620706624
12,0.274764156893,0.241745281036,0.241745281036,0.241745281036
13,0.270149995866,0.243283334711,0.243283334711,0.243283334711
14,0.267405043503,0.244198318832,0.244198318832,0.244198318832
15,0.268775303517,0.243741565494,0.243741565494,0.243741565494
16,0.270149995866,0.243283334711,0.243283334711,0.243283334711
17,0.271529108407,0.242823630531,0.242823630531,0.242823630531
18,0.269004111432,0.243665296189,0.243665296189,0.243665296189
19,0.26720965459,0.24426344847,0.24426344847,0.24426344847
20,0.265868813752,0.244710395416,0.244710395416,0.244710395416
21,0.266721579335,0.244426140222,0.244426140222,0.244426140222
22,0.267576083204,0.244141305599,0.244141305599,0.244141305599
23,0.268432322514,0.243855892495,0.243855892495,0.243855892495
24,0.26929029438,0.243569901873,0.243569901873,0.243569901873
25,0.270149995866,0.243283334711,0.243283334711,0.243283334711
26,0.271011423996,0.242996192001,0.242996192001,0.242996192001
27,0.269385731408,0.243538089531,0.243538089531,0.243538089531
28,0.270149995866,0.243283334711,0.243283334711,0.243283334711
29,0.270915624586,0.243028125138,0.243028125138,0.243028125138
30,0.269462096402,0.243512634533,0.243512634533,0.243512634533
31,0.270149995866,0.243283334711,0.243283334711,0.243283334711
32,0.268900092575,0.243699969142,0.243699969142,0.243699969142
33,0.269524587013,0.243491804329,0.243491804329,0.243491804329
34,0.270149995866,0.243283334711,0.243283334711,0.243283334711
35,0.269004111432,0.243665296189,0.243665296189,0.243665296189
36,0.268036919676,0.243987693441,0.243987693441,0.243987693441
37,0.268564205489,0.243811931504,0.243811931504,0.243811931504
38,0.26769829692,0.244100567693,0.244100567693,0.244100567693
39,0.268187505793,0.243937498069,0.243937498069,0.243937498069
40,0.268677280669,0.243774239777,0.243774239777,0.243774239777
41,0.269167621006,0.243610792998,0.243610792998,0.243610792998
42,0.269658526256,0.243447157915,0.243447157915,0.243447157915
43,0.270149995866,0.243283334711,0.243283334711,0.243283334711
44,0.270642029279,0.243119323574,0.243119323574,0.243119323574
45,0.271134625932,0.242955124689,0.242955124689,0.242955124689
46,0.271627785259,0.242790738247,0.242790738247,0.242790738247
47,0.272121506687,0.242626164438,0.242626164438,0.242626164438
48,0.272615789641,0.242461403453,0.242461403453,0.242461403453
49,0.271529108407,0.242823630531,0.242823630531,0.242823630531
50,0.264621862707,0.263185375443,0.236096380925,0.236096380925
51,0.264920460509,0.263453084604,0.235813227444,0.235813227444
52,0.265219053531,0.263720726291,0.235530110089,0.235530110089
53,0.265517641042,0.263988299788,0.235247029585,0.235247029585
54,0.264314116697,0.264796459376,0.235444711963,0.235444711963
55,0.265281264226,0.263136547418,0.235791094178,0.235791094178
56,0.265564772311,0.263378168137,0.235528529776,0.235528529776
57,0.264447599245,0.26412267866,0.235714861047,0.235714861047
58,0.28224375224,0.258068173273,0.229844037244,0.229844037244
59,0.282825914513,0.258194526802,0.229489779343,0.229489779343
60,0.283408610231,0.258320333934,0.229135527918,0.229135527918
61,0.284678615261,0.256652291841,0.229334546449,0.229334546449
62,0.28527556566,0.256746608599,0.22898891287,0.22898891287
63,0.283478947875,0.257701435149,0.229409808488,0.229409808488
64,0.284035487442,0.257810631791,0.229076940383,0.229076940383
65,0.282373898985,0.258719191231,0.229453454892,0.229453454892
66,0.282894172908,0.258841799393,0.229132013849,0.229132013849
67,0.284062463048,0.257270706913,0.22933341502,0.22933341502
68,0.282493184917,0.258122391622,0.22969221173,0.22969221173
69,0.281059494128,0.258926644209,0.230006930832,0.230006930832
70,0.281528578492,0.259046139277,0.229712641115,0.229712641115
71,0.28199799706,0.259165277129,0.229418362906,0.229418362906
72,0.283070337194,0.257703887924,0.229612887441,0.229612887441
73,0.283550188144,0.257799621353,0.229325095252,0.229325095252
74,0.282131573594,0.258578952206,0.2296447371,0.2296447371
75,0.280824995748,0.259319070162,0.229927967045,0.229927967045
76,0.281252502249,0.259434366029,0.229656565861,0.229656565861
77,0.281680281319,0.259549364641,0.22938517702,0.22938517702
78,0.282680323861,0.258162989602,0.229578343268,0.229578343268
79,0.283117195809,0.258257498734,0.229312652729,0.229312652729
80,0.283554367292,0.258351700217,0.229046966246,0.229046966246
81,0.274934718229,0.282095381481,0.221484950145,0.221484950145
82,0.276293594835,0.279748409727,0.221978997719,0.221978997719
83,0.274843098409,0.28080030322,0.222178299186,0.222178299186
84,0.27513964198,0.281176793733,0.221841782143,0.221841782143
85,0.275435997565,0.281553269812,0.221505366311,0.221505366311
86,0.274041726203,0.282587752898,0.22168526045,0.22168526045
87,0.275317232732,0.280358306339,0.222162230464,0.222162230464
88,0.276514114977,0.278341561594,0.222572161714,0.222572161714
89,0.276815261569,0.278665796567,0.222259470932,0.222259470932
90,0.277116297108,0.278989967241,0.221946867825,0.221946867825
91,0.278268630379,0.277102245219,0.222314562201,0.222314562201
92,0.279361459563,0.27537528759,0.222631626423,0.222631626423
93,0.279683866671,0.275649557486,0.222333287922,0.222333287922
94,0.280006241301,0.275923701887,0.222035028406,0.222035028406
95,0.281066337855,0.274292851991,0.222320405077,0.222320405077
96,0.279626761495,0.275222076674,0.222575580916,0.222575580916
97,0.280626610454,0.273702304408,0.222835542569,0.222835542569
98,0.280947012036,0.273943497294,0.222554745335,0.222554745335
99,0.279571028734,0.274831694354,0.222798638456,0.222798638456
100,0.278282127805,0.275688202451,0.223014834872,0.223014834872
101,0.27707131865,0.27651632868,0.223206176335,0.223206176335
102,0.277340214368,0.276779136122,0.222940324755,0.222940324755
103,0.276184857657,0.277588065242,0.223113538551,0.223113538551
104,0.277115282708,0.276090066103,0.223397325595,0.223397325595
105,0.276016281141,0.276861279375,0.223561219742,0.223561219742
106,0.276264122732,0.277118024543,0.223308926363,0.223308926363
107,0.275211465749,0.277873290281,0.223457621985,0.223457621985
108,0.276093233976,0.276439875979,0.223733445023,0.223733445023
109,0.27508849223,0.277161925303,0.223874791233,0.223874791233
110,0.275926594279,0.275815531879,0.224128936921,0.224128936921
111,0.276162779367,0.276050602315,0.223893309159,0.223893309159
112,0.276398918431,0.276285625006,0.223657728282,0.223657728282
113,0.2754152424,0.276986880276,0.223798938662,0.223798938662
114,0.27563976247,0.277226765826,0.223566735852,0.223566735852
115,0.274693614135,0.27791515912,0.223695613372,0.223695613372
116,0.275504037064,0.276592428915,0.22395176701,0.22395176701
117,0.274804224903,0.275899311133,0.222980843336,0.226315620628
118,0.273881725083,0.276553501403,0.223099620296,0.226465153218
119,0.274132570866,0.276829762929,0.222912890194,0.226124776011
120,0.27324311712,0.277473344039,0.223021330503,0.226262208338
121,0.274011164652,0.276183242572,0.223266842092,0.226538750684
122,0.274254500563,0.276446696337,0.223084057028,0.226214746073
123,0.27499907807,0.275224462992,0.223308270747,0.226468188192
124,0.274130129576,0.275837377023,0.223422431168,0.226610062234
125,0.274324286107,0.276046676142,0.223209186409,0.226419851342
126,0.275041536245,0.274876745989,0.223420951373,0.226660766393
127,0.275240557256,0.275074328879,0.223211129468,0.226473984397
128,0.275439546822,0.275271878443,0.22300136256,0.226287212175
129,0.276141358353,0.274147616607,0.223198094816,0.226512930224
130,0.275273759423,0.274740272847,0.223321596837,0.226664370892
131,0.27444367819,0.275319423325,0.223433166949,0.226803731536
132,0.275111879536,0.274242216028,0.223623163978,0.227022740458
133,0.275758853647,0.273223242047,0.223794775074,0.227223129232
134,0.274953938396,0.27377457921,0.223907607362,0.227363875032
135,0.274182105661,0.27431405086,0.22400989842,0.227493945059
136,0.274407517596,0.274540556985,0.223856182116,0.227195743303
137,0.274587071399,0.274721184202,0.223665066574,0.227026677825
138,0.274809168113,0.274944376556,0.223508619769,0.226737835563
139,0.275028108726,0.275164412843,0.223349573446,0.226457904984
140,0.27520816776,0.27534554972,0.223158970823,0.226287311697
141,0.275388199193,0.275526660278,0.222968413064,0.226116727465
142,0.275604832287,0.275744392327,0.222807512735,0.22584326265
143,0.275818987913,0.275959647206,0.222644591114,0.225576773767
144,0.275021019944,0.276514343527,0.222755101326,0.225709535203
145,0.275667169067,0.275455810168,0.222949595689,0.225927425076
146,0.275844209762,0.275631246977,0.222764194837,0.225760348424
147,0.276053438393,0.275838844823,0.22260481228,0.225502904503
148,0.276687254562,0.274817697873,0.222787291887,0.225707755678
149,0.277302394494,0.273847476902,0.222953735185,0.225896393419
150,0.277900393369,0.272924030865,0.223105443618,0.226070132147
151,0.278088010751,0.273075170674,0.222927242146,0.225909576429
152,0.277283386018,0.273601902761,0.223055318255,0.226059392966
153,0.277863986036,0.272709014927,0.223200463851,0.226226535186
154,0.27807928033,0.272886693362,0.223051711357,0.225982314952
155,0.278263224507,0.273033562956,0.222877814187,0.22582539835
156,0.278476838848,0.273209501181,0.222727685676,0.225585974295
157,0.278660968626,0.273356468609,0.222553979328,0.225428583437
158,0.278873069176,0.273530830629,0.222402618186,0.225193482009
159,0.278062560526,0.274055523305,0.222535741565,0.225346174605
160,0.277283346658,0.274568881208,0.222658936612,0.225488835521
161,0.277454552354,0.27472141265,0.222489197802,0.225334837194
162,0.278030091712,0.273817807513,0.22264328947,0.225508811304
163,0.278204258145,0.273963356156,0.222475561532,0.225356824167
164,0.278767802428,0.273093521504,0.222618822791,0.225519853277
165,0.27931749271,0.272261404768,0.222750217649,0.225670884873
166,0.278542986451,0.272754799898,0.222880947942,0.225821265708
167,0.279075490843,0.27195354036,0.223005529815,0.225965438982
168,0.279251594264,0.272082775076,0.222844958175,0.225820672485
169,0.27977451166,0.271308679677,0.222960800176,0.225956008487
170,0.265392333246,0.257314632079,0.211213638031,0.266079396644
171,0.264566386953,0.257671938616,0.211259986121,0.266501688309
172,0.263767938776,0.258019691996,0.211298114775,0.266914254453
173,0.26414778867,0.25720692266,0.211328117233,0.267317171436
174,0.264763634959,0.257766677961,0.211546248096,0.265923438984
175,0.265350759731,0.258298295637,0.211740539627,0.264610405005
176,0.291192195529,0.249282163758,0.204116260362,0.255409380351
177,0.290016124741,0.249765400363,0.204278469611,0.255940005285
178,0.290566585946,0.248930601354,0.20425907034,0.25624374236
179,0.290800869529,0.248913723625,0.204017119231,0.256268287615
180,0.291035202609,0.248896727819,0.203775357113,0.256292712458
181,0.289875545881,0.249369148428,0.20393412535,0.256821180342
182,0.288754858762,0.249828036298,0.204081230084,0.257335874856
183,0.289497413186,0.250270183989,0.204214092328,0.256018310498
184,0.289718804969,0.250261280521,0.203978768052,0.256041146458
185,0.288621379172,0.250717082815,0.204122056266,0.256539481746
186,0.287559273149,0.25116059372,0.204254774122,0.257025359009
187,0.286530548817,0.251592486121,0.204377502822,0.257499462241
188,0.285533406871,0.252013384716,0.204490781952,0.257962426461
189,0.286047198353,0.25117313549,0.204493352903,0.258286313253
190,0.28655070973,0.250360867235,0.204487928056,0.258600494979
191,0.286746815687,0.250353302242,0.204262893038,0.258636989034
192,0.287242485955,0.249563072489,0.204251023002,0.258943418554
193,0.287961708359,0.250003828205,0.204397224344,0.257637239093
194,0.285116431846,0.25792311352,0.202016660991,0.254943793643
195,0.285784891974,0.258393584833,0.202129125112,0.253692398081
196,0.28643044143,0.25884279403,0.202224370072,0.252502394468
197,0.286619119885,0.258878814144,0.201996649483,0.252505416488
198,0.285590082923,0.259356819391,0.202113615057,0.252939482629
199,0.28621193406,0.259794452989,0.202198540088,0.251795072862
200,0.286763630281,0.258886057676,0.202233070857,0.252117241186
201,0.287304578865,0.258006684121,0.202259292654,0.25242944436
202,0.287918034858,0.258418571378,0.202335755655,0.251327638108
203,0.286898925057,0.258890544125,0.202458721664,0.251751809154
204,0.287429824183,0.258031992666,0.202483636102,0.252054547048
205,0.28795104836,0.257199583486,0.202501058833,0.252348309321
206,0.288463149942,0.25639183825,0.202511415121,0.252633596687
207,0.288653641509,0.256413688914,0.202295741274,0.252636928303
208,0.289158906731,0.255625193641,0.202300430049,0.252915469579
209,0.2897716437,0.256014375078,0.202379560637,0.251834420585
210,0.290366759066,0.256387443078,0.202445531025,0.250800266831
211,0.290873507815,0.255615390216,0.202449168721,0.251061933248
212,0.291372357829,0.25486464123,0.202446703939,0.251316297002
213,0.291960388969,0.255217020158,0.202505502358,0.250317088515
214,0.292456254956,0.254483783929,0.202499680062,0.250560281052
215,0.29294497185,0.253769825567,0.202488334235,0.250796868349
216,0.293426908631,0.25307416433,0.202471747069,0.251027179969
217,0.292368179015,0.253532115949,0.202627776806,0.25147192823
218,0.292568955316,0.253538874698,0.202423037051,0.251469132935
219,0.291535517053,0.253988031429,0.202571344093,0.251905107424
220,0.292112835301,0.254330092981,0.202633799303,0.250923272415
221,0.292675363988,0.254658751971,0.202685239891,0.249980644151
222,0.291662231469,0.255106919094,0.202831374835,0.250399474602
223,0.291854970127,0.255120865142,0.202632104594,0.250392060137
224,0.292400620343,0.255443006422,0.202677562575,0.24947881066
225,0.292595228104,0.255458176697,0.202479399221,0.249467195979
226,0.281064819609,0.245242593406,0.234226770533,0.239465816452
227,0.281468418801,0.244519411694,0.234373145277,0.239639024228
228,0.281865784301,0.243813712174,0.234513942834,0.239806560692
229,0.282257221828,0.243124650153,0.234649430497,0.239968697522
230,0.282621820029,0.243279401649,0.233991098128,0.240107680194
231,0.281573331561,0.243653149899,0.234310743163,0.240462775377
232,0.280553685154,0.244017168903,0.234620918169,0.240808227774
233,0.280932203317,0.243338393936,0.234755693397,0.24097370935
234,0.279935400039,0.243691470303,0.235059932448,0.24131319721
235,0.278964961484,0.244035667071,0.235355507949,0.241643863496
236,0.279328870377,0.243369109262,0.235491393859,0.241810626502
237,0.279687505358,0.242717448195,0.235622515297,0.24197253115
238,0.280034367944,0.242872513927,0.234969150726,0.242123967403
239,0.280390331083,0.242232960127,0.235093718353,0.242282990437
240,0.280733849046,0.242380708807,0.234454462152,0.242430979995
241,0.281204922635,0.242638246101,0.23467092923,0.241485902034
242,0.281663499438,0.242884599151,0.234876516055,0.240575385356
243,0.282007415185,0.243031743869,0.234249251538,0.240711589409
244,0.282457110497,0.243269720036,0.23444296822,0.239830201247
245,0.282821801245,0.242634209942,0.234565749573,0.239978239239
246,0.283181692934,0.242012179224,0.234684227827,0.240121900015
247,0.283626084042,0.242236585377,0.234872361128,0.239264969454
248,0.282628635663,0.242587911507,0.23518348956,0.23959996327
249,0.282972708407,0.242733061621,0.234562933439,0.239731296533
250,0.283328496579,0.242118999381,0.234680238342,0.239872265699
251,0.283679810269,0.241517507851,0.234793528261,0.240009153619
252,0.284023034177,0.241654136901,0.234183917409,0.240138911513
253,0.284361317743,0.241786289487,0.233588178303,0.240264214468
254,0.284804136973,0.242006999205,0.233769403224,0.239419460597
255,0.285157996032,0.241412246838,0.233877240961,0.239552516168
256,0.284156024048,0.241762967721,0.234187776959,0.239893231272
257,0.267938188025,0.227820269729,0.220654398865,0.283587143381
258,0.266925395314,0.228068436345,0.220867184581,0.28413898376
259,0.26716113981,0.228130169517,0.220249596559,0.284459094113
260,0.267887939826,0.22861079976,0.220683551538,0.282817708876
261,0.268123805213,0.228672057822,0.220078138099,0.283125998867
262,0.267124392132,0.228921677071,0.22028591869,0.283668012106
263,0.267830495702,0.229391113789,0.220705127276,0.282073263232
264,0.268515701073,0.229842027218,0.221106388293,0.280535883416
265,0.268774218822,0.229217201886,0.221155844478,0.280852734814
266,0.269443963739,0.229649847643,0.221543227826,0.279362960792
267,0.268455680924,0.229904934605,0.221759234286,0.279880150185
268,0.269103713943,0.230325640152,0.222134907024,0.278435738881
269,0.269345117873,0.230397946721,0.221535836443,0.278721098964
270,0.269582377066,0.230466547512,0.220948837605,0.279002237818
271,0.270220256888,0.230877282049,0.221307909825,0.277594551238
272,0.270841250653,0.231273040651,0.221652511067,0.27623319763
273,0.271110837473,0.230651788993,0.221709108146,0.276528265388
274,0.27012534824,0.230915404655,0.221930236831,0.277029010274
275,0.270363544567,0.230986289174,0.221351239679,0.27729892658
276,0.270626705531,0.230373784646,0.221405012001,0.277594497822
277,0.270885952072,0.229772554316,0.221455387848,0.277886105763
278,0.271141438661,0.22918215289,0.221502500675,0.278173907774
279,0.270164069908,0.229436791687,0.2217213236,0.278677814805
280,0.270398871504,0.229501261803,0.221148719628,0.278951147065
281,0.270648341999,0.228918696257,0.221193290332,0.279239671411
282,0.271272748671,0.229309650209,0.221543886112,0.277873715009
283,0.27188124985,0.229686617817,0.221880881573,0.276551250759
284,0.272134368206,0.229112737833,0.22192745937,0.276825434591
285,0.27238406586,0.228548696172,0.221971067312,0.277096170655
286,0.271408830645,0.228803083768,0.222195285266,0.277592800321
287,0.270456106629,0.229050247349,0.222412440102,0.278081205919
288,0.269524972224,0.229290480958,0.222622819481,0.278561727338
289,0.270116640624,0.229664415702,0.222962953066,0.277255990608
290,0.270351109993,0.229734322102,0.22239277366,0.277521794246
291,0.270581784721,0.229800854201,0.221833612953,0.277783748124
292,0.270808824423,0.229864153073,0.221285007437,0.278042015067
293,0.271032379791,0.229924351912,0.220746519499,0.278296748798
294,0.271622220224,0.230294964929,0.221071496257,0.27701131859
295,0.270692827775,0.230543289505,0.221279003725,0.277484878996
296,0.270936926471,0.229977805176,0.22132675416,0.277758514193
297,0.271177690695,0.229421921304,0.221371613165,0.278028774835
298,0.270262249686,0.229661610513,0.221576151355,0.278499988446
299,0.270496484935,0.229114044048,0.221619926904,0.278769544113
300,0.271076400199,0.229477344339,0.22194657393,0.277499681533
301,0.270175161649,0.22971328119,0.222149975293,0.277961581868
302,0.270406232271,0.229173140707,0.22219496614,0.278225660883
303,0.270627519135,0.229234648775,0.221658112295,0.278479719796
304,0.269739365127,0.229465075193,0.221856230735,0.278939328945
305,0.269965453091,0.228931496833,0.221899019508,0.279204030569
306,0.270535662255,0.229290648796,0.222224330089,0.277949358861
307,0.270754580565,0.22935177127,0.221694713523,0.278198934642
308,0.271314258848,0.229701255747,0.222007893483,0.276976591923
309,0.271861081294,0.230039415663,0.222310057158,0.275789445885
310,0.272094339247,0.229511242336,0.222355486563,0.276038931853
311,0.272324687011,0.228991439887,0.222398385154,0.276285487949
312,0.271435773076,0.229225046336,0.222604286514,0.276734894075
313,0.270565638775,0.229452618857,0.222804287997,0.277177454371
314,0.271100957483,0.229785175598,0.223106182531,0.276007684388
315,0.271624414418,0.23010726835,0.223397859306,0.274870457926
316,0.271847397628,0.230174544204,0.222871544298,0.275106513871
317,0.272075503891,0.229658789916,0.22291793424,0.275347771953
318,0.272300830824,0.229151032762,0.222961901381,0.275586235033
319,0.271435276515,0.229379085409,0.223164518224,0.276021119852
320,0.271952979353,0.229694943747,0.223452517798,0.274899559102
321,0.27245968024,0.230001116024,0.223731043949,0.273808159787
322,0.271607314321,0.230229474009,0.223933833866,0.274229377804
323,0.271829348827,0.229726698311,0.223982182501,0.274461770361
324,0.272325683101,0.230025909273,0.224256274008,0.273392133619
325,0.272550601777,0.230095607451,0.223732546764,0.273621244008
326,0.272772264819,0.230162422933,0.223218220807,0.273847091441
327,0.272990797692,0.230226465956,0.222712934596,0.274069801757
328,0.272142259859,0.230455894728,0.222912187038,0.274489658375
329,0.272364615837,0.229956015765,0.222958220639,0.274721147759
330,0.271530495958,0.230179129477,0.223153518604,0.275136855961
331,0.271747491011,0.229686034562,0.223198698278,0.275367776149
332,0.271961944666,0.229200257646,0.223241658629,0.275596139059
333,0.272174997293,0.22926129465,0.222740608021,0.275823100035
334,0.271349464635,0.229478990528,0.222932735993,0.276238808844
335,0.270540182598,0.229691461587,0.223119753555,0.27664860226
336,0.270747901085,0.229210314482,0.223162265264,0.276879519169
337,0.269951763983,0.229417009892,0.223345677795,0.277285548331
338,0.270154530769,0.228942108161,0.223387399312,0.277515961758
339,0.270651705129,0.229250808696,0.223672307418,0.276425178757
340,0.270858298466,0.229313140122,0.223175106419,0.276653454994
341,0.271347517809,0.229614513434,0.223450528324,0.275587440433
342,0.271826833049,0.229907158725,0.223717411678,0.274548596548
343,0.272035121859,0.229970343616,0.223227535798,0.274766998726
344,0.27224452769,0.229498688878,0.223270241729,0.274986541704
345,0.272450944569,0.229558354296,0.222787623003,0.275203078132
346,0.272927481277,0.22984538435,0.223046774623,0.27418035975
347,0.27339479981,0.230124312511,0.223298017886,0.273182869793
348,0.27360727543,0.229657289467,0.22334086715,0.273394567954
349,0.274067913054,0.229927876981,0.223586041787,0.272418168178
350,0.274279024557,0.229988899965,0.223108796526,0.272623278952
351,0.274733228372,0.230253538186,0.223346080706,0.271667152736
352,0.275179227153,0.230510977691,0.223576339748,0.270733455408
353,0.275391716769,0.230572592544,0.223105751182,0.270929939505
354,0.275831821209,0.230824561651,0.223328673346,0.270014943794
355,0.261560962926,0.218771841926,0.211647563714,0.308019631434
356,0.26171811235,0.218286726086,0.21164808941,0.308347072155
357,0.262314610854,0.218672434159,0.212003622322,0.307009332665
358,0.262899519493,0.219048034336,0.212349292989,0.305703153182
359,0.263473284605,0.219413913482,0.212685478978,0.304427322934
360,0.264036330238,0.219770439132,0.213012538989,0.303180691641
361,0.26419720061,0.219791963891,0.212528582644,0.303482252855
362,0.264363827419,0.219311449033,0.212534107218,0.30379061633
363,0.264921717823,0.21966055137,0.212853912013,0.302563818795
364,0.265083358298,0.219680852043,0.212376230991,0.302859558667
365,0.265251109955,0.219205543446,0.212380887081,0.303162459519
366,0.264387994328,0.219387882045,0.21253908016,0.303685043467
367,0.264551059727,0.218918190839,0.212543015488,0.303987733946
368,0.26510454672,0.219262749321,0.212860351284,0.302772352674
369,0.264253455073,0.219442279182,0.213017437541,0.303286828204
370,0.249750687824,0.20729414203,0.201208726309,0.341746443837
371,0.248895655189,0.207406794068,0.201301815944,0.342395734799
372,0.2489915627,0.206921478455,0.201263907882,0.342823050964
373,0.249085483894,0.206442031366,0.201224372452,0.343248112289
374,0.249179673747,0.206415875927,0.200730428006,0.343674022319
375,0.249879270246,0.206890949,0.201177351184,0.34205242957
376,0.249031133451,0.207002052895,0.201270315174,0.34269649848
377,0.249124501744,0.206527032638,0.201231482822,0.343116982796
378,0.249812498773,0.206994130594,0.201672671198,0.341520699434
379,0.249907101177,0.206524852447,0.201634520577,0.341933525799
380,0.250585265364,0.206980861356,0.202066920777,0.340366952503
381,0.249744736865,0.207093025938,0.202163605517,0.34099863168
382,0.248918878427,0.207200851333,0.202256041554,0.341624228686
383,0.249010249078,0.206735962687,0.202220071514,0.342033716722
384,0.249676028064,0.207187778283,0.202650300906,0.340485892747
385,0.234738907452,0.194697710276,0.190422759429,0.380140622843
386,0.235535218307,0.195263063062,0.190964657631,0.378237061001
387,0.234700660269,0.195312952077,0.191002405027,0.378983982627
388,0.234732922403,0.194833442078,0.190926727311,0.379506908209
389,0.233910032599,0.194878849221,0.190961228925,0.380249889255
390,0.233946242065,0.194817331253,0.190451115764,0.380785310918
391,0.233134668604,0.194859533036,0.19048127217,0.38152452619
392,0.23233599784,0.194898100299,0.190507871765,0.382258030096
393,0.233120380508,0.195468230663,0.191054026575,0.380357362254
394,0.233890183686,0.196025590182,0.191587635375,0.378496590757
395,0.233102200122,0.19606775829,0.191617683035,0.379212358553
396,0.233137398947,0.19601127179,0.191112993357,0.379738335906
397,0.233895526385,0.196562335593,0.191638007714,0.377904130308
398,0.233929099019,0.196085248549,0.191569093431,0.378416559001
399,0.234676770247,0.196624545297,0.192084695036,0.37661398942
400,0.235411072017,0.197152127327,0.192588791893,0.374848008763
401,0.235449423484,0.196680879726,0.192523265401,0.375346431389
402,0.236173939635,0.197197382581,0.193018539839,0.373610137945
403,0.236213749775,0.196731544744,0.192953957143,0.374100748338
404,0.236260740726,0.196681177391,0.192454704004,0.374603377879
405,0.235471962569,0.196732587782,0.19249463318,0.375300816469
406,0.236189100354,0.197243966778,0.192984593331,0.373582339536
407,0.236893889807,0.197744544275,0.193463932426,0.371897633492
408,0.236943058428,0.197697608639,0.192971071115,0.372388261818
409,0.237638908135,0.198190005361,0.193440194253,0.37073089225
410,0.237688958478,0.198143570112,0.192954091754,0.371213379656
411,0.238376115777,0.1986280093,0.193413292449,0.369582582474
412,0.238427039519,0.198582069549,0.192933764279,0.370057126652
413,0.238475932981,0.198534441132,0.192460517167,0.37052910872
414,0.23852572108,0.198070650376,0.192400559851,0.371003068692
415,0.238572921057,0.198020714031,0.191932776045,0.371473588867
416,0.237781315185,0.198083388433,0.191979042789,0.372156253592
417,0.23782785314,0.197623402296,0.191917642263,0.372631102302
418,0.238517062589,0.198107893823,0.192374597113,0.371000446475
419,0.238563647116,0.198058400041,0.191911730279,0.371466222565
420,0.239244402473,0.19853517298,0.192359198077,0.369861226471
421,0.239291937932,0.198486243391,0.191902276343,0.370319542334
422,0.239343129356,0.198030299934,0.191842495497,0.370784075213
423,0.23939269365,0.197579234873,0.191781420981,0.371246650496
424,0.240070855963,0.198048834285,0.192223673345,0.369656636407
425,0.239279319418,0.198116374266,0.192275656114,0.370328650202
426,0.239326501478,0.198067234802,0.191822846,0.370783417721
427,0.239995428151,0.198532428242,0.192258881454,0.369213262153
428,0.240653777433,0.198988422211,0.192685941988,0.367671858368
429,0.23987063051,0.199058774396,0.192739537692,0.368331057402
430,0.239923537576,0.198611267785,0.192683539414,0.368781655225
431,0.239974868677,0.198168486782,0.192626283021,0.369230361519
432,0.240627132841,0.198618683272,0.19305115345,0.367703030437
433,0.241269309913,0.199060117393,0.193467450802,0.366203121891
434,0.241901684606,0.199493035358,0.193875416046,0.364729863989
435,0.242524531339,0.199917674467,0.194275281429,0.363282512765
436,0.243138114686,0.200334263495,0.194667270851,0.361860350968
437,0.243742689802,0.200743023062,0.195051600232,0.360462686904
438,0.244338502825,0.201144165983,0.195428477849,0.359088853344
439,0.244925791262,0.201537897598,0.195798104664,0.357738206476
440,0.24499566684,0.201100535396,0.195753884869,0.358149912894
441,0.244210098524,0.201187426687,0.195826445361,0.358776029428
442,0.244790183744,0.201576516701,0.196193124278,0.357440175276
443,0.244860562464,0.201545683634,0.195743755835,0.357849998068
444,0.244929083959,0.20151331062,0.195300060836,0.358257544585
445,0.24550563083,0.201898716523,0.195659750705,0.356935901942
446,0.245574629298,0.201866530496,0.19522155909,0.357337281115
447,0.244793683055,0.20195658668,0.195293960831,0.357955769434
448,0.244024909052,0.20204312585,0.195362949847,0.358569015251
449,0.244093512519,0.201607067825,0.195320664078,0.358978755578
450,0.2446641634,0.201992152658,0.195679904441,0.357663779501
451,0.245226947679,0.202370380282,0.196032450573,0.356370221466
452,0.244465992573,0.202457845129,0.196103309255,0.356972853043
453,0.244532781942,0.202428512943,0.195668463348,0.357370241767
454,0.245088891532,0.202804068437,0.196016747224,0.356090292806
455,0.245637490539,0.203173062427,0.196358636224,0.35483081081
456,0.245706835884,0.203145475232,0.19592906143,0.355218627453
457,0.245774479686,0.20311646939,0.195504673201,0.355604377723
458,0.245017842381,0.203206907038,0.195575339314,0.356199911267
459,0.245082163357,0.2031770496,0.195155539075,0.356585247968
460,0.245628540169,0.203546651003,0.195493354162,0.355331454666
461,0.245693324797,0.203516994909,0.19507847923,0.355711201064
462,0.24623451053,0.203881788356,0.195410156805,0.35447354431
463,0.246768613707,0.204240387109,0.195735834914,0.35325516427
464,0.247295811536,0.204592945184,0.196055662796,0.352055580484
465,0.247365050591,0.204566456721,0.195645595472,0.352422897216
466,0.247432738189,0.204538673159,0.195240231163,0.352788357489
467,0.247957102747,0.204888232594,0.195554331953,0.351600332706
468,0.24847484554,0.20523200222,0.195862842441,0.350430309799
469,0.248562035909,0.204794730609,0.195831773425,0.350811460057
470,0.247801594793,0.2048970079,0.19591083976,0.351390557547
471,0.247885521269,0.204464008113,0.195879031783,0.351771438834
472,0.247135040224,0.204562373666,0.195955382454,0.352347203655
473,0.246395846711,0.20465744431,0.196028561571,0.352918147408
474,0.246907543917,0.205001834675,0.196340511668,0.351750109741
475,0.246988668237,0.204572391256,0.1963098885,0.352129052007
476,0.247495921625,0.204911061405,0.196617777947,0.350975239023
477,0.247996910943,0.205244245849,0.196920349126,0.349838494081
478,0.247263767199,0.205341939126,0.196996945263,0.350397348411
479,0.247333868319,0.205320172667,0.196593018643,0.350752940372
480,0.246610012473,0.205415204871,0.196666140032,0.351308642624
481,0.245896711323,0.205507145385,0.19673628677,0.351859856522
482,0.24597586517,0.205079980078,0.196708187931,0.352235966821
483,0.246053493433,0.2046573969,0.196678853287,0.35261025638
484,0.246119627287,0.204634181976,0.196277766729,0.352968424008
485,0.246618567082,0.204970670424,0.196583544344,0.35182721815
486,0.245910083013,0.205061087826,0.196653285934,0.352375543228
487,0.245975058514,0.205038457937,0.196256305934,0.352730177616
488,0.246468620795,0.205372941327,0.196558757146,0.351599680732
489,0.246547595536,0.204952995334,0.196530404991,0.351969004139
490,0.245845315632,0.205042428511,0.196599256437,0.35251299942
491,0.245921366503,0.204626418491,0.196570195227,0.352882019779
492,0.246411562101,0.204957395596,0.196872002942,0.351759039361
493,0.245716803565,0.205045395093,0.196940386638,0.352297414705
494,0.246200075259,0.205373128707,0.197238996864,0.35118779917
495,0.24627687726,0.204960782187,0.197211808882,0.351550531671
496,0.24635225719,0.204552702395,0.197183467226,0.351911573189
497,0.246426247409,0.204148787348,0.197153999344,0.352270965898
498,0.246493548051,0.204127068358,0.196758259512,0.35262112408
499,0.245801960412,0.204213194613,0.196826715398,0.353158129578
500,0.245120004969,0.204296512797,0.196892453777,0.353691028457
501,0.245602547101,0.204623972002,0.197193456875,0.352580024022
502,0.246079328981,0.204946367526,0.19748953492,0.351484768574
503,0.246152949226,0.204544944475,0.197461902035,0.351840204264
504,0.246625814597,0.204862301447,0.197754385976,0.35075749798
505,0.245949054656,0.204948038759,0.197823260205,0.35127964638
506,0.245281556034,0.205031068545,0.19788951057,0.35179786485
507,0.245347273928,0.205013221664,0.19749598644,0.352143517968
508,0.245411547831,0.204994155451,0.197106885326,0.352487411391
509,0.245880270528,0.205312796252,0.197397989563,0.351408943657
510,0.246343534421,0.205626628533,0.197684424771,0.350345412274
511,0.246418733347,0.205227037465,0.197659297818,0.35069493137
512,0.246485116241,0.205208710833,0.197273961826,0.3510322111
513,0.246559242999,0.204812626813,0.197247304394,0.351380825794
514,0.24663205723,0.204420476514,0.197219583175,0.351727883082
515,0.246697574676,0.204399972158,0.19683761402,0.352064839147
516,0.246769360267,0.204011174754,0.196808420286,0.352411044693
517,0.247237063331,0.2043223322,0.197094835554,0.351345768915
518,0.24769942986,0.204628823315,0.197376708929,0.350295037896
519,0.24815657765,0.20493075041,0.197654140036,0.349258531904
520,0.248608621143,0.20522821288,0.197927225662,0.348235940316
521,0.248679306106,0.205210729688,0.197548756148,0.348561208058
522,0.249127878133,0.205504949479,0.197817514427,0.347549657961
523,0.24920666138,0.205119033613,0.197792498977,0.34788180603
524,0.248528420457,0.205211821294,0.197868184867,0.348391573382
525,0.247859444724,0.205301898695,0.19794124614,0.348897410441
526,0.247934343438,0.204918912678,0.197916100125,0.349230643759
527,0.248379135137,0.205212039564,0.198186083366,0.348222741933
528,0.248454333008,0.204832652472,0.198161019596,0.348551994924
529,0.248528319877,0.204456877444,0.198134975393,0.348879827286
530,0.248599070498,0.204439487359,0.197758051009,0.349203391135
531,0.2479330727,0.204527824511,0.197831074534,0.349708028255
532,0.24837657647,0.204819296824,0.198100559776,0.34870356693
533,0.248449854771,0.20444614329,0.19807462039,0.349029381549
534,0.24779060785,0.204533142993,0.198147116145,0.349529133012
535,0.247861458075,0.204163092319,0.198120650007,0.349854799599
536,0.247930296137,0.204145634194,0.19774617065,0.350177899018
537,0.2479978119,0.204127073441,0.19737571368,0.350499400979
538,0.248441483578,0.204418000861,0.197644616431,0.349495899129
539,0.248880372166,0.204704755966,0.197909450847,0.34850542102
540,0.248224340003,0.20479291024,0.197982255147,0.349000494611
541,0.248657618935,0.205077187404,0.198244638202,0.348020555459
542,0.248726927484,0.20506116284,0.197877557177,0.348334352499
543,0.249157022486,0.205342465336,0.198135944716,0.347364567463
544,0.24923205291,0.204973840628,0.198111841524,0.347682264938
545,0.249659055859,0.205251105072,0.198367384183,0.346722454886
546,0.249006518457,0.205341514849,0.19844231741,0.347209649284
547,0.249428158734,0.205616463837,0.198695568221,0.346259809208
548,0.249503631377,0.205250710582,0.198672929888,0.346572728153
549,0.248857575362,0.205339778696,0.198747308394,0.347055337548
550,0.248930709339,0.204977031033,0.198724161995,0.347368097633
551,0.249349849939,0.20524951875,0.198977108777,0.346423522534
552,0.249764689429,0.205518248831,0.199226383783,0.345490677957
553,0.250175315,0.205783296874,0.199472060909,0.344569327218
554,0.249533825792,0.205874052125,0.19954877186,0.345043350224
555,0.249939415636,0.206136972198,0.199792339327,0.344131272839
556,0.24930536923,0.206226757606,0.199868082339,0.344599790825
557,0.249380438093,0.20586623777,0.19984866226,0.344904661876
558,0.249782398483,0.206126959191,0.200091086208,0.343999556118
559,0.249154488246,0.206215433475,0.200166289296,0.344463788982
560,0.249228610384,0.20585775077,0.200147296885,0.344766341961
561,0.249301646974,0.205503308267,0.200127417148,0.345067627611
562,0.249373619759,0.205152038067,0.200106668574,0.3453676736
563,0.249448234226,0.205142029167,0.199738124216,0.345671612391
564,0.248823793617,0.205227500067,0.199811852176,0.34613685414
565,0.248893830012,0.204878599417,0.199790231226,0.346437339345
566,0.248966236608,0.204867499433,0.199424904971,0.346741358988
567,0.248347458214,0.204950715211,0.199496402565,0.34720542401
568,0.247736429071,0.205031667232,0.199565689483,0.347666214215
569,0.247805338581,0.205020273963,0.19920355889,0.347970828566
570,0.247872601097,0.20467297273,0.199181057402,0.348273368771
571,0.248277504272,0.204938323516,0.199429754805,0.347354417407
572,0.248678355507,0.205200129034,0.199674978169,0.34644653729
573,0.248748791784,0.205189180763,0.199316071839,0.346745955613
574,0.248677889429,0.20506166772,0.199182095829,0.347078347023
575,0.248746991396,0.205049627034,0.198826531706,0.347376849864
576,0.248816139627,0.204704008884,0.198804204244,0.347675647245
577,0.248884281915,0.204361389263,0.198781060502,0.347973268321
578,0.248951437666,0.204021707458,0.198757116926,0.34826973795
579,0.249019991494,0.204007506107,0.198404110623,0.348568391777
580,0.249087358983,0.203992318722,0.198054708581,0.348865613714
581,0.248471470386,0.204074467247,0.198124357971,0.349329704397
582,0.247863211392,0.204154394729,0.198191843563,0.349790550317
583,0.247927259024,0.204138973047,0.197845336602,0.350088431326
584,0.247991926665,0.203800426105,0.197820228593,0.350387418637
585,0.248055636517,0.203464733499,0.197794346599,0.350685283385
586,0.248118955511,0.203447625474,0.197450593719,0.350982825297
587,0.24751394712,0.203525459685,0.197516031262,0.351444561934
588,0.247920785184,0.203791932865,0.197764521323,0.350522760628
589,0.248323607598,0.204054905651,0.198009588757,0.349611897994
590,0.247724436799,0.204133329767,0.198075558522,0.350066674912
591,0.247787791275,0.203799373035,0.198050992817,0.350361842873
592,0.247194836995,0.203875379854,0.198115248133,0.350814535018
593,0.247256581892,0.203859834517,0.197773501648,0.351110081943
594,0.24731722566,0.203843370081,0.197435112875,0.351404291384
595,0.247376792411,0.203826007314,0.197100005266,0.351697195009
596,0.247438781265,0.203493449319,0.197074001491,0.351993767925
597,0.247842190994,0.203758242943,0.197319811356,0.351079754707
598,0.247904473179,0.203428392671,0.197293919215,0.351373214934
599,0.248305146271,0.203689707514,0.197537222267,0.350467923949
600,0.24836772055,0.203362520235,0.197511441365,0.35075831785
601,0.248765704214,0.203620416709,0.197752279566,0.34986159951
602,0.24915987271,0.203874996657,0.197989873032,0.3489752576
603,0.249223909706,0.2035503858,0.197965023833,0.349260680661
604,0.249615494627,0.203801662555,0.198200245009,0.348382597809
605,0.249018838469,0.203882000104,0.198269210702,0.348829950724
606,0.248429336701,0.203960256777,0.198336146099,0.349274260423
607,0.247846830741,0.204036477939,0.198401095595,0.349715595726
608,0.247271166644,0.204110707631,0.198464102286,0.350154023439
609,0.247332369795,0.204096719482,0.198129429535,0.350441481187
610,0.246762447852,0.204169324409,0.198190238744,0.350877988995
611,0.231963853952,0.191865379435,0.186237524453,0.38993324216
612,0.231983413949,0.191821867908,0.185896411334,0.390298306809
613,0.232001994744,0.191777555456,0.18555838819,0.390662061611
614,0.232464311793,0.192099939297,0.185860305436,0.389575443474
615,0.232922086614,0.192418351643,0.186158347329,0.388501214413
616,0.233375400672,0.19273286338,0.186452583068,0.38743915288
617,0.233399575914,0.192397778286,0.18640384888,0.38779879692
618,0.233849830226,0.192708489696,0.186695287981,0.386746392097
619,0.233272439514,0.192746223303,0.18672225032,0.387259086862
620,0.233296194,0.192413471215,0.186674018113,0.387616316672
621,0.232724341264,0.192449129763,0.186699479089,0.388127049884
622,0.232746383233,0.192118640259,0.186650812498,0.38848416401
623,0.232767847202,0.192077012865,0.186314502262,0.388840637671
624,0.231902995268,0.191304242352,0.185555828497,0.391236933882
625,0.232353742933,0.191616876113,0.185849966492,0.390179414462
626,0.232800204704,0.191925765112,0.186140443351,0.389133586832
627,0.233242455237,0.192230974251,0.186427322555,0.388099247958
628,0.233264679283,0.192189911062,0.186093347581,0.388452062074
629,0.233704050534,0.192492441946,0.186376699391,0.387426808129
630,0.219560978661,0.180787517047,0.175034656438,0.424616847853
