episode,omega2,omega3,omega4,omega
1,0.25,0.25,0.25,0.25
2,0.25,0.25,0.25,0.25
3,0.25,0.25,0.25,0.25
4,0.25,0.25,0.25,0.25
5,0.25,0.25,0.25,0.25
6,0.25,0.25,0.25,0.25
7,0.25,0.25,0.25,0.25
8,0.25,0.25,0.25,0.25
9,0.25,0.25,0.25,0.25
10,0.25,0.25,0.25,0.25
11,0.25,0.25,0.25,0.25
12,0.25,0.25,0.25,0.25
13,0.25,0.25,0.25,0.25
14,0.25,0.25,0.25,0.25
15,0.25,0.25,0.25,0.25
16,0.25,0.25,0.25,0.25
17,0.25,0.25,0.25,0.25
18,0.25,0.25,0.25,0.25
19,0.25,0.25,0.25,0.25
20,0.25,0.25,0.25,0.25
21,0.25,0.25,0.25,0.25
22,0.25,0.25,0.25,0.25
23,0.25,0.25,0.25,0.25
24,0.25,0.25,0.25,0.25
25,0.25,0.25,0.25,0.25
26,0.25,0.25,0.25,0.25
27,0.25,0.25,0.25,0.25
28,0.25,0.25,0.25,0.25
29,0.25,0.25,0.25,0.25
30,0.25,0.25,0.25,0.25
31,0.25,0.25,0.25,0.25
32,0.25,0.25,0.25,0.25
33,0.25,0.25,0.25,0.25
34,0.25,0.25,0.25,0.25
35,0.25,0.25,0.25,0.25
36,0.25,0.25,0.25,0.25
37,0.25,0.25,0.25,0.25
38,0.25,0.25,0.25,0.25
39,0.25,0.25,0.25,0.25
40,0.25,0.25,0.25,0.25
41,0.25,0.25,0.25,0.25
42,0.25,0.25,0.25,0.25
43,0.25,0.25,0.25,0.25
44,0.25,0.25,0.25,0.25
45,0.25,0.25,0.25,0.25
46,0.30052814155,0.23315728615,0.23315728615,0.23315728615
47,0.301715195308,0.232761601564,0.232761601564,0.232761601564
48,0.296721390099,0.2344262033,0.2344262033,0.2344262033
49,0.297768742721,0.23407708576,0.23407708576,0.23407708576
50,0.344173633827,0.218608788724,0.218608788724,0.218608788724
51,0.346267355119,0.217910881627,0.217910881627,0.217910881627
52,0.348367047573,0.217210984142,0.217210984142,0.217210984142
53,0.350472646318,0.216509117894,0.216509117894,0.216509117894
54,0.352584085606,0.215805304798,0.215805304798,0.215805304798
55,0.354701298824,0.215099567059,0.215099567059,0.215099567059
56,0.356824218496,0.214391927168,0.214391927168,0.214391927168
57,0.358952776291,0.213682407903,0.213682407903,0.213682407903
58,0.350089373824,0.216636875392,0.216636875392,0.216636875392
59,0.352007663088,0.215997445637,0.215997445637,0.215997445637
60,0.353930739291,0.215356420236,0.215356420236,0.215356420236
61,0.355858551941,0.21471381602,0.21471381602,0.21471381602
62,0.357791049964,0.214069650012,0.214069650012,0.214069650012
63,0.349770127856,0.216743290715,0.216743290715,0.216743290715
64,0.351527640037,0.216157453321,0.216157453321,0.216157453321
65,0.353289185112,0.215570271629,0.215570271629,0.215570271629
66,0.355054724323,0.214981758559,0.214981758559,0.214981758559
67,0.356824218496,0.214391927168,0.214391927168,0.214391927168
68,0.358597628048,0.213800790651,0.213800790651,0.213800790651
69,0.351121700951,0.21629276635,0.21629276635,0.21629276635
70,0.352746744025,0.215751085325,0.215751085325,0.215751085325
71,0.354375200589,0.21520826647,0.21520826647,0.21520826647
72,0.356007039945,0.214664320018,0.214664320018,0.214664320018
73,0.357642231098,0.214119256301,0.214119256301,0.214119256301
74,0.359280742749,0.21357308575,0.21357308575,0.21357308575
75,0.352282096353,0.215905967882,0.215905967882,0.215905967882
76,0.353793219027,0.215402260324,0.215402260324,0.215402260324
77,0.355307267983,0.214897577339,0.214897577339,0.214897577339
78,0.356824218496,0.214391927168,0.214391927168,0.214391927168
79,0.350472646318,0.216509117894,0.216509117894,0.216509117894
80,0.344958075485,0.218347308172,0.218347308172,0.218347308172
81,0.346267355119,0.217910881627,0.217910881627,0.217910881627
82,0.347578967256,0.217473677581,0.217473677581,0.217473677581
83,0.348892896098,0.217035701301,0.217035701301,0.217035701301
84,0.350209125713,0.216596958096,0.216596958096,0.216596958096
85,0.351527640037,0.216157453321,0.216157453321,0.216157453321
86,0.352848422872,0.215717192376,0.215717192376,0.215717192376
87,0.354171457889,0.215276180704,0.215276180704,0.215276180704
88,0.348738196508,0.217087267831,0.217087267831,0.217087267831
89,0.349976683422,0.216674438859,0.216674438859,0.216674438859
90,0.345103435326,0.218298854891,0.218298854891,0.218298854891
91,0.346267355119,0.217910881627,0.217910881627,0.217910881627
92,0.347433117879,0.21752229404,0.21752229404,0.21752229404
93,0.342964233778,0.219011922074,0.219011922074,0.219011922074
94,0.338965872217,0.220344709261,0.220344709261,0.220344709261
95,0.335367982579,0.221544005807,0.221544005807,0.221544005807
96,0.336351827287,0.221216057571,0.221216057571,0.221216057571
97,0.337337093308,0.220887635564,0.220887635564,0.220887635564
98,0.338323774118,0.220558741961,0.220558741961,0.220558741961
99,0.33931186315,0.22022937895,0.22022937895,0.22022937895
100,0.340301353788,0.219899548737,0.219899548737,0.219899548737
101,0.341292239371,0.219569253543,0.219569253543,0.219569253543
102,0.342284513192,0.219238495603,0.219238495603,0.219238495603
103,0.338682916633,0.220439027789,0.220439027789,0.220439027789
104,0.339626549363,0.220124483546,0.220124483546,0.220124483546
105,0.336309021829,0.221230326057,0.221230326057,0.221230326057
106,0.333282061281,0.222239312906,0.222239312906,0.222239312906
107,0.33050934145,0.22316355285,0.22316355285,0.22316355285
108,0.331329671805,0.222890109398,0.222890109398,0.222890109398
109,0.332151028087,0.222616323971,0.222616323971,0.222616323971
110,0.332973406575,0.222342197808,0.222342197808,0.222342197808
111,0.333796803522,0.222067732159,0.222067732159,0.222067732159
112,0.334621215161,0.22179292828,0.22179292828,0.22179292828
113,0.335446637699,0.221517787434,0.221517787434,0.221517787434
114,0.332688621653,0.222437126116,0.222437126116,0.222437126116
115,0.3334799921,0.222173335967,0.222173335967,0.222173335967
116,0.33427230203,0.221909232657,0.221909232657,0.221909232657
117,0.335065548078,0.221644817307,0.221644817307,0.221644817307
118,0.335859726863,0.221380091046,0.221380091046,0.221380091046
119,0.333186782214,0.222271072595,0.222271072595,0.222271072595
120,0.333949395903,0.222016868032,0.222016868032,0.222016868032
121,0.334712878925,0.221762373692,0.221762373692,0.221762373692
122,0.332180381168,0.222606539611,0.222606539611,0.222606539611
123,0.32983122585,0.223389591383,0.223389591383,0.223389591383
124,0.330537611585,0.223154129472,0.223154129472,0.223154129472
125,0.331244762405,0.222918412532,0.222918412532,0.222918412532
126,0.331952675942,0.222682441353,0.222682441353,0.222682441353
127,0.332661349814,0.222446216729,0.222446216729,0.222446216729
128,0.333370781625,0.222209739458,0.222209739458,0.222209739458
129,0.334080968969,0.221973010344,0.221973010344,0.221973010344
130,0.331740221937,0.222753259354,0.222753259354,0.222753259354
131,0.332425040856,0.222524986381,0.222524986381,0.222524986381
132,0.330218503791,0.223260498736,0.223260498736,0.223260498736
133,0.328156639798,0.223947786734,0.223947786734,0.223947786734
134,0.328795113831,0.223734962056,0.223734962056,0.223734962056
135,0.329434220979,0.22352192634,0.22352192634,0.22352192634
136,0.330073959503,0.223308680166,0.223308680166,0.223308680166
137,0.330714327655,0.223095224115,0.223095224115,0.223095224115
138,0.331355323679,0.222881558774,0.222881558774,0.222881558774
139,0.331996945808,0.222667684731,0.222667684731,0.222667684731
140,0.329938204719,0.22335393176,0.22335393176,0.22335393176
141,0.330559029168,0.223146990277,0.223146990277,0.223146990277
142,0.331180444414,0.222939851862,0.222939851862,0.222939851862
143,0.331802448848,0.222732517051,0.222732517051,0.222732517051
144,0.332425040856,0.222524986381,0.222524986381,0.222524986381
145,0.333048218814,0.222317260395,0.222317260395,0.222317260395
146,0.331015894738,0.222994701754,0.222994701754,0.222994701754
147,0.329105458335,0.223631513888,0.223631513888,0.223631513888
148,0.327306328922,0.224231223693,0.224231223693,0.224231223693
149,0.327873077236,0.224042307588,0.224042307588,0.224042307588
150,0.328440327761,0.22385322408,0.22385322408,0.22385322408
151,0.326709490559,0.224430169814,0.224430169814,0.224430169814
152,0.325074091676,0.224975302775,0.224975302775,0.224975302775
153,0.325609109291,0.22479696357,0.22479696357,0.22479696357
154,0.324046494308,0.225317835231,0.225317835231,0.225317835231
155,0.324566932413,0.225144355862,0.225144355862,0.225144355862
156,0.325087804384,0.224970731872,0.224970731872,0.224970731872
157,0.323578471732,0.225473842756,0.225473842756,0.225473842756
158,0.322146164547,0.225951278484,0.225951278484,0.225951278484
159,0.322639687931,0.22578677069,0.22578677069,0.22578677069
160,0.323133606967,0.225622131011,0.225622131011,0.225622131011
161,0.323627920869,0.22545735971,0.22545735971,0.22545735971
162,0.322228390935,0.225923869688,0.225923869688,0.225923869688
163,0.322710223588,0.225763258804,0.225763258804,0.225763258804
164,0.321366518432,0.226211160523,0.226211160523,0.226211160523
165,0.320086643664,0.226637785445,0.226637785445,0.226637785445
166,0.320544955448,0.226485014851,0.226485014851,0.226485014851
167,0.32100361364,0.226332128787,0.226332128787,0.226332128787
168,0.321462617613,0.226179127462,0.226179127462,0.226179127462
169,0.321921966741,0.226026011086,0.226026011086,0.226026011086
170,0.32065703993,0.226447653357,0.226447653357,0.226447653357
171,0.321105584662,0.226298138446,0.226298138446,0.226298138446
172,0.321554459846,0.226148513385,0.226148513385,0.226148513385
173,0.322003664895,0.225998778368,0.225998778368,0.225998778368
174,0.32245319922,0.225848933593,0.225848933593,0.225848933593
175,0.322903062231,0.225698979256,0.225698979256,0.225698979256
176,0.323353253333,0.225548915556,0.225548915556,0.225548915556
177,0.323803771931,0.22539874269,0.22539874269,0.22539874269
178,0.324254617427,0.225248460858,0.225248460858,0.225248460858
179,0.322961764216,0.225679411928,0.225679411928,0.225679411928
180,0.323402206892,0.225532597703,0.225532597703,0.225532597703
181,0.323842962918,0.225385679027,0.225385679027,0.225385679027
182,0.324284031735,0.225238656088,0.225238656088,0.225238656088
183,0.324725412779,0.225091529074,0.225091529074,0.225091529074
184,0.323449080947,0.225516973018,0.225516973018,0.225516973018
185,0.322228390935,0.225923869688,0.225923869688,0.225923869688
186,0.322649973879,0.22578334204,0.22578334204,0.22578334204
187,0.321471988637,0.226176003788,0.226176003788,0.226176003788
188,0.32188445593,0.22603851469,0.22603851469,0.22603851469
189,0.320746722412,0.226417759196,0.226417759196,0.226417759196
190,0.32115045732,0.226283180893,0.226283180893,0.226283180893
191,0.32005071231,0.226649762563,0.226649762563,0.226649762563
192,0.318995147921,0.22700161736,0.22700161736,0.22700161736
193,0.317981165963,0.227339611346,0.227339611346,0.227339611346
194,0.317006367219,0.22766454426,0.22766454426,0.22766454426
195,0.31737786424,0.22754071192,0.22754071192,0.22754071192
196,0.317749594074,0.227416801975,0.227416801975,0.227416801975
197,0.318121556394,0.227292814535,0.227292814535,0.227292814535
198,0.31849375087,0.22716874971,0.22716874971,0.22716874971
199,0.317526528254,0.227491157249,0.227491157249,0.227491157249
200,0.316595338909,0.227801553697,0.227801553697,0.227801553697
201,0.315698214211,0.228100595263,0.228100595263,0.228100595263
202,0.316049372686,0.227983542438,0.227983542438,0.227983542438
203,0.316400741161,0.227866419613,0.227866419613,0.227866419613
204,0.316752319358,0.227749226881,0.227749226881,0.227749226881
205,0.317104107003,0.227631964332,0.227631964332,0.227631964332
206,0.317456103816,0.227514632061,0.227514632061,0.227514632061
207,0.316558319262,0.227813893579,0.227813893579,0.227813893579
208,0.316903926297,0.227698691234,0.227698691234,0.227698691234
209,0.316031512101,0.227989495966,0.227989495966,0.227989495966
210,0.316370956034,0.227876347989,0.227876347989,0.227876347989
211,0.316710595735,0.227763134755,0.227763134755,0.227763134755
212,0.317050430954,0.227649856349,0.227649856349,0.227649856349
213,0.317390461441,0.227536512853,0.227536512853,0.227536512853
214,0.317730686944,0.227423104352,0.227423104352,0.227423104352
215,0.316857833672,0.227714055443,0.227714055443,0.227714055443
216,0.317192086607,0.227602637798,0.227602637798,0.227602637798
217,0.317526528254,0.227491157249,0.227491157249,0.227491157249
218,0.316671610752,0.227776129749,0.227776129749,0.227776129749
219,0.317000279046,0.227666573651,0.227666573651,0.227666573651
220,0.317329130048,0.227556956651,0.227556956651,0.227556956651
221,0.316491450952,0.227836183016,0.227836183016,0.227836183016
222,0.31681471802,0.227728427327,0.227728427327,0.227728427327
223,0.317138162073,0.227620612642,0.227620612642,0.227620612642
224,0.317461782896,0.227512739035,0.227512739035,0.227512739035
225,0.317785580272,0.227404806576,0.227404806576,0.227404806576
226,0.316953315241,0.227682228253,0.227682228253,0.227682228253
227,0.317271698463,0.227576100512,0.227576100512,0.227576100512
228,0.317590252801,0.227469915733,0.227469915733,0.227469915733
229,0.316774299953,0.227741900016,0.227741900016,0.227741900016
230,0.315984527615,0.228005157462,0.228005157462,0.228005157462
231,0.315219700669,0.228260099777,0.228260099777,0.228260099777
232,0.315522713809,0.228159095397,0.228159095397,0.228159095397
233,0.314776770445,0.228407743185,0.228407743185,0.228407743185
234,0.314053679309,0.228648773564,0.228648773564,0.228648773564
235,0.314347189558,0.228550936814,0.228550936814,0.228550936814
236,0.314640848293,0.228453050569,0.228453050569,0.228453050569
237,0.314934655353,0.228355114882,0.228355114882,0.228355114882
238,0.348538186328,0.217153937891,0.217153937891,0.217153937891
239,0.348991619243,0.217002793586,0.217002793586,0.217002793586
240,0.347897370795,0.217367543068,0.217367543068,0.217367543068
241,0.348343941815,0.217218686062,0.217218686062,0.217218686062
242,0.348790779461,0.21706974018,0.21706974018,0.21706974018
243,0.349237883106,0.216920705631,0.216920705631,0.216920705631
244,0.383973566323,0.205342144559,0.205342144559,0.205342144559
245,0.382519174893,0.205826941702,0.205826941702,0.205826941702
246,0.383119280805,0.205626906398,0.205626906398,0.205626906398
247,0.381697693472,0.206100768843,0.206100768843,0.206100768843
248,0.380316469117,0.206561176961,0.206561176961,0.206561176961
249,0.380899063048,0.206366978984,0.206366978984,0.206366978984
250,0.37954797291,0.206817342363,0.206817342363,0.206817342363
251,0.380122347629,0.206625884124,0.206625884124,0.206625884124
252,0.380697058228,0.206434313924,0.206434313924,0.206434313924
253,0.379366661427,0.206877779524,0.206877779524,0.206877779524
254,0.378072561516,0.207309146161,0.207309146161,0.207309146161
255,0.376813311863,0.207728896046,0.207728896046,0.207728896046
256,0.377364030016,0.207545323328,0.207545323328,0.207545323328
257,0.376130584596,0.207956471801,0.207956471801,0.207956471801
258,0.376673939944,0.207775353352,0.207775353352,0.207775353352
259,0.37721760562,0.20759413146,0.20759413146,0.20759413146
260,0.377761580431,0.207412806523,0.207412806523,0.207412806523
261,0.376538071968,0.207820642677,0.207820642677,0.207820642677
262,0.36137689449,0.198997399196,0.198997399196,0.240628307119
263,0.362104540452,0.198942796955,0.198942796955,0.240009865639
264,0.360856801278,0.199278209544,0.199278209544,0.240586779634
265,0.361315447198,0.199081513154,0.199081513154,0.240521526494
266,0.361774318285,0.198884814229,0.198884814229,0.240456053257
267,0.362233413788,0.198688113091,0.198688113091,0.24039036003
268,0.362692732957,0.198491410062,0.198491410062,0.240324446919
269,0.363413768087,0.198437490433,0.198437490433,0.239711251047
270,0.363874766952,0.198241135213,0.198241135213,0.239642962623
271,0.362616065274,0.198580629751,0.198580629751,0.240222675224
272,0.361388002481,0.198910363525,0.198910363525,0.24079127047
273,0.361835249151,0.198718209903,0.198718209903,0.240728331042
274,0.346143631193,0.189682057687,0.189682057687,0.274492253432
275,0.344888083104,0.18993827183,0.18993827183,0.275235373236
276,0.345786954772,0.190019164164,0.190019164164,0.2741747169
277,0.346673799108,0.190092211403,0.190092211403,0.273141778085
278,0.347042571923,0.189880585033,0.189880585033,0.273196258011
279,0.345798891166,0.190137699359,0.190137699359,0.273925710116
280,0.346671679399,0.190207935107,0.190207935107,0.272912450386
281,0.34545098681,0.190460303977,0.190460303977,0.273628405235
282,0.346307692405,0.190527060444,0.190527060444,0.272638186707
283,0.346668712808,0.190320543567,0.190320543567,0.272690200059
284,0.347517236872,0.190381114536,0.190381114536,0.271720534057
285,0.347880752799,0.190175430766,0.190175430766,0.271768385669
286,0.348244358851,0.189969810947,0.189969810947,0.271816019256
287,0.348608054545,0.189764255367,0.189764255367,0.271863434721
288,0.348971839398,0.189558764315,0.189558764315,0.271910631971
289,0.349819580463,0.189615612821,0.189615612821,0.270949193895
290,0.350657350402,0.189665971233,0.189665971233,0.270010707132
291,0.351025871366,0.189461988634,0.189461988634,0.270050151366
292,0.351394487329,0.189258067986,0.189258067986,0.270089376698
293,0.350137489964,0.1895283371,0.1895283371,0.270805835836
294,0.350965092539,0.189577402814,0.189577402814,0.269880101832
295,0.351329780413,0.189375903725,0.189375903725,0.269918412138
296,0.350089600949,0.18964278989,0.18964278989,0.270624819272
297,0.348876604785,0.189901365532,0.189901365532,0.271320664152
298,0.349687283334,0.189951926264,0.189951926264,0.270408864139
299,0.350042155826,0.189754391333,0.189754391333,0.270449061508
300,0.35039711621,0.189556914547,0.189556914547,0.270489054696
301,0.351203000951,0.189602888101,0.189602888101,0.269591222847
302,0.352000150488,0.189643168064,0.189643168064,0.268713513383
303,0.352359368884,0.189447028847,0.189447028847,0.268746573421
304,0.352718680026,0.18925094556,0.18925094556,0.268779428854
305,0.35351147574,0.189286977441,0.189286977441,0.267914569379
306,0.354296150083,0.189317724356,0.189317724356,0.267068401204
307,0.35507303583,0.189343394213,0.189343394213,0.266240175743
308,0.355842448333,0.189364184067,0.189364184067,0.265429183534
309,0.35459865379,0.189643825133,0.189643825133,0.266113695945
310,0.353381749848,0.189915220195,0.189915220195,0.266787809762
311,0.353737302322,0.189724645081,0.189724645081,0.266813407516
312,0.354491584543,0.189747496427,0.189747496427,0.266013422603
313,0.35484904627,0.189557513021,0.189557513021,0.266035927688
314,0.355598106005,0.189576296216,0.189576296216,0.265249301563
315,0.355957438277,0.189386885789,0.189386885789,0.265268790145
316,0.354740298676,0.18966092468,0.18966092468,0.265937851964
317,0.355479581803,0.189678767296,0.189678767296,0.265162883604
318,0.356212295987,0.189692293008,0.189692293008,0.264403117997
319,0.355011658145,0.189964291049,0.189964291049,0.265059759757
320,0.355733385655,0.189976545461,0.189976545461,0.264313523423
321,0.356449007005,0.189984764089,0.189984764089,0.263581464817
322,0.355264422219,0.190254698582,0.190254698582,0.264226180617
323,0.355969574801,0.190261818217,0.190261818217,0.263506788765
324,0.354805102822,0.190526945847,0.190526945847,0.264141005483
325,0.355151029258,0.190345936205,0.190345936205,0.264157098332
326,0.355497050448,0.190164968803,0.190164968803,0.264173011947
327,0.356195096091,0.190171938699,0.190171938699,0.263461026511
328,0.356542748509,0.189991463904,0.189991463904,0.263474323682
329,0.357236730123,0.189995173956,0.189995173956,0.262772921965
330,0.35607192944,0.190262537528,0.190262537528,0.263402995505
331,0.356756085458,0.190265316696,0.190265316696,0.262713281151
332,0.357435013439,0.190264613257,0.190264613257,0.262035760047
333,0.357782014901,0.190086873325,0.190086873325,0.262044238448
334,0.356627221864,0.190353534309,0.190353534309,0.262665709519
335,0.356969263178,0.190177221386,0.190177221386,0.26267629405
336,0.357311398471,0.190000947303,0.190000947303,0.262686706922
337,0.357985151623,0.19000066879,0.19000066879,0.262013510798
338,0.358653931216,0.189997082515,0.189997082515,0.261351903754
339,0.359317909552,0.189990297007,0.189990297007,0.260701496434
340,0.359977251339,0.189980416039,0.189980416039,0.260061916583
341,0.358818722787,0.190252668855,0.190252668855,0.260675939504
342,0.357683399324,0.190517767496,0.190517767496,0.261281065683
343,0.356570553496,0.190775935395,0.190775935395,0.261877575715
344,0.357212754721,0.190770341845,0.190770341845,0.261246561588
345,0.356117681285,0.191024149169,0.191024149169,0.261834020377
346,0.356751472111,0.191017940527,0.191017940527,0.261212646835
347,0.35567368517,0.19126750722,0.19126750722,0.26179130039
348,0.354616562005,0.191510694327,0.191510694327,0.262362049341
349,0.355238308319,0.191506150052,0.191506150052,0.261749391576
350,0.355561527015,0.191340370877,0.191340370877,0.261757731231
351,0.354516317407,0.191580802105,0.191580802105,0.262322078384
352,0.353490731905,0.191815172834,0.191815172834,0.262878922426
353,0.353805367763,0.191651819699,0.191651819699,0.262890992839
354,0.354120085778,0.191488498667,0.191488498667,0.262902916887
355,0.354434885667,0.191325209892,0.191325209892,0.262914694548
356,0.35341572733,0.191557176411,0.191557176411,0.263469919848
357,0.352415307639,0.19178336086,0.19178336086,0.264017970641
358,0.352721853829,0.191622398185,0.191622398185,0.264033349802
359,0.353330913325,0.191625491061,0.191625491061,0.263418104553
360,0.352341217246,0.191849272938,0.191849272938,0.263960236878
361,0.352644993546,0.191689817838,0.191689817838,0.263975370777
362,0.352948845454,0.191530394173,0.191530394173,0.263990366201
363,0.351969043521,0.191750854567,0.191750854567,0.264529247344
364,0.351006721094,0.191965922961,0.191965922961,0.265061432983
365,0.351302780918,0.191808691205,0.191808691205,0.265079836672
366,0.350353624442,0.192019567183,0.192019567183,0.265607241193
367,0.349421050634,0.192225328305,0.192225328305,0.266128292757
368,0.350012990846,0.192236826445,0.192236826445,0.265513356264
369,0.334753399699,0.183555879295,0.183555879295,0.298134841712
370,0.335461383447,0.183643988044,0.183643988044,0.297250640464
371,0.336162776719,0.183727718738,0.183727718738,0.296381785805
372,0.336857784615,0.183807203218,0.183807203218,0.29552780895
373,0.33709510182,0.183636606806,0.183636606806,0.295631684567
374,0.337332410678,0.183466073259,0.183466073259,0.295735442804
375,0.336362311423,0.183629692267,0.183629692267,0.296378304043
376,0.33659595892,0.18346010165,0.18346010165,0.296483837781
377,0.337287067978,0.183539513499,0.183539513499,0.295633905024
378,0.336326731185,0.183701520337,0.183701520337,0.296270228141
379,0.337009009899,0.183779131738,0.183779131738,0.295432726624
380,0.337242395809,0.183611622678,0.183611622678,0.295534358835
381,0.337475773949,0.183444174218,0.183444174218,0.295635877616
382,0.337709144132,0.183276786499,0.183276786499,0.295737282871
383,0.336751325493,0.183438912092,0.183438912092,0.296370850322
384,0.33580908153,0.183596421456,0.183596421456,0.296998075559
385,0.334881992109,0.183749437929,0.183749437929,0.297619132032
386,0.333969651855,0.183898080522,0.183898080522,0.298234187102
387,0.33307166951,0.184042464095,0.184042464095,0.298843402301
388,0.332187667334,0.184182699542,0.184182699542,0.299446933583
389,0.332853841959,0.184271027108,0.184271027108,0.298604103826
390,0.331981177231,0.184409313643,0.184409313643,0.299200195483
391,0.332639057973,0.184495703132,0.184495703132,0.298369535764
392,0.331777476661,0.184632083658,0.184632083658,0.298958356022
393,0.332427259459,0.184716590454,0.184716590454,0.298139559632
394,0.332638864019,0.184557316356,0.184557316356,0.29824650327
395,0.333284477242,0.184638544397,0.184638544397,0.297438433965
396,0.333924542511,0.184716046092,0.184716046092,0.296643365306
397,0.33306627262,0.184855269962,0.184855269962,0.297223187457
398,0.332220934271,0.184990644326,0.184990644326,0.297797777077
399,0.33285114048,0.185068422191,0.185068422191,0.297012015137
400,0.333061128488,0.184912268027,0.184912268027,0.297114335457
401,0.333687497291,0.184987002029,0.184987002029,0.296338498652
402,0.333898909458,0.184831412837,0.184831412837,0.296438264869
403,0.333055928945,0.184968294751,0.184968294751,0.297007481553
404,0.333676367721,0.185041951515,0.185041951515,0.296239729249
405,0.333886215573,0.184887635153,0.184887635153,0.296338514121
406,0.33305067897,0.185023374824,0.185023374824,0.296902571382
407,0.333257600518,0.184869815463,0.184869815463,0.297002768556
408,0.332431487695,0.18500258731,0.18500258731,0.297563337685
409,0.333045383257,0.185077532105,0.185077532105,0.296799552533
410,0.332229249642,0.185208546426,0.185208546426,0.297353657506
411,0.332836084608,0.185281936486,0.185281936486,0.29660004242
412,0.333040046232,0.185130789654,0.185130789654,0.29669837446
413,0.333243998151,0.184979691356,0.184979691356,0.296796619138
414,0.333447940231,0.184828641695,0.184828641695,0.296894776379
415,0.334053919333,0.184900175389,0.184900175389,0.296145729889
416,0.334259191181,0.18474965168,0.18474965168,0.296241505459
417,0.33486168791,0.184818419094,0.184818419094,0.295501473903
418,0.33545949377,0.184884028265,0.184884028265,0.294772449701
419,0.334635812043,0.185021328351,0.185021328351,0.295321531256
420,0.333824018861,0.18515508518,0.18515508518,0.295865810779
421,0.333023827846,0.185285383247,0.185285383247,0.29640540566
422,0.333223478333,0.185137831856,0.185137831856,0.296500857956
423,0.33243195934,0.185265396412,0.185265396412,0.297037247836
424,0.331651539568,0.185389652183,0.185389652183,0.297569156065
425,0.332236035178,0.185461194416,0.185461194416,0.296841575989
426,0.332431678314,0.185315422593,0.185315422593,0.296937476501
427,0.333012879447,0.185384336794,0.185384336794,0.296218446966
428,0.332236979333,0.185509304034,0.185509304034,0.296744412599
429,0.33281184345,0.185576850869,0.185576850869,0.296034454813
430,0.332044803131,0.185700246894,0.185700246894,0.296554703081
431,0.33223779977,0.185556651835,0.185556651835,0.296648896561
432,0.332807660845,0.18562330119,0.18562330119,0.295945736774
433,0.332046807057,0.185745765259,0.185745765259,0.296461662426
434,0.332610568977,0.185811109086,0.185811109086,0.295767212851
435,0.33280344649,0.185669027733,0.185669027733,0.295858498044
436,0.332996316868,0.185526988733,0.185526988733,0.295949705665
437,0.33223909096,0.185649133431,0.185649133431,0.296462642178
438,0.331492093439,0.185768224495,0.185768224495,0.296971457571
439,0.332050429729,0.185834688372,0.185834688372,0.296280193526
440,0.332239571844,0.185694301564,0.185694301564,0.296371825028
441,0.332428705951,0.185553956202,0.185553956202,0.296463381644
442,0.332985214165,0.185618444997,0.185618444997,0.295777895842
443,0.332239949298,0.185738776594,0.185738776594,0.296282497514
444,0.331504607542,0.185856144647,0.185856144647,0.296783103164
445,0.33077896679,0.185970614773,0.185970614773,0.297279803665
446,0.330062811426,0.186082250668,0.186082250668,0.297772687238
447,0.329355932089,0.186191114184,0.186191114184,0.298261839542
448,0.329534614258,0.186054039882,0.186054039882,0.298357305978
449,0.328834593799,0.186160727234,0.186160727234,0.298843951734
450,0.329378145891,0.186231786267,0.186231786267,0.298158281575
451,0.328685488958,0.186337254758,0.186337254758,0.298640001526
452,0.329223440691,0.18640698243,0.18640698243,0.297962594449
453,0.329399935206,0.186271838448,0.186271838448,0.298056387897
454,0.329576418842,0.186136732863,0.186136732863,0.298150115433
455,0.330112586451,0.186204556642,0.186204556642,0.297478300265
456,0.330644865048,0.186269722859,0.186269722859,0.296815689234
457,0.330823494645,0.186135450935,0.186135450935,0.296905603485
458,0.331002115712,0.186001216779,0.186001216779,0.296995450731
459,0.331532710064,0.186064561631,0.186064561631,0.296338166674
460,0.331712378684,0.185930751133,0.185930751133,0.296426119049
461,0.331011509709,0.186041848522,0.186041848522,0.296904793247
462,0.33118900947,0.185908601406,0.185908601406,0.296993787718
463,0.330494866939,0.186017569322,0.186017569322,0.297469994417
464,0.331020681785,0.186081883096,0.186081883096,0.296815552023
465,0.331197082268,0.185949571811,0.185949571811,0.296903774111
466,0.33172022563,0.186011737565,0.186011737565,0.29625629924
467,0.331897643019,0.185879836895,0.185879836895,0.296342683191
468,0.331204952957,0.185989945066,0.185989945066,0.296815156912
469,0.331723944379,0.186051352589,0.186051352589,0.296173350442
470,0.332239375279,0.186110330334,0.186110330334,0.295539964053
471,0.331552298454,0.186220514514,0.186220514514,0.296006672517
472,0.332062723868,0.186278432355,0.186278432355,0.295380411422
473,0.332569745173,0.186334020662,0.186334020662,0.294762213502
474,0.332746922304,0.186204612099,0.186204612099,0.294843853498
475,0.332924095031,0.186075238191,0.186075238191,0.294925428587
476,0.333429693889,0.186129237629,0.186129237629,0.294311830853
477,0.33393201889,0.186180999325,0.186180999325,0.293705982459
478,0.333243305188,0.186294800773,0.186294800773,0.294167093266
479,0.333420311412,0.186166646934,0.186166646934,0.294246394721
480,0.332738101043,0.186278392127,0.186278392127,0.294705114704
481,0.333235098382,0.186330827955,0.186330827955,0.294103245709
482,0.332559785572,0.186441315089,0.186441315089,0.29455758425
483,0.333052134851,0.186492829167,0.186492829167,0.293962206814
484,0.317222367194,0.177415355855,0.177415355855,0.327946921096
485,0.317798530017,0.177523878849,0.177523878849,0.327153712284
486,0.31710156885,0.177597602608,0.177597602608,0.327703225933
487,0.316412674647,0.177669004514,0.177669004514,0.328249316324
488,0.316538311015,0.177528610194,0.177528610194,0.328404468597
489,0.315855431653,0.177598134012,0.177598134012,0.328948300323
490,0.31642482496,0.177708499471,0.177708499471,0.328158176098
491,0.315748540276,0.17777719879,0.17777719879,0.328697062145
492,0.316312472869,0.177886058307,0.177886058307,0.327915410516
493,0.316872212089,0.177992063244,0.177992063244,0.327143661423
494,0.317427849728,0.178095274399,0.178095274399,0.326381601474
495,0.317554519938,0.177957605978,0.177957605978,0.326530268105
496,0.318107314125,0.178058535854,0.178058535854,0.325775614167
497,0.318235100042,0.177921368019,0.177921368019,0.32592216392
498,0.317558067893,0.177994145761,0.177994145761,0.326453640586
499,0.317683956358,0.177857416766,0.177857416766,0.32660121011
500,0.318233910731,0.177957904551,0.177957904551,0.325850280167
501,0.317561525818,0.178030205058,0.178030205058,0.326378064066
502,0.316896687136,0.17810032927,0.17810032927,0.326902654324
503,0.317440385543,0.178200818435,0.178200818435,0.326157977587
504,0.317980245922,0.178298689177,0.178298689177,0.325422375724
505,0.318516349604,0.178393995407,0.178393995407,0.324695659582
506,0.317855460484,0.178465897746,0.178465897746,0.325212744024
507,0.317980424342,0.178332116477,0.178332116477,0.325355342704
508,0.318105338008,0.178198379855,0.178198379855,0.325497902282
509,0.317448274301,0.178268911733,0.178268911733,0.326013902233
510,0.317571385029,0.178135593066,0.178135593066,0.326157428839
511,0.318104768644,0.178232220825,0.178232220825,0.325430789705
512,0.31863448784,0.178326348804,0.178326348804,0.324712814552
513,0.317980671926,0.178397693666,0.178397693666,0.325223940742
514,0.318104171685,0.178265630909,0.178265630909,0.325364566496
515,0.317455811984,0.178335270522,0.178335270522,0.325873646972
516,0.316814501851,0.178402874249,0.178402874249,0.326379749651
517,0.31693455598,0.178271578492,0.178271578492,0.326522287035
518,0.316298495145,0.178337538671,0.178337538671,0.327026427513
519,0.315669238143,0.178401533887,0.178401533887,0.327527694083
520,0.315785933587,0.178270983082,0.178270983082,0.32767210025
521,0.315161729159,0.178333393435,0.178333393435,0.328171483972
522,0.315276751117,0.1782032282,0.1782032282,0.328316792482
523,0.3146575148,0.178264079354,0.178264079354,0.328814326493
524,0.315180385289,0.178366038517,0.178366038517,0.328087537676
525,0.315699616809,0.178465507713,0.178465507713,0.327369367765
526,0.316215283936,0.178562536589,0.178562536589,0.326659642886
527,0.3155995395,0.178625104023,0.178625104023,0.327150252455
528,0.316110703767,0.178720917454,0.178720917454,0.326447461326
529,0.31550038288,0.178782799823,0.178782799823,0.326934017475
530,0.316007118269,0.178877420381,0.178877420381,0.326238040969
531,0.315402135955,0.178938628796,0.178938628796,0.326720606453
532,0.314803373813,0.178998035808,0.178998035808,0.32720055457
533,0.31530478785,0.179092623833,0.179092623833,0.326509964483
534,0.314711188059,0.179151393478,0.179151393478,0.326986024985
535,0.314822975709,0.179025684631,0.179025684631,0.327125655029
536,0.314934716223,0.178900014661,0.178900014661,0.327265254455
537,0.31504640955,0.178774383625,0.178774383625,0.327404823201
538,0.314454351926,0.178832360677,0.178832360677,0.327880926719
539,0.314953487538,0.178928069258,0.178928069258,0.327190373945
540,0.31506461999,0.178803182699,0.178803182699,0.327329014613
541,0.315175705834,0.178678334653,0.178678334653,0.32746762486
542,0.315673464569,0.178772532604,0.178772532604,0.326781470222
543,0.315785471908,0.178648105831,0.178648105831,0.32691831643
544,0.315193108558,0.178707518401,0.178707518401,0.327391854639
545,0.315303593502,0.178583443678,0.178583443678,0.327529519142
546,0.315414032359,0.178459407111,0.178459407111,0.32766715342
547,0.314824700428,0.178517717204,0.178517717204,0.328139865163
548,0.315320204872,0.178613000763,0.178613000763,0.327453793602
549,0.314735852038,0.178670701745,0.178670701745,0.327922744472
550,0.314844300107,0.178547696646,0.178547696646,0.328060306601
551,0.314264315033,0.17860402368,0.17860402368,0.328527637607
552,0.314371291965,0.178481357494,0.178481357494,0.328665993048
553,0.314478222549,0.178358728615,0.178358728615,0.328804320222
554,0.31390112854,0.178413999633,0.178413999633,0.329270872193
555,0.314393539901,0.178511405617,0.178511405617,0.328583648864
556,0.314882697451,0.178606581028,0.178606581028,0.327904140494
557,0.315368664242,0.17869956793,0.17869956793,0.327232199898
558,0.315476940743,0.178578383921,0.178578383921,0.327366291415
559,0.315585173477,0.178457236321,0.178457236321,0.327500353881
560,0.315008343481,0.178514646932,0.178514646932,0.327962362655
561,0.314437143632,0.178570430125,0.178570430125,0.328421996118
562,0.313871475821,0.178624613779,0.178624613779,0.328879296621
563,0.313311244174,0.178677225137,0.178677225137,0.329334305551
564,0.313792489997,0.178772933099,0.178772933099,0.328661643805
565,0.313896105659,0.178653344161,0.178653344161,0.328797206019
566,0.313999676996,0.178533790566,0.178533790566,0.328932741873
567,0.313441315896,0.178586441526,0.178586441526,0.329385801053
568,0.313543511121,0.178467204108,0.178467204108,0.329522080663
569,0.312989133128,0.178518599706,0.178518599706,0.329973667461
570,0.313468329069,0.178615266243,0.178615266243,0.329301138444
571,0.313570062061,0.178496700392,0.178496700392,0.329436537156
572,0.313671750875,0.178378169346,0.178378169346,0.329571910433
573,0.31377339547,0.178259673155,0.178259673155,0.329707258221
574,0.314252146692,0.178355265604,0.178355265604,0.329037322099
575,0.31369750273,0.178407983851,0.178407983851,0.329486529568
576,0.314172364374,0.17850246037,0.17850246037,0.328822714887
577,0.314644191505,0.17859485649,0.17859485649,0.328166095515
578,0.314093178064,0.178648042725,0.178648042725,0.328610736486
579,0.313547323331,0.178699736787,0.178699736787,0.329053203096
580,0.314014583017,0.178792038999,0.178792038999,0.328401338984
581,0.313473029744,0.178843231986,0.178843231986,0.328840506284
582,0.313936574476,0.17893447495,0.17893447495,0.328194475624
583,0.313399262199,0.178985174025,0.178985174025,0.32863038975
584,0.312866885569,0.179034443126,0.179034443126,0.329064228179
585,0.312339363064,0.179082305451,0.179082305451,0.329496026035
586,0.312436470927,0.178967439999,0.178967439999,0.329628649075
587,0.311912516404,0.179014172794,0.179014172794,0.330059138008
588,0.312371018227,0.179107526362,0.179107526362,0.329413929049
589,0.31282664537,0.179198895804,0.179198895804,0.328775563022
590,0.312924161875,0.179084986531,0.179084986531,0.328905865063
591,0.312402295831,0.179132459581,0.179132459581,0.329332785007
592,0.311885105349,0.179178576896,0.179178576896,0.329757740859
593,0.312337290014,0.179270155744,0.179270155744,0.329122398498
594,0.312786680767,0.179359803362,0.179359803362,0.328493712509
595,0.312883397464,0.179247082725,0.179247082725,0.328622437085
596,0.312368238363,0.179293924059,0.179293924059,0.329043913519
597,0.312463744941,0.179181482429,0.179181482429,0.329173290201
598,0.312559211612,0.179069071723,0.179069071723,0.329302644942
599,0.312046303854,0.179115077465,0.179115077465,0.329723541217
600,0.312140572383,0.17900294226,0.17900294226,0.329853543097
601,0.311631038259,0.179047879206,0.179047879206,0.330273203329
602,0.311125963741,0.179091523365,0.179091523365,0.330690989529
603,0.310625278108,0.179133894856,0.179133894856,0.331106932181
604,0.339809851947,0.171466206782,0.171466206782,0.317257734488
605,0.33995430049,0.171344623391,0.171344623391,0.317356452729
606,0.339336658155,0.171420811486,0.171420811486,0.317821718873
607,0.339479633224,0.171299580207,0.171299580207,0.317921206362
608,0.339622579263,0.171178389669,0.171178389669,0.318020641399
609,0.339765496212,0.171057239922,0.171057239922,0.318120023943
610,0.340285781796,0.171125920147,0.171125920147,0.31746237791
611,0.339668386589,0.171202429634,0.171202429634,0.317926754144
612,0.339056450081,0.171277364999,0.171277364999,0.318388819922
613,0.339197357099,0.171157145206,0.171157145206,0.318488352489
614,0.339338234977,0.171036965594,0.171036965594,0.318587833835
615,0.339855407275,0.171106293075,0.171106293075,0.317932006575
616,0.339245120534,0.171181246376,0.171181246376,0.318392386713
617,0.339758446998,0.171249699088,0.171249699088,0.317742154825
618,0.340268901414,0.171316342108,0.171316342108,0.317098414371
619,0.339662120102,0.171391662095,0.171391662095,0.317554555708
620,0.339802717543,0.171272937635,0.171272937635,0.317651407187
621,0.339943287442,0.171154252248,0.171154252248,0.317748208062
622,0.340451650374,0.171220591032,0.171220591032,0.317107167562
623,0.339846492965,0.171295917931,0.171295917931,0.317561671174
624,0.340351141947,0.171361430837,0.171361430837,0.316925996379
625,0.339750331572,0.171436173124,0.171436173124,0.31737732218
626,0.339889781516,0.171318644256,0.171318644256,0.317472929973
627,0.340029204646,0.171201153642,0.171201153642,0.31756848807
628,0.340168600911,0.171083701328,0.171083701328,0.317663996433
629,0.340307970257,0.170966287359,0.170966287359,0.317759455025
630,0.340447312632,0.170848911779,0.170848911779,0.31785486381
631,0.340952352166,0.170914907335,0.170914907335,0.317217833164
632,0.341092480366,0.170797828404,0.170797828404,0.317311862826
633,0.34159556796,0.170862349167,0.170862349167,0.316679733705
634,0.342095938821,0.17092516617,0.17092516617,0.316053728839
635,0.341489500702,0.171002909376,0.171002909376,0.316504680546
636,0.341629849638,0.170886666405,0.170886666405,0.316596817551
637,0.342127420832,0.170948964952,0.170948964952,0.315974649264
638,0.341523975842,0.171026392037,0.171026392037,0.316423240085
639,0.341663746215,0.170910724448,0.170910724448,0.316514804889
640,0.341803491705,0.17079509407,0.17079509407,0.316606320155
641,0.34194321226,0.170679500945,0.170679500945,0.31669778585
642,0.341340970656,0.170756291133,0.170756291133,0.317146447078
643,0.341479338396,0.170641020777,0.170641020777,0.317238620049
644,0.341617680748,0.170525787565,0.170525787565,0.317330744123
645,0.34101795828,0.170601660088,0.170601660088,0.317778721545
646,0.34042333428,0.170676065941,0.170676065941,0.318224533839
647,0.340559034509,0.170561430626,0.170561430626,0.318318104238
648,0.339968145233,0.17063466686,0.17063466686,0.318762521046
649,0.340102530403,0.170520343922,0.170520343922,0.318856781753
650,0.340598507764,0.170587172733,0.170587172733,0.318227146769
651,0.341091804641,0.170652324786,0.170652324786,0.317603545786
652,0.341582466626,0.170715827789,0.170715827789,0.316985877795
653,0.342070538313,0.170777708845,0.170777708845,0.316374043997
654,0.341479932712,0.170853283017,0.170853283017,0.316813501253
655,0.341616083589,0.170740243524,0.170740243524,0.316903429363
656,0.341752210357,0.170627239679,0.170627239679,0.316993310285
657,0.341888312966,0.170514271524,0.170514271524,0.317083143985
