episode,omega2,omega3,omega4,omega
1,0.25,0.25,0.25,0.25
2,0.25,0.25,0.25,0.25
3,0.25,0.25,0.25,0.25
4,0.25,0.25,0.25,0.25
5,0.25,0.25,0.25,0.25
6,0.25,0.25,0.25,0.25
7,0.25,0.25,0.25,0.25
8,0.25,0.25,0.25,0.25
9,0.25,0.25,0.25,0.25
10,0.25,0.25,0.25,0.25
11,0.25,0.25,0.25,0.25
12,0.25,0.25,0.25,0.25
13,0.25,0.25,0.25,0.25
14,0.25,0.25,0.25,0.25
15,0.25,0.25,0.25,0.25
16,0.25,0.25,0.25,0.25
17,0.25,0.25,0.25,0.25
18,0.25,0.25,0.25,0.25
19,0.25,0.25,0.25,0.25
20,0.25,0.25,0.25,0.25
21,0.25,0.25,0.25,0.25
22,0.25,0.25,0.25,0.25
23,0.25,0.25,0.25,0.25
24,0.25,0.25,0.25,0.25
25,0.25,0.25,0.25,0.25
26,0.25,0.25,0.25,0.25
27,0.25,0.25,0.25,0.25
28,0.25,0.25,0.25,0.25
29,0.25,0.25,0.25,0.25
30,0.25,0.25,0.25,0.25
31,0.25,0.25,0.25,0.25
32,0.25,0.25,0.25,0.25
33,0.25,0.25,0.25,0.25
34,0.25,0.25,0.25,0.25
35,0.25,0.25,0.25,0.25
36,0.25,0.25,0.25,0.25
37,0.25,0.25,0.25,0.25
38,0.25,0.25,0.25,0.25
39,0.25,0.25,0.25,0.25
40,0.25,0.25,0.25,0.25
41,0.25,0.25,0.25,0.25
42,0.25,0.25,0.25,0.25
43,0.25,0.25,0.25,0.25
44,0.25,0.25,0.25,0.25
45,0.25,0.25,0.25,0.25
46,0.25,0.25,0.25,0.25
47,0.25,0.25,0.25,0.25
48,0.25,0.25,0.25,0.25
49,0.25,0.25,0.25,0.25
50,0.25,0.25,0.25,0.25
51,0.25,0.25,0.25,0.25
52,0.25,0.25,0.25,0.25
53,0.25,0.25,0.25,0.25
54,0.25,0.25,0.25,0.25
55,0.25,0.25,0.25,0.25
56,0.25,0.25,0.25,0.25
57,0.25,0.25,0.25,0.25
58,0.25,0.25,0.25,0.25
59,0.25,0.25,0.25,0.25
60,0.274515391479,0.24182820284,0.24182820284,0.24182820284
61,0.274943548562,0.241685483813,0.241685483813,0.241685483813
62,0.275372119961,0.24154262668,0.24154262668,0.24154262668
63,0.275801105287,0.241399631571,0.241399631571,0.241399631571
64,0.275001965728,0.241666011424,0.241666011424,0.241666011424
65,0.275411101528,0.241529632824,0.241529632824,0.241529632824
66,0.274664268665,0.241778577112,0.241778577112,0.241778577112
67,0.275055309868,0.241648230044,0.241648230044,0.241648230044
68,0.275446696382,0.241517767873,0.241517767873,0.241517767873
69,0.275838427908,0.241387190697,0.241387190697,0.241387190697
70,0.27623050415,0.241256498617,0.241256498617,0.241256498617
71,0.276622924806,0.241125691731,0.241125691731,0.241125691731
72,0.275854757538,0.241381747487,0.241381747487,0.241381747487
73,0.27623050415,0.241256498617,0.241256498617,0.241256498617
74,0.276606567073,0.241131144309,0.241131144309,0.241131144309
75,0.276982946041,0.241005684653,0.241005684653,0.241005684653
76,0.27623050415,0.241256498617,0.241256498617,0.241256498617
77,0.276591518486,0.241136160505,0.241136160505,0.241136160505
78,0.276952824099,0.2410157253,0.2410157253,0.2410157253
79,0.277314420753,0.240895193082,0.240895193082,0.240895193082
80,0.276577627931,0.24114079069,0.24114079069,0.24114079069
81,0.276925021024,0.241024992992,0.241024992992,0.241024992992
82,0.277272683216,0.240909105595,0.240909105595,0.240909105595
83,0.277620614297,0.240793128568,0.240793128568,0.240793128568
84,0.277968814054,0.240677061982,0.240677061982,0.240677061982
85,0.278317282274,0.240560905909,0.240560905909,0.240560905909
86,0.277569051993,0.240810316002,0.240810316002,0.240810316002
87,0.276875376959,0.241041541014,0.241041541014,0.241041541014
88,0.277198161532,0.240933946156,0.240933946156,0.240933946156
89,0.277521177992,0.240826274003,0.240826274003,0.240826274003
90,0.276853124505,0.241048958498,0.241048958498,0.241048958498
91,0.277164759268,0.240945080244,0.240945080244,0.240945080244
92,0.277476610217,0.240841129928,0.240841129928,0.240841129928
93,0.275008276321,0.238327557749,0.238327557749,0.248336608182
94,0.274326753781,0.238515054024,0.238515054024,0.248643138172
95,0.273688178686,0.238688362665,0.238688362665,0.248935095984
96,0.273947142398,0.238566688238,0.238566688238,0.248919481125
97,0.273338011958,0.238730229693,0.238730229693,0.249201528657
98,0.272764716564,0.238881933548,0.238881933548,0.24947141634
99,0.273124925122,0.238870536275,0.238870536275,0.249134002329
100,0.273367249585,0.238755765495,0.238755765495,0.249121219424
101,0.273609699865,0.238640972077,0.238640972077,0.249108355981
102,0.273852275878,0.238526156073,0.238526156073,0.249095411977
103,0.273279517815,0.238679141591,0.238679141591,0.249362199003
104,0.272738496346,0.238821645141,0.238821645141,0.249618213372
105,0.272226516989,0.238954556016,0.238954556016,0.249864370978
106,0.272445705704,0.238847378865,0.238847378865,0.249859536565
107,0.272664996543,0.238740184676,0.238740184676,0.249854634105
108,0.272884389439,0.238632973492,0.238632973492,0.249849663577
109,0.273225500873,0.238631963824,0.238631963824,0.249510571479
110,0.273559959904,0.238624779365,0.238624779365,0.249190481366
111,0.27378201309,0.238519310294,0.238519310294,0.249179366323
112,0.274111708323,0.238507391448,0.238507391448,0.248873508781
113,0.274335023318,0.238402681596,0.238402681596,0.24885961349
114,0.27379662287,0.238548200703,0.238548200703,0.249106975725
115,0.274013025575,0.238445759282,0.238445759282,0.249095455861
116,0.274333308251,0.238433499224,0.238433499224,0.248799693301
117,0.274550890491,0.238331762764,0.238331762764,0.248785583982
118,0.27476857381,0.238230007728,0.238230007728,0.248771410734
119,0.274986358147,0.238128234154,0.238128234154,0.248757173545
120,0.275204243443,0.238026442078,0.238026442078,0.2487428724
121,0.274654300529,0.238176791151,0.238176791151,0.248992117169
122,0.274844593447,0.238058947885,0.238058947885,0.249037510783
123,0.275055811882,0.237959152163,0.237959152163,0.249025883792
124,0.275267124776,0.237859339635,0.237859339635,0.249014195954
125,0.274725590635,0.238006596166,0.238006596166,0.249261217034
126,0.27503358254,0.237997887667,0.237997887667,0.248970642126
127,0.2745131796,0.238139234831,0.238139234831,0.249208350739
128,0.274713226473,0.238044079792,0.238044079792,0.249198613942
129,0.27491335804,0.237948909902,0.237948909902,0.249188822155
130,0.275113574253,0.237853725191,0.237853725191,0.249178975365
131,0.275414328373,0.237845276242,0.237845276242,0.248895119144
132,0.275710643664,0.237832714967,0.237832714967,0.248623926403
133,0.275912747566,0.237738702936,0.237738702936,0.248609846562
134,0.276114937968,0.237644675008,0.237644675008,0.248595712016
135,0.276408881792,0.237629437547,0.237629437547,0.248332243114
136,0.275869333478,0.237779793294,0.237779793294,0.248571079935
137,0.276154325712,0.237763607375,0.237763607375,0.248318459538
138,0.275635096047,0.237908090043,0.237908090043,0.248548723867
139,0.275827771486,0.237818742513,0.237818742513,0.248534743488
140,0.275327030013,0.237957099954,0.237957099954,0.248758770079
141,0.275514575414,0.237869434323,0.237869434323,0.24874655594
142,0.275031161074,0.238002050839,0.238002050839,0.248964737248
143,0.27456874857,0.238127735937,0.238127735937,0.249175779556
144,0.274833485789,0.238118437353,0.238118437353,0.248929639505
145,0.275012130416,0.238034401489,0.238034401489,0.248919066605
146,0.27456080924,0.238157189531,0.238157189531,0.249124811698
147,0.274734991414,0.23807461653,0.23807461653,0.249115775526
148,0.27490923788,0.237992032155,0.237992032155,0.24910669781
149,0.275168628357,0.237983018707,0.237983018707,0.248865334229
150,0.275343629139,0.237900880218,0.237900880218,0.248854610424
151,0.274894204688,0.238023725571,0.238023725571,0.24905834417
152,0.275147141977,0.238014108774,0.238014108774,0.248824640474
153,0.275397033141,0.238001658734,0.238001658734,0.248599649392
154,0.275644114596,0.23798658754,0.23798658754,0.248382710323
155,0.275816712529,0.237907079959,0.237907079959,0.248369127552
156,0.264513102688,0.227938144999,0.227938144999,0.279610607314
157,0.264602361057,0.22779624771,0.22779624771,0.279805143524
158,0.264691558985,0.227654360866,0.227654360866,0.279999719282
159,0.264165922604,0.227702725366,0.227702725366,0.280428626664
160,0.264620637342,0.227880343191,0.227880343191,0.279618676275
161,0.264708333382,0.227741661837,0.227741661837,0.279808342943
162,0.264795972027,0.227602990566,0.227602990566,0.279998046841
163,0.264883553201,0.227464329463,0.227464329463,0.280187787872
164,0.264971076831,0.227325678615,0.227325678615,0.280377565938
165,0.265058542841,0.227187038108,0.227187038108,0.280567380944
166,0.265145951158,0.227048408026,0.227048408026,0.280757232791
167,0.264613089176,0.22710132176,0.22710132176,0.281184267303
168,0.264696517103,0.226963811461,0.226963811461,0.281375859974
169,0.264779885711,0.226826311075,0.226826311075,0.281567492139
170,0.264863194926,0.226688820685,0.226688820685,0.281759163704
171,0.264946444679,0.226551340375,0.226551340375,0.281950874571
172,0.265411867249,0.226740409962,0.226740409962,0.281107312827
173,0.265497613023,0.226604881553,0.226604881553,0.281292623872
174,0.264962268912,0.226660869715,0.226660869715,0.281715991658
175,0.264444823551,0.226711150073,0.226711150073,0.282132876302
176,0.264523125308,0.226577713373,0.226577713373,0.282321447946
177,0.264601369202,0.226444285851,0.226444285851,0.282510059095
178,0.265057465988,0.226633995393,0.226633995393,0.281674543226
179,0.264548391234,0.226684196052,0.226684196052,0.282083216663
180,0.264625538498,0.226553615466,0.226553615466,0.28226723057
181,0.264702630708,0.226423043764,0.226423043764,0.282451281764
182,0.265149009458,0.226608136823,0.226608136823,0.281634716895
183,0.265228380054,0.226479348998,0.226479348998,0.281812921951
184,0.265664794466,0.226655230478,0.226655230478,0.281024744578
185,0.265746346329,0.226528143638,0.226528143638,0.281197366394
186,0.2658278505,0.226401066117,0.226401066117,0.281370017267
187,0.265315255056,0.226457106813,0.226457106813,0.281770531318
188,0.265742791187,0.226628988372,0.226628988372,0.280999232069
189,0.265823029954,0.226504485602,0.226504485602,0.281167998841
190,0.265321946192,0.226559245418,0.226559245418,0.281559562971
191,0.265398907989,0.226435663712,0.226435663712,0.281729764587
192,0.265475823077,0.226312090569,0.226312090569,0.281899995786
193,0.265896886785,0.226481699675,0.226481699675,0.281139713866
194,0.265975808475,0.22635968631,0.22635968631,0.281304818905
195,0.265479514997,0.226414977588,0.226414977588,0.281690529827
196,0.265890340692,0.226579377118,0.226579377118,0.280950905073
197,0.265968070295,0.226459738506,0.226459738506,0.281112452693
198,0.265482555729,0.226513791226,0.226513791226,0.281489861818
199,0.265011669661,0.226563183409,0.226563183409,0.28186196352
200,0.265083458759,0.226445217075,0.226445217075,0.28202610709
201,0.264623632919,0.226490978715,0.226490978715,0.28239440965
202,0.264177033579,0.226532523888,0.226532523888,0.282757918645
203,0.264243292529,0.226416104934,0.226416104934,0.282924497602
204,0.259124671756,0.221860478882,0.221860478882,0.297154370481
205,0.259603868102,0.222100828507,0.222100828507,0.296194474883
206,0.259140310624,0.222114401573,0.222114401573,0.296630886231
207,0.259176178711,0.221978135985,0.221978135985,0.296867549319
208,0.25872219242,0.221988542801,0.221988542801,0.297300721977
209,0.259189569132,0.22222510812,0.22222510812,0.296360214628
210,0.258746683461,0.222234828223,0.222234828223,0.296783660092
211,0.258314870158,0.222241049443,0.222241049443,0.297203030956
212,0.258768733541,0.222472123387,0.222472123387,0.296287019684
213,0.258801964847,0.222341379977,0.222341379977,0.2965152752
214,0.258835114024,0.222210639231,0.222210639231,0.296743607513
215,0.25886818103,0.222079901227,0.222079901227,0.296972016515
216,0.259316726182,0.222305415018,0.222305415018,0.296072443783
217,0.258591574533,0.221525033025,0.221525033025,0.298358359417
218,0.258622499914,0.221392891702,0.221392891702,0.298591716682
219,0.258653340052,0.221260753119,0.221260753119,0.29882515371
220,0.259100698624,0.221484738997,0.221484738997,0.297929823382
221,0.259536961758,0.221698812862,0.221698812862,0.297065412518
222,0.259572019718,0.221569998929,0.221569998929,0.297287982424
223,0.25999982071,0.221776260189,0.221776260189,0.296447658913
224,0.259556898613,0.221792779254,0.221792779254,0.296857542879
225,0.259124899418,0.221805859007,0.221805859007,0.297263382569
226,0.25915744662,0.221679768428,0.221679768428,0.297483016524
227,0.28945313539,0.212502876323,0.212502876323,0.285541111963
228,0.2886740601,0.21262410552,0.21262410552,0.286077728861
229,0.287915838414,0.212738831146,0.212738831146,0.286606499294
230,0.287177525782,0.212847345069,0.212847345069,0.28712778408
231,0.287757676105,0.212998556824,0.212998556824,0.286245210248
232,0.288327424729,0.21314132033,0.21314132033,0.28538993461
233,0.288491822367,0.212984089308,0.212984089308,0.285539999017
234,0.28776306354,0.213094104662,0.213094104662,0.286048727136
235,0.287923281306,0.21293803399,0.21293803399,0.286200650714
236,0.288083473472,0.212781992831,0.212781992831,0.286352540867
237,0.287365225789,0.212888393662,0.212888393662,0.286857986887
238,0.286664988234,0.212989172035,0.212989172035,0.287356667696
239,0.287223341575,0.213136694455,0.213136694455,0.286503269515
240,0.286537968525,0.213235038691,0.213235038691,0.286991954092
241,0.27221644702,0.20232699631,0.20232699631,0.32312956036
242,0.272289703607,0.202131394983,0.202131394983,0.323447506428
243,0.271562269325,0.20215800086,0.20215800086,0.324121728954
244,0.270850650745,0.202179833197,0.202179833197,0.32478968286
245,0.27158116533,0.202481335688,0.202481335688,0.323456163294
246,0.271650491547,0.202289454708,0.202289454708,0.323770599036
247,0.270949560403,0.202311316049,0.202311316049,0.324427807498
248,0.271015297625,0.202120240051,0.202120240051,0.324744222274
249,0.271080864976,0.201929206098,0.201929206098,0.325060722828
250,0.271804350331,0.202227844985,0.202227844985,0.323739959699
251,0.271873020738,0.202038873463,0.202038873463,0.324049232337
252,0.271175799193,0.202062237752,0.202062237752,0.324699725302
253,0.271240972743,0.201874049928,0.201874049928,0.325010927401
254,0.271954351843,0.202167894652,0.202167894652,0.323709858853
255,0.271267373633,0.202191228923,0.202191228923,0.32435016852
256,0.27133230943,0.202005763022,0.202005763022,0.324656164526
257,0.272032786902,0.202293066637,0.202293066637,0.323381079823
258,0.263010107081,0.22876602891,0.19535731803,0.312866545978
259,0.263627015456,0.229178189912,0.195589104516,0.311605690116
260,0.263666176348,0.22908785707,0.19539194926,0.311854017321
261,0.26296651038,0.229227210374,0.195390744326,0.31241553492
262,0.263571545011,0.229633309904,0.195616699099,0.311178445986
263,0.264163891002,0.230027867724,0.19583247673,0.309975764544
264,0.25411247874,0.221158497477,0.226365744238,0.298363279545
265,0.253407237021,0.221260837538,0.226490534785,0.298841390655
266,0.253578861366,0.220642943093,0.226547544892,0.29923065065
267,0.254090310288,0.220971918672,0.226907935968,0.298029835072
268,0.254260126563,0.220368948514,0.226963024226,0.298407900697
269,0.254444265265,0.220410418445,0.226342184306,0.298803131983
270,0.254623675114,0.220447686586,0.225735464852,0.299193173448
271,0.254791070339,0.219856710653,0.225782769834,0.299569449175
272,0.254953753392,0.219279908156,0.225825813437,0.299940525014
273,0.247153496209,0.212452883401,0.249455307982,0.290938312408
274,0.247438014323,0.212579183136,0.248534856798,0.291447945743
275,0.2477147846,0.212698624094,0.247637636888,0.291948954418
276,0.248184303999,0.212983277192,0.24810672801,0.2907256908
277,0.24831346311,0.212406592416,0.248235564553,0.291044379921
278,0.247582412112,0.212479587283,0.248461155437,0.291476845168
279,0.248042330127,0.212756827769,0.248925889742,0.290274952362
280,0.248491760511,0.213024706838,0.249380110772,0.289103421879
281,0.247771410843,0.213099172551,0.249608215821,0.289521200785
282,0.248209198227,0.213360795503,0.250055844651,0.288374161619
283,0.247500748015,0.21343392774,0.250282866319,0.288782457926
284,0.247781421086,0.213563790118,0.249386650518,0.289268138278
285,0.247084027761,0.213634839452,0.249606351085,0.289674781702
286,0.247209531439,0.213064146518,0.249742067243,0.2899842548
287,0.246522525979,0.213130332765,0.249958914688,0.290388226567
288,0.24695260041,0.213393525699,0.250407104224,0.289246769666
289,0.247373185212,0.213648199759,0.250845713721,0.288132901308
290,0.247452061817,0.213607587293,0.250937843356,0.288002507534
291,0.247577253996,0.213046234428,0.251076951603,0.288299559973
292,0.247859022156,0.213178252633,0.250183454336,0.288779270875
293,0.247981940218,0.212628271945,0.250315554314,0.289074233523
294,0.24136147741,0.206842675986,0.243640605253,0.308155241351
295,0.241597516265,0.20693592542,0.242752654132,0.308713904183
296,0.239234287908,0.204803836999,0.240382026517,0.315579848577
297,0.238523857516,0.204835313399,0.240549547216,0.316091281869
298,0.237825612617,0.204863263862,0.240713036023,0.316598087498
299,0.238335863509,0.205199688709,0.241239283761,0.315225164021
300,0.238835027841,0.205526183585,0.241754351794,0.31388443678
301,0.239323533958,0.205843131592,0.242258672357,0.312574662092
302,0.239801788647,0.206150896545,0.242752655929,0.311294658878
303,0.239111218324,0.206186722352,0.242926709204,0.31177535012
304,0.239337457707,0.20628059351,0.242037283834,0.31234466495
305,0.227909891335,0.196335046173,0.230489342472,0.34526572002
306,0.228497208993,0.196744459298,0.231091862327,0.343666469382
307,0.229072157784,0.197142778797,0.231681916694,0.342103146725
308,0.228365605996,0.197134480973,0.231794421186,0.342705491845
309,0.227670299093,0.197123028726,0.231903268913,0.343303403267
310,0.226985852116,0.197108528809,0.23200857968,0.343897039396
311,0.226311897627,0.197091083128,0.232110467843,0.344486551402
312,0.226872413115,0.197491133147,0.232704335241,0.342932118498
313,0.227030730917,0.197540832576,0.231800825098,0.343627611408
314,0.227583903173,0.197933860529,0.23238110636,0.342101129938
315,0.227740210948,0.197981492373,0.231496127808,0.342782168871
316,0.215547215755,0.187298204319,0.219113458637,0.378041121288
317,0.214854547413,0.18723613387,0.219149966428,0.378759352289
318,0.214933775457,0.187223640094,0.21826316598,0.379579418469
319,0.214910995949,0.18661765091,0.218250616483,0.380220736658
320,0.214884858775,0.186023302923,0.218234655248,0.380857183054
321,0.214959900408,0.186004147977,0.21736161336,0.381674338254
322,0.214270646942,0.185939095658,0.217391406417,0.382398850983
323,0.21494819204,0.186444662411,0.218088643302,0.380518502246
324,0.215611857643,0.186937712592,0.218771859649,0.378678570116
325,0.215588998267,0.186353261096,0.218758519056,0.379299221581
326,0.216242891154,0.186834426593,0.21943190941,0.377490772843
327,0.216220532882,0.186261003447,0.219419104976,0.378099358696
328,0.216304052474,0.186247719911,0.21855384236,0.378894385255
329,0.216279324023,0.185683818021,0.218535771774,0.379501086183
330,0.216358191236,0.185665171,0.217685794981,0.380290842782
331,0.216431984735,0.185642149262,0.216852607068,0.381073258935
332,0.215742408152,0.185584423087,0.216887284056,0.381785884705
333,0.216403729513,0.186068636553,0.217555593497,0.379972040437
334,0.217052042523,0.186541191408,0.218210846454,0.378195919616
335,0.216371829662,0.186487383428,0.218250653372,0.378890133538
336,0.216349185877,0.185930857356,0.218233462019,0.379486494749
337,0.216323721699,0.185384018655,0.218213424599,0.380078835046
338,0.216399520094,0.185363806829,0.217386362307,0.380850310769
339,0.217046112837,0.18583228175,0.218038847465,0.379082757947
340,0.217680289761,0.186289661878,0.218678877426,0.377351170935
341,0.217004496068,0.18623871726,0.218722477294,0.378034309377
342,0.217082529831,0.186221930008,0.217907405543,0.378788134618
343,0.217155871687,0.186201097114,0.217107817511,0.379535213688
344,0.217134514684,0.185661218532,0.217086324755,0.380117942029
345,0.21776795237,0.186117850691,0.217719480968,0.378394715972
346,0.217096860187,0.186068061099,0.21776049039,0.379074588324
347,0.216435153693,0.186015761708,0.217798553315,0.379750531284
348,0.217056116527,0.186467806736,0.218427392031,0.378048684706
349,0.217665512177,0.186909487715,0.219044613029,0.376380387079
350,0.218263699499,0.187341125993,0.219650576813,0.374744597696
351,0.218851023052,0.187763030097,0.220245629522,0.37314031733
352,0.219427813777,0.188175496354,0.220830103619,0.37156658625
353,0.21877368649,0.188135162085,0.220883446416,0.372207705009
354,0.218763796387,0.187603521045,0.22087948319,0.372753199378
355,0.219332883796,0.188009689883,0.221460112386,0.371197313935
356,0.219425983435,0.188007635838,0.22065915792,0.371907222807
357,0.219988792213,0.188407827002,0.221228622121,0.370374758664
358,0.220541852499,0.188799288832,0.221788300659,0.36887055801
359,0.221085450603,0.189182277475,0.222338481002,0.36739379092
360,0.221184835566,0.189184950333,0.221549451883,0.368080762218
361,0.220533817204,0.18915352295,0.221610110872,0.368702548973
362,0.221071270001,0.189533672171,0.222153190967,0.367241866861
363,0.221168202851,0.18953594769,0.221376057777,0.367919791682
364,0.220524391202,0.189505333767,0.221435267927,0.368535007105
365,0.22052478086,0.188979659643,0.221438173691,0.369057385806
366,0.220874120318,0.189198772269,0.221791478588,0.368135628824
367,0.221400845431,0.189569547631,0.222322915896,0.366706691041
368,0.220763295862,0.189540125843,0.222385227393,0.367311350902
369,0.221280900963,0.189905601492,0.22291108137,0.365902416175
370,0.221380491565,0.189912145363,0.222139633213,0.366567729858
371,0.209476230353,0.179625376245,0.210196500798,0.400701892604
372,0.210075024313,0.180064007628,0.210799309275,0.399061658784
373,0.210664154976,0.18049396421,0.211392432216,0.397449448598
374,0.211243881397,0.180915478423,0.211976129302,0.395864510878
375,0.210594178497,0.180853100251,0.21199307341,0.396559647842
376,0.210641527016,0.18082013878,0.211217737951,0.397320596254
377,0.209999035819,0.180756068222,0.211230404779,0.39801449118
378,0.209364830503,0.180689844418,0.211240528512,0.398704796566
379,0.236289389212,0.174332516219,0.203892784185,0.385485310384
380,0.236408712315,0.174280290779,0.203131307873,0.386179689033
381,0.236441390037,0.173747031271,0.203078079613,0.386733499079
382,0.237150810469,0.174127105448,0.203605879022,0.38511620506
383,0.237850407321,0.174499242348,0.204124792783,0.383525557548
384,0.238540439775,0.174863650424,0.204635053641,0.381960856161
385,0.238579883552,0.174339252254,0.204586980693,0.382493883502
386,0.266491787623,0.167756987689,0.196944736337,0.368806488351
387,0.265362795549,0.167823584965,0.197105025661,0.369708593825
388,0.265572438395,0.167756922718,0.196351958028,0.370318680858
389,0.265684556601,0.16724037349,0.196281633292,0.370793436617
390,0.266503506672,0.16755586707,0.196733082598,0.369207543659
391,0.266713448072,0.167487931688,0.195990469343,0.369808150897
392,0.267526721185,0.16779834236,0.196432843468,0.368242092987
393,0.268330336105,0.168101724159,0.196867310693,0.366700629043
394,0.28756139589,0.163502430295,0.191558160019,0.357378013796
395,0.286264355714,0.163618894536,0.191771869595,0.358344880155
396,0.286533706471,0.163540497047,0.191039236636,0.358886559846
397,0.271121480913,0.154524355338,0.180578100465,0.393776063284
398,0.271310575063,0.154412747662,0.179854420879,0.394422256397
399,0.272298701622,0.154755258964,0.180322628367,0.392623411047
400,0.2732756419,0.155090139134,0.180782273821,0.390851945145
401,0.273389517627,0.154574407733,0.180670415397,0.391365659243
402,0.274359469764,0.154901840017,0.181123750384,0.389614939836
403,0.275318724731,0.155221994782,0.181568898765,0.387890381723
404,0.27400543132,0.155298519431,0.181729272561,0.388966776687
405,0.272712813606,0.155369988439,0.18188382546,0.390033372496
406,0.272909306301,0.155265561004,0.18116489155,0.390660241145
407,0.260408968033,0.147947601815,0.172692016482,0.418951413669
408,0.260542430517,0.147817432798,0.17198279658,0.419657340105
409,0.261567656032,0.148192572731,0.172483422017,0.41775634922
410,0.262581635592,0.148560019695,0.172975438919,0.415882905794
411,0.263584628609,0.14891994979,0.173459042597,0.414036379004
412,0.263728607471,0.148793940281,0.172758386998,0.41471906525
413,0.263868901704,0.148665917136,0.172068228369,0.415396952792
414,0.262564758452,0.148707413613,0.172177339669,0.416550488265
415,0.262633761406,0.148193705279,0.172046714085,0.41712581923
416,0.261346192543,0.148230137989,0.172151059715,0.418272609752
417,0.260078147691,0.148262021303,0.172250172755,0.419409658251
418,0.258829088362,0.148289481735,0.172344194549,0.420537235355
419,0.257598495549,0.148312641241,0.172433261349,0.421655601862
420,0.258589512089,0.148686710287,0.1729304963,0.419793281325
421,0.259569809006,0.149053377939,0.173419456085,0.417957356969
422,0.259698451551,0.148930416647,0.17273209457,0.418639037232
423,0.259823589316,0.148805513029,0.172054827431,0.419316070223
424,0.259945327272,0.148678735116,0.171387329912,0.419988607701
425,0.260928437394,0.149044054127,0.171866187786,0.418161320692
426,0.261901156483,0.149402222166,0.172337099446,0.416359521905
427,0.260667997717,0.149436574693,0.17243465795,0.41746076964
428,0.261627813321,0.14979105903,0.172901786365,0.415679341285
429,0.261697263671,0.149281968151,0.172780002326,0.416240765853
430,0.2604762902,0.149314980298,0.172877246475,0.417331483027
431,0.259272976089,0.149343850548,0.172969739763,0.418413433599
432,0.260221232728,0.149697891166,0.173439016372,0.416641859734
433,0.259032570904,0.149725924154,0.173530754034,0.417710750908
434,0.257860723294,0.149750005411,0.173617952555,0.41877131874
435,0.25798073183,0.149631780465,0.17295182041,0.419435667295
436,0.258918307242,0.149987219872,0.173420519555,0.417673953332
437,0.257757433239,0.150011163775,0.173506097575,0.418725305411
438,0.256612642098,0.150031322239,0.173587333624,0.419768702039
439,0.25753575041,0.150386209478,0.174056017471,0.418022022641
440,0.258449375868,0.150734468817,0.174517321204,0.416298834111
441,0.258512690882,0.150230076808,0.174404004181,0.416853228129
442,0.25942049393,0.150571772994,0.174859969582,0.415147763494
443,0.260319174526,0.150907110063,0.175308836826,0.413464878585
444,0.24579158835,0.142309804259,0.165377414909,0.446521192482
445,0.245861075734,0.14217454404,0.164714628324,0.447249751902
446,0.24682689087,0.142557083161,0.165212563308,0.44540346266
447,0.247783199244,0.142932979045,0.16570310877,0.443580712941
448,0.246628782053,0.142927609202,0.165751811006,0.444691797738
449,0.245490023326,0.142918743632,0.165796472017,0.445794761025
450,0.245504657529,0.142418754879,0.165661155236,0.446415432357
451,0.24557377766,0.142286183466,0.165003865659,0.447136173216
452,0.245639853473,0.142151962447,0.164355692267,0.447852491812
453,0.246593666124,0.142530969046,0.164846939464,0.446028425367
454,0.245459889971,0.142522194322,0.164889845545,0.447128070162
455,0.233708690798,0.135536304446,0.156858049786,0.47389695497
456,0.234701551497,0.13594885374,0.157386139098,0.471963455665
457,0.234723356035,0.135798417167,0.156745668468,0.47273255833
458,0.235710802583,0.13620614482,0.157265755583,0.470817297013
459,0.234583095181,0.136170330898,0.157273873253,0.471972700668
460,0.233470197385,0.13613139099,0.157278368879,0.473120042746
461,0.232371744019,0.13608940496,0.157279331342,0.47425951968
462,0.232387441543,0.135940393906,0.156644455183,0.475027709368
463,0.23130071665,0.135895767436,0.156641193318,0.476162322597
464,0.232273636825,0.136310381977,0.157167424752,0.474248556446
465,0.218497241574,0.128078147116,0.147720982782,0.505703628529
466,0.217423819835,0.128001113594,0.147677540274,0.506897526297
467,0.20870420458,0.122727814525,0.14163717389,0.526930807005
468,0.207646820648,0.122629325104,0.141567036241,0.528156818008
469,0.208684906249,0.123103472287,0.142158114544,0.52605350692
470,0.209713684877,0.123570910806,0.142741793586,0.52397361073
471,0.209650159758,0.123394239654,0.142116988159,0.524838612429
472,0.210673647067,0.123856873861,0.142692700549,0.522776778522
473,0.211688098497,0.124313002108,0.143261248607,0.520737650788
474,0.210632589796,0.124223251679,0.143200852964,0.521943305561
475,0.208541622426,0.122852853316,0.141663671601,0.526941852657
476,0.208441387422,0.122358919764,0.141480116622,0.527719576191
477,0.209449856544,0.122813100934,0.142048688863,0.525688353659
478,0.204322608327,0.143406917279,0.138458395505,0.513812078889
479,0.205272244075,0.143966546532,0.138988481138,0.511772728254
480,0.205209345453,0.14381565798,0.138380358969,0.512594637598
481,0.206154040571,0.144370536181,0.138903093879,0.510572329369
482,0.207090385887,0.144918668842,0.139419254252,0.508571691019
483,0.20605051468,0.144867935117,0.139359236601,0.509722313602
484,0.205023519545,0.144814391472,0.139296524848,0.510865564135
485,0.205005721705,0.144033563124,0.13917301519,0.511787699981
486,0.205933191716,0.144579704386,0.139690818255,0.509796285642
487,0.205915361764,0.143811888894,0.139566990749,0.510705758593
488,0.20683855579,0.144349994152,0.140080576651,0.508730873407
489,0.2028821649,0.141484340541,0.137291215909,0.518342278649
490,0.203806390181,0.142023931892,0.137806319687,0.51636335824
491,0.20472278786,0.142557198635,0.138315223022,0.514404790483
492,0.192228053501,0.133757752978,0.129769615948,0.544244577573
493,0.193170982335,0.134314628416,0.130301854296,0.542212534953
494,0.193073103365,0.134147453956,0.129703613168,0.543075829511
495,0.194011742384,0.134700095517,0.130229048519,0.54105911358
496,0.194942901978,0.135246658846,0.130748535381,0.539061903796
497,0.193917936988,0.135167173446,0.130662764812,0.540252124754
498,0.19483928351,0.135710594211,0.131179112201,0.538271010078
499,0.19474751349,0.135548004345,0.13058582113,0.539118661036
500,0.195664783551,0.136087379594,0.131095632646,0.537152204208
501,0.19657486575,0.136620902823,0.131599730131,0.535204501296
502,0.196525730066,0.135869325887,0.131461288081,0.536143655965
503,0.19550285205,0.135795143434,0.13138086317,0.537321141346
504,0.195448498922,0.135056415476,0.131240382142,0.53825470346
505,0.195390800122,0.134330789974,0.131097796401,0.539180613503
506,0.196301932952,0.134856896026,0.131604878931,0.537236292092
507,0.196215569192,0.134697387894,0.131015461874,0.53807158104
508,0.195197856194,0.134622136248,0.130935095258,0.539244912299
509,0.196102685746,0.135147094839,0.131438476714,0.537311742701
510,0.196015857598,0.134988296989,0.130855323295,0.538140522118
511,0.196916815154,0.135509409537,0.131352455981,0.536221319329
512,0.196864163853,0.134790745247,0.131213121611,0.53713196929
513,0.196778307098,0.134632123927,0.130636218885,0.53795335009
514,0.197678841546,0.13514803444,0.131129100333,0.536044023681
515,0.18664668484,0.127511071822,0.123711959899,0.562130283439
516,0.187564028622,0.128042822028,0.12422055675,0.5601725926
517,0.188474759132,0.128569202885,0.124723884556,0.558232153426
518,0.187464133928,0.128478634703,0.124628690926,0.559428540444
519,0.186465825025,0.12838576048,0.124531271259,0.560617143235
520,0.186352085847,0.128215038971,0.123965799176,0.561467076006
521,0.185364467162,0.128120000046,0.123865866048,0.562649666744
522,0.185247665906,0.127948355325,0.123306920117,0.563497058651
523,0.185161134591,0.127248014857,0.123153074444,0.564437776109
524,0.186066879764,0.127778619166,0.123658854443,0.562495646627
525,0.185265996437,0.127655209722,0.123531682816,0.563547111025
526,0.185178629012,0.126964930468,0.123377962672,0.564478477849
527,0.184206261878,0.126867366482,0.123276425502,0.565649946137
528,0.184087923521,0.12669600947,0.122722506057,0.566493560952
529,0.183467682813,0.126179648963,0.122214950007,0.568137718218
530,0.183374450216,0.125500713988,0.122058892674,0.569065943122
531,0.184275958452,0.126027326186,0.122564619695,0.567132095667
532,0.171528683155,0.117225331314,0.113998474332,0.597247511199
533,0.17244339319,0.1177660062,0.114518246076,0.595272354534
534,0.173352106719,0.118301753758,0.115033171671,0.593312967853
535,0.174254884491,0.118832625132,0.115543301605,0.591369188772
536,0.173298599059,0.118715240029,0.115423098185,0.592563062727
537,0.174192945813,0.119243552284,0.115930665337,0.590632836566
538,0.173245418397,0.119126533699,0.11581080987,0.591817238034
539,0.173125656172,0.118467729203,0.115643985618,0.592762629007
540,0.172188064182,0.11834850606,0.11552242402,0.593941005738
541,0.172064808369,0.117700066656,0.115354280651,0.594880844323
542,0.171136977656,0.117578718436,0.11523105497,0.596053248938
543,0.17202376017,0.118106004825,0.115743498111,0.594126736894
544,0.171880814368,0.117926015084,0.115201043178,0.594992127369
545,0.171756777507,0.117286137337,0.115033112839,0.595923972317
546,0.17163052295,0.116656340554,0.114863883193,0.596849253302
547,0.172519631683,0.117177617681,0.115373872701,0.594928877935
548,0.173403061907,0.117694243763,0.115879253815,0.593023440514
549,0.173263342079,0.117516126228,0.115341424298,0.593879107394
550,0.174143668557,0.118029559941,0.115841408036,0.591985363466
551,0.175018423694,0.118538434053,0.116336882638,0.590106259614
552,0.174900686549,0.117913096637,0.11617232582,0.591013890995
553,0.175772626364,0.118416170278,0.116664823306,0.589146380052
554,0.169061827896,0.113813706876,0.112127402529,0.604997062699
555,0.169934068237,0.11431907492,0.11262224279,0.603124614053
556,0.161204354168,0.108368797324,0.1067574031,0.623669445408
557,0.162077170978,0.10887760821,0.107255752992,0.62178946782
558,0.162945042883,0.109382316313,0.107750034344,0.619922606461
559,0.162797247904,0.108782473995,0.10757239526,0.620847882841
560,0.161876882826,0.108650451364,0.107439687373,0.622032978437
561,0.162739639071,0.109151647457,0.107933134559,0.620175578913
562,0.163597543462,0.109648821745,0.10842258509,0.618331049704
563,0.164450635705,0.110142008621,0.108908073213,0.61649928246
564,0.165298955477,0.11063124237,0.109389633067,0.614680169085
565,0.164585658426,0.110477882292,0.10923580428,0.615700655002
566,0.164444086081,0.109881607771,0.109062545616,0.616611760533
567,0.163531941087,0.109754111812,0.108934557452,0.617779389649
568,0.162630284684,0.109625062172,0.108805030599,0.618939622545
569,0.16346986276,0.110114377234,0.109289238161,0.617126521845
570,0.164082525731,0.110450213553,0.109621106242,0.615846154473
571,0.164913040757,0.110932072129,0.11009788972,0.614056997394
572,0.165738972248,0.111410126092,0.110570884597,0.612280017064
573,0.166560358173,0.111884408147,0.111040123483,0.610515110197
574,0.166426353422,0.11129068722,0.110872166714,0.611410792644
575,0.16724556077,0.111759983452,0.111338966009,0.609655489769
576,0.166584474844,0.111240070861,0.110820283321,0.611355170973
577,0.165678196392,0.111119218133,0.110699158765,0.612503426709
578,0.165532176557,0.110944319448,0.110169183169,0.613354320826
579,0.166343787052,0.111410995688,0.110631254566,0.611613962695
580,0.165444592512,0.111290441242,0.110510201016,0.61275476523
581,0.166249441138,0.111755287763,0.110970440137,0.611024830962
582,0.165358047032,0.111634967318,0.11084961773,0.612157367919
583,0.165213301091,0.111461850547,0.110323917967,0.613000930395
584,0.166013595288,0.111926061138,0.110781436075,0.611278907499
585,0.166809614852,0.112386713198,0.111235415938,0.609568256012
586,0.167601394678,0.112843836767,0.111685887474,0.60786888108
587,0.166712230685,0.112727337342,0.111568616351,0.608991815623
588,0.166584802691,0.112135088448,0.111406956234,0.609873152627
589,0.167372298369,0.112589242345,0.111856919756,0.60818153953
590,0.168155630743,0.113039934336,0.112303433928,0.606501000994
591,0.162833265044,0.109388276288,0.10867436182,0.619104096848
592,0.163614319758,0.109838887184,0.109120820808,0.61742597225
593,0.162736081072,0.109717419296,0.108998937334,0.618547562298
594,0.163510849444,0.110166385852,0.109443749231,0.616879015474
595,0.163366114755,0.109995597914,0.108923728959,0.617714558372
596,0.1641389535,0.110442386162,0.10936436046,0.616054299878
597,0.164007362268,0.109860247812,0.109202137342,0.616930252578
598,0.164778417538,0.110302555332,0.109640689923,0.615278337208
599,0.165545609013,0.110741634,0.110076024206,0.613636732781
600,0.166308966367,0.111177509529,0.110508165847,0.612005358257
601,0.166170695716,0.111010416101,0.109990833536,0.612828054647
602,0.166932223508,0.111444203852,0.110418939062,0.611204633577
603,0.154837902819,0.103300542855,0.102348624183,0.639512930142
604,0.155600836569,0.103739766568,0.102782219799,0.637877177065
605,0.156360281862,0.104176029014,0.103212868167,0.636250820957
606,0.157116261237,0.104609350544,0.103640589584,0.634633798636
607,0.15624768058,0.10448257675,0.103513397935,0.635756344734
608,0.155388853326,0.104354467935,0.103384887555,0.636871791184
609,0.154539580894,0.104225058025,0.103255092116,0.637980268965
610,0.15528499794,0.104659957714,0.103684349925,0.636370694421
611,0.15602702129,0.105091964538,0.104110728653,0.634770285519
612,0.155872051144,0.104919589412,0.103608100534,0.63560025891
613,0.156612474476,0.105349704626,0.104030697618,0.63400712328
614,0.156458123622,0.105177713961,0.103533096636,0.634831065781
615,0.157196958444,0.105605949894,0.103951963817,0.633245127846
616,0.156346641981,0.105481296761,0.10382659359,0.634345467668
617,0.156502782912,0.105519095402,0.103861128996,0.63411699269
618,0.14718865858,0.0991757365978,0.0976149303835,0.656020674438
619,0.147918865032,0.0996039922459,0.0980339257737,0.654443216948
620,0.147761993768,0.0990490043446,0.0978647966039,0.655324205283
621,0.148490891356,0.0994733059548,0.0982821156155,0.653753687073
622,0.148334285439,0.0989252538843,0.098113135031,0.654627325646
623,0.149061880136,0.0993456638682,0.09852878579,0.653063670205
624,0.148231209377,0.0992119325161,0.0983948479299,0.654162010177
625,0.147409697495,0.0990770601186,0.0982597819751,0.655253460411
626,0.14540113262,0.097664857073,0.0968579423471,0.660076067959
627,0.146118312611,0.0980841088106,0.0972724389677,0.658525139611
628,0.139721789425,0.0937306468212,0.0929537690359,0.673593794718
629,0.138925670893,0.0935866657662,0.0928097493677,0.674677913973
630,0.13875543393,0.0930590795808,0.0926364990828,0.675548987406
631,0.134850630561,0.0903828254425,0.0899717467701,0.684794797227
632,0.134797880574,0.0902901085537,0.0898788012262,0.685033209646
633,0.133951666098,0.0896663332363,0.0892572216014,0.687124779065
634,0.133766846126,0.0894857654797,0.0887931757212,0.687954212673
635,0.134468146185,0.0898978006207,0.0892009269435,0.686433126251
636,0.135166968019,0.0903076207396,0.0896064703178,0.684918940924
637,0.132369084764,0.0883821523538,0.0876948748934,0.691553887989
638,0.131593897154,0.0882333709241,0.0875461758242,0.692626556098
639,0.132283685924,0.0886402308357,0.0879487874202,0.69112729582
640,0.132971119124,0.0890449681291,0.0883492830845,0.689634629662
641,0.13221791625,0.0924925019203,0.0877926486246,0.687496933205
642,0.13289783767,0.0929162468184,0.0881876754429,0.685998240069
643,0.132127073176,0.0927703463709,0.0880420256531,0.6870605548
644,0.130417024636,0.0915192444138,0.0868476128972,0.691216118053
645,0.126269853388,0.0885602000571,0.0840327663724,0.701137180182
646,0.126936311425,0.088978598657,0.0844228959172,0.699662194001
647,0.126761652279,0.0884339487586,0.0842534414438,0.700550957518
648,0.126585862781,0.0878974657117,0.0840834166428,0.701433254865
649,0.125259710011,0.0869276048529,0.0831499386327,0.704662746504
650,0.125923027702,0.0873386818318,0.0835374232403,0.703200867226
651,0.126584276706,0.0877478338274,0.0839230132473,0.70174487622
652,0.12724346126,0.0881550666241,0.0843067145698,0.700294757546
653,0.127900585816,0.0885603861427,0.0846885332529,0.698850494788
654,0.127668703162,0.0883500050787,0.0845785294743,0.699402762285
655,0.125341370817,0.0866905455653,0.0829843645635,0.704983719054
656,0.125992828895,0.0870920046722,0.0833630910206,0.703552075413
657,0.125405082107,0.086636871426,0.082921904612,0.705036141856
658,0.1252296867,0.0861109105323,0.0827537295174,0.705905673251
659,0.125877477724,0.0865070209018,0.0831293650225,0.704486136351
660,0.126523345683,0.0869013310021,0.0835032248795,0.703072098435
661,0.127167294255,0.087293846034,0.0838753144038,0.701663545307
662,0.127581392796,0.0875281950965,0.0840953957776,0.70079501633
663,0.12822135034,0.0879171127126,0.0844639476888,0.699397589259
664,0.126060230848,0.0863860478346,0.0829879959549,0.704565725362
665,0.126694332868,0.0867711059914,0.0833528622434,0.703181698898
