episode,omega1,omega2,omega3,omega4,omega5,omega
1,0.166666666667,0.166666666667,0.166666666667,0.166666666667,0.166666666667,0.166666666667
2,0.166666666667,0.166666666667,0.166666666667,0.166666666667,0.166666666667,0.166666666667
3,0.166666666667,0.166666666667,0.166666666667,0.166666666667,0.166666666667,0.166666666667
4,0.166666666667,0.166666666667,0.166666666667,0.166666666667,0.166666666667,0.166666666667
5,0.166666666667,0.166666666667,0.166666666667,0.166666666667,0.166666666667,0.166666666667
6,0.165226487032,0.165226487032,0.165226487032,0.165226487032,0.173867564839,0.165226487032
7,0.164932625537,0.164932625537,0.164932625537,0.164932625537,0.175336872313,0.164932625537
8,0.164636812206,0.164636812206,0.164636812206,0.164636812206,0.176815938972,0.164636812206
9,0.164339043053,0.164339043053,0.164339043053,0.164339043053,0.178304784735,0.164339043053
10,0.165372687127,0.165372687127,0.165372687127,0.165372687127,0.173136564367,0.165372687127
11,0.165226487032,0.165226487032,0.165226487032,0.165226487032,0.173867564839,0.165226487032
12,0.16507980001,0.16507980001,0.16507980001,0.16507980001,0.174600999952,0.16507980001
13,0.165029085408,0.165029085408,0.165029085408,0.165029085408,0.17485457296,0.165029085408
14,0.164889798172,0.164889798172,0.164889798172,0.164889798172,0.17555100914,0.164889798172
15,0.164750074661,0.164750074661,0.164750074661,0.164750074661,0.176249626695,0.164750074661
16,0.164609914453,0.164609914453,0.164609914453,0.164609914453,0.176950427737,0.164609914453
17,0.164469317132,0.164469317132,0.164469317132,0.164469317132,0.177653414341,0.164469317132
18,0.164328282291,0.164328282291,0.164328282291,0.164328282291,0.178358588547,0.164328282291
19,0.164819990977,0.164819990977,0.164819990977,0.164819990977,0.175900045113,0.164819990977
20,0.164715075566,0.164715075566,0.164715075566,0.164715075566,0.176424622171,0.164715075566
21,0.164609914453,0.164609914453,0.164609914453,0.164609914453,0.176950427737,0.164609914453
22,0.164504507464,0.164504507464,0.164504507464,0.164504507464,0.177477462682,0.164504507464
23,0.164398854426,0.164398854426,0.164398854426,0.164398854426,0.178005727868,0.164398854426
24,0.164778054286,0.164778054286,0.164778054286,0.164778054286,0.176109728572,0.164778054286
25,0.165029085408,0.165029085408,0.165029085408,0.165029085408,0.17485457296,0.165029085408
26,0.164959496298,0.164959496298,0.164959496298,0.164959496298,0.175202518512,0.164959496298
27,0.164889798172,0.164889798172,0.164889798172,0.164889798172,0.17555100914,0.164889798172
28,0.164819990977,0.164819990977,0.164819990977,0.164819990977,0.175900045113,0.164819990977
29,0.197556837592,0.15827905745,0.15827905745,0.15827905745,0.169326932607,0.15827905745
30,0.198733798148,0.157966486241,0.157966486241,0.157966486241,0.169400256889,0.157966486241
31,0.199915868808,0.1576530326,0.1576530326,0.1576530326,0.169472000792,0.1576530326
32,0.20146561904,0.157622364652,0.157622364652,0.157622364652,0.168044922351,0.157622364652
33,0.202671935349,0.157315801005,0.157315801005,0.157315801005,0.168064860633,0.157315801005
34,0.20388351532,0.157008324687,0.157008324687,0.157008324687,0.168083185933,0.157008324687
35,0.205100359199,0.15669993738,0.15669993738,0.15669993738,0.168099891279,0.15669993738
36,0.206322466946,0.156390640827,0.156390640827,0.156390640827,0.168114969747,0.156390640827
37,0.20093313982,0.157383657179,0.157383657179,0.157383657179,0.169532231462,0.157383657179
38,0.201954165683,0.157113636127,0.157113636127,0.157113636127,0.169591289808,0.157113636127
39,0.203315693894,0.157103177423,0.157103177423,0.157103177423,0.168271596413,0.157103177423
40,0.199028836718,0.157888205484,0.157888205484,0.157888205484,0.169418341348,0.157888205484
41,0.199915868808,0.1576530326,0.1576530326,0.1576530326,0.169472000792,0.1576530326
42,0.200805775602,0.157417364441,0.157417364441,0.157417364441,0.169524766634,0.157417364441
43,0.201698557198,0.157181201848,0.157181201848,0.157181201848,0.169576635409,0.157181201848
44,0.202594213609,0.156944545682,0.156944545682,0.156944545682,0.169627603663,0.156944545682
45,0.203492744759,0.156707396821,0.156707396821,0.156707396821,0.169677667955,0.156707396821
46,0.199608799639,0.157410878808,0.157410878808,0.157410878808,0.170747685131,0.157410878808
47,0.196529648797,0.157955493145,0.157955493145,0.157955493145,0.171648378621,0.157955493145
48,0.197219603624,0.157758888779,0.157758888779,0.157758888779,0.171744841259,0.157758888779
49,0.194641589744,0.15820428466,0.15820428466,0.15820428466,0.172541271617,0.15820428466
50,0.195258493162,0.158021859954,0.158021859954,0.158021859954,0.172654067023,0.158021859954
51,0.195876789573,0.157839192542,0.157839192542,0.157839192542,0.17276644026,0.157839192542
52,0.1964964788,0.157656282925,0.157656282925,0.157656282925,0.172878389501,0.157656282925
53,0.194172913576,0.158050679171,0.158050679171,0.158050679171,0.173624369741,0.158050679171
54,0.194731910435,0.157879506924,0.157879506924,0.157879506924,0.173750061867,0.157879506924
55,0.193075305761,0.158142574534,0.158142574534,0.158142574534,0.174354396101,0.158142574534
56,0.193590770306,0.157979805429,0.157979805429,0.157979805429,0.17449000798,0.157979805429
57,0.194107193343,0.157816864268,0.157816864268,0.157816864268,0.174625349583,0.157816864268
58,0.195012438624,0.157967936938,0.157967936938,0.157967936938,0.173115813622,0.157967936938
59,0.193141514826,0.1582803542,0.1582803542,0.1582803542,0.173737068375,0.1582803542
60,0.184014469787,0.150284039976,0.150284039976,0.150284039976,0.165225097763,0.199908312521
61,0.181719294882,0.147901110971,0.147901110971,0.147901110971,0.17688508182,0.197692290386
62,0.181959820699,0.147589479129,0.147589479129,0.147589479129,0.177039632789,0.198232109125
63,0.182199954795,0.147277929921,0.147277929921,0.147277929921,0.177193628222,0.198772627221
64,0.182439694712,0.146966465544,0.146966465544,0.146966465544,0.177347066368,0.199313842289
65,0.180502858102,0.14704556864,0.14704556864,0.14704556864,0.17797255274,0.200387883237
66,0.178787124635,0.147083658954,0.147083658954,0.147083658954,0.178550406492,0.201411492011
67,0.177888704229,0.146974367088,0.146974367088,0.146974367088,0.178950677232,0.202237517274
68,0.178042511812,0.146676580443,0.146676580443,0.146676580443,0.179121556143,0.202806190717
69,0.178195792119,0.146378854775,0.146378854775,0.146378854775,0.179291933901,0.203375709657
70,0.178348543371,0.146081192009,0.146081192009,0.146081192009,0.179461808576,0.203946072026
71,0.178500763796,0.145783594071,0.145783594071,0.145783594071,0.179631178247,0.204517275744
72,0.17865245163,0.145486062885,0.145486062885,0.145486062885,0.179800040996,0.205089318718
73,0.179352245952,0.145634096956,0.145634096956,0.145634096956,0.17745221062,0.20629325256
74,0.17951143016,0.145342354508,0.145342354508,0.145342354508,0.177583437996,0.206878068322
75,0.177924160734,0.145359383961,0.145359383961,0.145359383961,0.178092349527,0.207905337857
76,0.178057592296,0.145071555582,0.145071555582,0.145071555582,0.178228182836,0.208499558123
77,0.178190480331,0.144783774202,0.144783774202,0.144783774202,0.178363475529,0.209094721533
78,0.178880202094,0.14494768901,0.14494768901,0.14494768901,0.175930479699,0.210346251179
79,0.179493394168,0.145047788724,0.145047788724,0.145047788724,0.173851295054,0.211511944604
80,0.181237270905,0.146057472101,0.146057472101,0.146057472101,0.175468493173,0.205121819618
81,0.181408789531,0.145796874844,0.145796874844,0.145796874844,0.175562651271,0.205637934666
82,0.18200662677,0.145878306804,0.145878306804,0.145878306804,0.173719272725,0.206639180093
83,0.182183293746,0.145621562381,0.145621562381,0.145621562381,0.173787879728,0.207164139383
84,0.183696865543,0.14643082401,0.14643082401,0.14643082401,0.175130914075,0.201879748352
85,0.184983102964,0.14705386522,0.14705386522,0.14705386522,0.176255737064,0.197599564312
86,0.18519600473,0.146821487903,0.146821487903,0.146821487903,0.176357099935,0.197982431625
87,0.185408753497,0.146589163098,0.146589163098,0.146589163098,0.176458142279,0.198365614931
88,0.185621348176,0.146356891717,0.146356891717,0.146356891717,0.176558863481,0.198749113193
89,0.185833787677,0.146124674674,0.146124674674,0.146124674674,0.176659262925,0.199132925374
90,0.186926500281,0.146582922801,0.146582922801,0.146582922801,0.177595821594,0.195728909722
91,0.187579699161,0.146693868196,0.146693868196,0.146693868196,0.175824252039,0.196514444211
92,0.188186605901,0.146767014093,0.146767014093,0.146767014093,0.174260135173,0.197252216648
93,0.187997293727,0.146219390906,0.146219390906,0.146219390906,0.176188841127,0.197155692428
94,0.188226721748,0.145998460044,0.145998460044,0.145998460044,0.176279516029,0.197498382091
95,0.188806634448,0.14604875899,0.14604875899,0.14604875899,0.174837776094,0.198209312489
96,0.189924974132,0.14651305353,0.14651305353,0.14651305353,0.175729620592,0.194806244687
97,0.19017041926,0.146302191432,0.146302191432,0.146302191432,0.175812897732,0.195110108713
98,0.18827521144,0.146477661766,0.146477661766,0.146477661766,0.176360998194,0.195930805069
99,0.188496516893,0.146270804052,0.146270804052,0.146270804052,0.176449343662,0.19624172729
100,0.186764269514,0.146415703315,0.146415703315,0.146415703315,0.176962524619,0.197026095921
101,0.186964030245,0.146212393628,0.146212393628,0.146212393628,0.177055361927,0.197343426945
102,0.187163701359,0.146009129659,0.146009129659,0.146009129659,0.177147960889,0.197660948774
103,0.185551862844,0.146130922736,0.146130922736,0.146130922736,0.177635401126,0.198419967822
104,0.185732158282,0.145930818793,0.145930818793,0.145930818793,0.17773201416,0.198743371179
105,0.185912335747,0.145730759061,0.145730759061,0.145730759061,0.177828399327,0.199066987743
106,0.186092394568,0.145530744122,0.145530744122,0.145530744122,0.17792455621,0.199390816855
107,0.186272334078,0.145330774556,0.145330774556,0.145330774556,0.178020484399,0.199714857856
108,0.186808883391,0.145408522698,0.145408522698,0.145408522698,0.176543713391,0.200421835124
109,0.185251253289,0.145521989551,0.145521989551,0.145521989551,0.17700214026,0.201180637799
110,0.185417308831,0.14532725506,0.14532725506,0.14532725506,0.177086096031,0.201514829958
111,0.183973040612,0.145419502416,0.145419502416,0.145419502416,0.177520105116,0.202248347024
112,0.182642406429,0.145490885424,0.145490885424,0.145490885424,0.177929590005,0.202955347293
113,0.181815251535,0.145472159471,0.145472159471,0.145472159471,0.178229576825,0.203538693226
114,0.181941623961,0.145283704633,0.145283704633,0.145283704633,0.178321740617,0.203885521523
115,0.182338897967,0.145311313493,0.145311313493,0.145311313493,0.1771904383,0.204536723254
116,0.182467615915,0.145124643046,0.145124643046,0.145124643046,0.177270977729,0.204887477217
117,0.182906428098,0.145184281481,0.145184281481,0.145184281481,0.175953450228,0.205587277231
118,0.183037826332,0.144999580125,0.144999580125,0.144999580125,0.176021035621,0.205942397674
119,0.184117082352,0.145564422984,0.145564422984,0.145564422984,0.176999773216,0.202189875481
120,0.184258457776,0.145386424131,0.145386424131,0.145386424131,0.177076512993,0.20250575684
121,0.177605200259,0.139858016563,0.139858016563,0.139858016563,0.170625568231,0.232195181821
122,0.178981525849,0.140661471834,0.140661471834,0.140661471834,0.171890368565,0.227143690082
123,0.179061929066,0.140444738623,0.140444738623,0.140444738623,0.171910142027,0.227693713039
124,0.180304492021,0.141138021787,0.141138021787,0.141138021787,0.173045253123,0.223236189495
125,0.180396866384,0.140929442098,0.140929442098,0.140929442098,0.17307607458,0.223738732742
126,0.180488907445,0.140720873894,0.140720873894,0.140720873894,0.173106536468,0.224241934404
127,0.181202798636,0.14099644816,0.14099644816,0.14099644816,0.173733174635,0.222074682247
128,0.181300818202,0.140792104174,0.140792104174,0.140792104174,0.1737690882,0.222553781076
129,0.182374597438,0.141344250056,0.141344250056,0.141344250056,0.174739869938,0.218852782458
130,0.182482235503,0.141146351436,0.141146351436,0.141146351436,0.174784597234,0.219294112955
131,0.219025239202,0.13466577392,0.13466577392,0.13466577392,0.167036112001,0.209941327037
132,0.217034112048,0.134837265001,0.134837265001,0.134837265001,0.167526191595,0.210927901354
133,0.218463872387,0.135233274163,0.135233274163,0.135233274163,0.168296848444,0.207539456682
134,0.218876316267,0.134997182908,0.134997182908,0.134997182908,0.168281651616,0.207850483393
135,0.21632654388,0.135272527866,0.135272527866,0.135272527866,0.168904533078,0.208951339443
136,0.216537571079,0.134930898277,0.134930898277,0.134930898277,0.168757370843,0.209912363248
137,0.214144569451,0.135175988872,0.135175988872,0.135175988872,0.169344280784,0.210983183149
138,0.214505931702,0.134946810118,0.134946810118,0.134946810118,0.169337538008,0.211316099935
139,0.215244285425,0.134954003954,0.134954003954,0.134954003954,0.167873416553,0.212020286159
140,0.21560922038,0.134726274426,0.134726274426,0.134726274426,0.167855425852,0.212356530489
141,0.215974275862,0.134498618927,0.134498618927,0.134498618927,0.167837049919,0.212692817439
142,0.216690358665,0.134488829535,0.134488829535,0.134488829535,0.16646846833,0.2133746844
143,0.217381118226,0.134461908475,0.134461908475,0.134461908475,0.165201689695,0.214031466655
144,0.218049773662,0.134420008943,0.134420008943,0.134420008943,0.164023857935,0.214666341575
145,0.218423627787,0.134195737951,0.134195737951,0.134195737951,0.163978278483,0.215010879879
146,0.218797613278,0.133971529097,0.133971529097,0.133971529097,0.163932329868,0.215355469563
147,0.219171728598,0.133747383308,0.133747383308,0.133747383308,0.163886012394,0.215700109084
148,0.219828296327,0.133695005179,0.133695005179,0.133695005179,0.162764069438,0.216322618697
149,0.220204984939,0.13347181358,0.13347181358,0.13347181358,0.162709970407,0.216669603913
150,0.221636456112,0.133885775928,0.133885775928,0.133885775928,0.163433202814,0.21327301329
151,0.222023959331,0.133666911315,0.133666911315,0.133666911315,0.163384559645,0.213590747079
152,0.221473449388,0.133609116435,0.133609116435,0.133609116435,0.163532636464,0.214166564842
153,0.215705086731,0.129694411277,0.129694411277,0.129694411277,0.158953778463,0.236257900974
154,0.217302181314,0.130218118013,0.130218118013,0.130218118013,0.159809375921,0.232234088725
155,0.217898770348,0.130139328372,0.130139328372,0.130139328372,0.158710400296,0.232972844239
156,0.218232579754,0.129903191572,0.129903191572,0.129903191572,0.158626728288,0.233431117241
157,0.218566301154,0.129667127648,0.129667127648,0.129667127648,0.158542665612,0.233889650289
158,0.218899932542,0.129431137738,0.129431137738,0.129431137738,0.158458212909,0.234348441335
159,0.219034280928,0.129077838879,0.129077838879,0.129077838879,0.159138055322,0.234594147114
160,0.219366266156,0.128841535044,0.128841535044,0.128841535044,0.159057337928,0.235051790784
161,0.216751130837,0.129091025182,0.129091025182,0.129091025182,0.159576643838,0.236399149778
162,0.214304698683,0.129311444201,0.129311444201,0.129311444201,0.160061063144,0.237699905571
163,0.214594870954,0.129080876699,0.129080876699,0.129080876699,0.159987517466,0.238174981485
164,0.21228168847,0.129277610118,0.129277610118,0.129277610118,0.160443809832,0.239441671346
165,0.212553047892,0.129049614717,0.129049614717,0.129049614717,0.160373209731,0.239924898227
166,0.210360983301,0.129224799832,0.129224799832,0.129224799832,0.160803847274,0.241160769931
167,0.210614769792,0.12899918256,0.12899918256,0.12899918256,0.160735935899,0.241651746628
168,0.208533135494,0.129154701792,0.129154701792,0.129154701792,0.161143096229,0.242859662901
169,0.210053025388,0.129723360747,0.129723360747,0.129723360747,0.162067201277,0.238709691094
170,0.20992688187,0.12927406583,0.131056945312,0.12927406583,0.16172002771,0.238748013448
171,0.211359332079,0.129783321163,0.131583888299,0.129783321163,0.162572371327,0.23491776597
172,0.211884358182,0.129732998395,0.131543528373,0.129732998395,0.161458365925,0.235647750729
173,0.212393562858,0.12967223947,0.131492578382,0.12967223947,0.160408434114,0.236360945706
174,0.212667745472,0.12946768749,0.131230063906,0.12946768749,0.160353584694,0.236813230948
175,0.204466149403,0.124118147417,0.125817536096,0.124118147417,0.153918088401,0.267561931266
176,0.203841385429,0.123384422163,0.125083540307,0.123384422163,0.153197543646,0.271108686291
177,0.204236232966,0.123269281141,0.124976580739,0.123269281141,0.152171779509,0.272076844503
178,0.20461832948,0.123146113275,0.124861465035,0.123146113275,0.151197553572,0.273030425363
179,0.196290820552,0.117795925226,0.119446086904,0.117795925226,0.144796428013,0.30387481408
180,0.195798897582,0.117164116532,0.11881471292,0.117164116532,0.147199774874,0.30385838156
181,0.195894860247,0.116885738192,0.118541676973,0.116885738192,0.14703737774,0.304754608655
182,0.193727045052,0.116935650045,0.118601564774,0.116935650045,0.14728782888,0.306512261205
183,0.193807934079,0.116658649143,0.118329865206,0.116658649143,0.147126387182,0.307418515247
184,0.185238934334,0.111190165288,0.112791856331,0.111190165288,0.140408598529,0.339180280231
185,0.182311332822,0.109128071125,0.110708709767,0.109128071125,0.137980434725,0.350743380437
186,0.18363974174,0.109617071947,0.111213484853,0.109617071947,0.138775540778,0.347137088737
187,0.176984707369,0.105350348571,0.10689297667,0.105350348571,0.133544008904,0.371877609915
188,0.177373779483,0.10528787628,0.106837939107,0.10528787628,0.133635086617,0.371577442232
189,0.176256959365,0.104333536958,0.105877824333,0.104333536958,0.132592746126,0.37660539626
190,0.176176694119,0.103995566251,0.105543099475,0.103995566251,0.132331842742,0.377957231162
191,0.176094942171,0.103657793682,0.105208522753,0.103657793682,0.132070310307,0.379310637405
192,0.173933304757,0.103580835247,0.105138629709,0.103580835247,0.132140622202,0.381625772838
193,0.16798155656,0.0997653452312,0.101273671627,0.0997653452312,0.127435477233,0.403778604117
194,0.16592132304,0.0996385870315,0.101152902211,0.0996385870315,0.127435932556,0.406212668131
195,0.165767184561,0.0992833408216,0.100800134579,0.0992833408216,0.127143576824,0.407722422393
196,0.165917085161,0.0991108939879,0.100632917772,0.0991108939879,0.127084661712,0.408143547379
197,0.160152789448,0.0954151317843,0.0968879724753,0.0954151317843,0.122501864673,0.429627109835
198,0.156982974524,0.0932798338767,0.0947271168501,0.0932798338767,0.119913177209,0.441817063663
199,0.154994028202,0.0930954800379,0.0945472916418,0.0930954800379,0.119828864266,0.444438855814
200,0.154761767902,0.0927169633848,0.0941702315763,0.0927169633848,0.119493903409,0.446140170343
201,0.152853599165,0.0925217073505,0.0939792596311,0.0925217073505,0.119394381023,0.44872934548
202,0.147722322378,0.0891915960781,0.0906037678158,0.0891915960781,0.115243884057,0.468046833593
203,0.144735435533,0.0871690917976,0.0885561619567,0.0871690917976,0.112774308704,0.479595910212
204,0.14444464564,0.0867758619964,0.0881153457675,0.0867758619964,0.112408794448,0.481479490151
205,0.148301456844,0.0859595361301,0.0872930057941,0.0859595361301,0.111493389381,0.48099307572
206,0.148140228048,0.0856368370872,0.086971863374,0.0856368370872,0.110364876599,0.483249357804
207,0.149717555128,0.0863175888064,0.0876698428416,0.0863175888064,0.111379939986,0.478597484432
208,0.142476492066,0.0819235477565,0.0832132435718,0.0819235477565,0.105840978599,0.50462219025
209,0.140544513196,0.0816710783863,0.0829630597443,0.0816710783863,0.105645450931,0.507504819356
210,0.137989926798,0.0799776034785,0.0971062813095,0.0799776034785,0.103582959073,0.501365625862
211,0.134070136256,0.103594800244,0.0941893599605,0.077503204687,0.100502532061,0.490139966793
212,0.133615745321,0.103116992967,0.0937124494814,0.077039216273,0.100024551999,0.492491043958
213,0.123389008459,0.0951077199806,0.0863944773438,0.0709573355622,0.0922421621461,0.531909296509
214,0.125900524145,0.0969244910253,0.0880049097037,0.0722129307221,0.0939906302298,0.522966514174
215,0.12411461345,0.0966799035496,0.0877430531834,0.0719312426786,0.0937399181181,0.52579126902
216,0.126131285976,0.0981361838359,0.0890243601935,0.072913917651,0.0951381836991,0.518656068645
217,0.125898434849,0.096838958851,0.0887161287881,0.0725940299835,0.0948380782225,0.521114369306
218,0.122649775277,0.0942255969218,0.0862869707454,0.070540786551,0.0922697942634,0.534027076242
219,0.124997110245,0.095912337087,0.0877959844198,0.071707813377,0.0939124455054,0.525674309366
220,0.127268838271,0.0975368982564,0.0892468659024,0.0728251775521,0.0954939017443,0.517628318274
221,0.128254570588,0.0981730021056,0.0897924784488,0.0732023947573,0.0961073917257,0.514470162374
222,0.127911535883,0.097791542097,0.089407311554,0.0728207449261,0.0957247047127,0.516344160828
223,0.12987045575,0.0991686281933,0.0906295661516,0.0737477430374,0.0970633033965,0.509520303471
224,0.128099626707,0.09769766078,0.0892490526112,0.0725569801629,0.0956143217991,0.516782357939
225,0.127854650386,0.0973924273924,0.0889341367064,0.0722338610545,0.0945545720522,0.519030352408
226,0.118128626437,0.0898744354777,0.0820357840067,0.0665690593504,0.0872441237976,0.556147970931
227,0.11737629885,0.0891936204128,0.0813813339034,0.0659767081143,0.0896478610141,0.556424177705
228,0.113608186133,0.0862254297315,0.0786412183182,0.0636960972457,0.086666502076,0.571162566496
229,0.115762757547,0.0877540087821,0.0800028916598,0.0647388568434,0.0882048828946,0.563536602273
230,0.115453015381,0.0874129429462,0.0796596356229,0.0644012665937,0.0871294088432,0.565943730613
231,0.115137115842,0.0870679197088,0.0793130398896,0.0640615497156,0.0860937180952,0.568326656749
232,0.114740931397,0.0866629668638,0.0789121424338,0.0636785888625,0.0856891040794,0.570316266364
233,0.127280639005,0.0849985383582,0.0773651894396,0.0623723261337,0.0840392678859,0.563944039178
234,0.127013906175,0.0838001115251,0.0770375655076,0.0620505519965,0.0837132333545,0.566384631441
235,0.124413020197,0.0819377475516,0.0752982948746,0.0605933540015,0.0818524357601,0.575905147615
236,0.122729732943,0.0816556904367,0.075011999682,0.0603069473084,0.0815703091818,0.578725320448
237,0.122434267723,0.0805235241705,0.0746748009596,0.0599801334183,0.0812325971203,0.581154676608
238,0.122117280243,0.080172570173,0.0743255857673,0.059644231319,0.0802523359983,0.583487996499
239,0.121722473792,0.0797716087628,0.0739302405184,0.0592719173051,0.0798513107096,0.585452448912
240,0.12304374125,0.0792162786114,0.0733921210777,0.0587858832121,0.0792957584306,0.586266217418
241,0.122740056557,0.0781404544636,0.073052868934,0.0584598418298,0.078954771722,0.588652006493
242,0.122345148935,0.0777426322374,0.0726605626953,0.0580919383834,0.0785561970276,0.590603520721
243,0.121949536345,0.0773455823892,0.072269192462,0.0577254151128,0.0781583682451,0.592551905446
244,0.118153013297,0.0747968030825,0.0698680940524,0.0557557305293,0.0755860701163,0.605840288923
245,0.112692575871,0.0712059710101,0.0664952228245,0.0530148835051,0.0719604554543,0.624630891335
246,0.11217001686,0.0707425590173,0.066043939454,0.0526062189085,0.0723238578747,0.626113407885
247,0.110145174612,0.0704656523059,0.0657669730348,0.052336987648,0.0720472621395,0.62923795026
248,0.108203338905,0.0701817016406,0.0654835843706,0.0520631047703,0.0717634131916,0.632304857122
249,0.110643582267,0.0716387927479,0.0668243864771,0.0530798090534,0.0732599533646,0.62455347609
250,0.104211014817,0.067355715494,0.0628115264381,0.0498460181122,0.068886167,0.646889558139
251,0.103650812432,0.0668763154662,0.0623469774392,0.0494314418702,0.0684020458169,0.649292406976
252,0.103000054702,0.0663400632261,0.0618296971802,0.0489758233415,0.0698855175268,0.649968844024
253,0.0991467421371,0.0637464013199,0.0593957106923,0.0470041778611,0.0671671718074,0.663539796182
254,0.0986977258314,0.0633465793847,0.0590066218119,0.0466529253105,0.0667597409679,0.665536406694
255,0.0946705338389,0.0606554246163,0.0564839945597,0.0446169915596,0.0639368456692,0.679636209756
256,0.0921741084917,0.0589525459651,0.0548828294461,0.0433119887148,0.0621547336346,0.688523793748
257,0.0899852025163,0.057451783693,0.0534706688241,0.0421583883521,0.0605850186059,0.696348938009
258,0.0895710889663,0.056552243799,0.0531164868645,0.041840269981,0.0602130858418,0.698706824547
259,0.0917653259829,0.0578340339412,0.054307157419,0.042738468746,0.0615928820001,0.691762131911
260,0.0939326477885,0.0590941275734,0.0554768756913,0.043618490611,0.0629502358874,0.684927622448
261,0.0935301761561,0.0582114995326,0.0551269739136,0.0433031553601,0.0625837284806,0.687244466557
262,0.0919336990579,0.0571136191301,0.0540759436321,0.0424381308866,0.0614204931274,0.693018114166
263,0.0914808586347,0.0567287338052,0.0537002830526,0.0421042046177,0.0610235796404,0.694962340249
264,0.0844990499911,0.0523037221151,0.04950113304,0.0387758015385,0.056279231336,0.718641061979
265,0.0825111487287,0.0509801741524,0.0482384025773,0.0377515957068,0.0548703648234,0.725648314011
266,0.0805808360205,0.049696792743,0.0470141971114,0.0367593794304,0.0535039525836,0.732444842111
267,0.0726007459194,0.0446936256844,0.0422722445623,0.0330210749731,0.0481309090024,0.759281399858
268,0.0744407688042,0.0457428548757,0.0432555706933,0.0337578435791,0.0492745553837,0.753528406664
269,0.072350037187,0.0443771172207,0.0419553091882,0.0327126952415,0.0478166896414,0.760788151521
270,0.071034714933,0.0434909487224,0.0411088928063,0.0320229939446,0.0468748912519,0.765467558342
271,0.0709806151253,0.0433786378032,0.0409941482636,0.03190397323,0.0467668666355,0.765975758942
272,0.0699952134478,0.0426984790289,0.0403429286215,0.0313680179683,0.0460464061929,0.769548954741
273,0.0695681284586,0.0419876663069,0.0400153270124,0.0310844206989,0.0456947811229,0.7716496764
274,0.0679931238782,0.0409609672857,0.039029951896,0.0302908301137,0.0445913026542,0.777133824172
275,0.0666217114739,0.0400603543286,0.03816504486,0.029592093323,0.043624436828,0.781936359186
276,0.0651550251047,0.0397612120865,0.0378733555313,0.0293386716727,0.0433121511117,0.784559584493
277,0.0647341779802,0.0391007280754,0.0375545642503,0.0290647198286,0.042968541122,0.786577268743
278,0.0642933597708,0.0387635939102,0.0372253193531,0.0287831683233,0.0426126189283,0.788321939714
279,0.061728158457,0.037149069665,0.0356696504257,0.0275547052544,0.0408517400619,0.797046676136
280,0.0592734726479,0.0356066979502,0.0341837045023,0.0263823084634,0.0391690235357,0.8053847929
281,0.0608319133857,0.0364761936453,0.0350133328067,0.0269975199983,0.0401392250747,0.800541815089
282,0.0552270122718,0.0330549338227,0.0317246431203,0.0244390272993,0.0363868273274,0.819167556159
283,0.0544947833472,0.032557150016,0.0312423251541,0.0240451378223,0.0358511181393,0.821809485521
284,0.0497743193884,0.0296827058167,0.0284798022367,0.0218986651784,0.0326970249747,0.837467482405
285,0.049138229933,0.0292498991531,0.0280604330137,0.0215561796448,0.0322312798489,0.839763978406
286,0.0483037140588,0.0287006740825,0.0275295179297,0.0211287003399,0.0316368839565,0.842700509633
287,0.0490728790005,0.0291044781898,0.0279127638214,0.021402956539,0.0320929654463,0.840413957003
288,0.0482398446788,0.0285582037328,0.0273848537048,0.0209786774365,0.0315013630138,0.843337057433
289,0.0472831943082,0.0282899365466,0.0271236433445,0.0207592881321,0.0312161154284,0.84532782224
290,0.0468940047273,0.0280070858319,0.0268485285042,0.0205296559572,0.0309145716725,0.846806153307
291,0.0458754282365,0.0273499266161,0.0262147213227,0.02002641354,0.0301995104841,0.850333999801
292,0.0467064614853,0.0277957524225,0.0266381480736,0.0203309988087,0.0307022779732,0.847826361237
293,0.0460088189577,0.0273317845349,0.0261896742348,0.0199701595254,0.0302001138173,0.85029944893
294,0.0447853420215,0.0265575637779,0.025444086023,0.0193836270152,0.0293546732879,0.854474707875
295,0.0442987740936,0.026222221428,0.0251191313292,0.019118312549,0.0289939192527,0.856247641348
296,0.043974392438,0.025983823343,0.0248871236262,0.0189241506787,0.0287401431068,0.857490366807
297,0.0448935619475,0.0264796784025,0.0253583429238,0.01926456976,0.0292986091574,0.854705237809
298,0.0442271252256,0.0260401083717,0.0249337422493,0.0189244236106,0.028822092793,0.85705250775
299,0.0453336566813,0.0266440513633,0.0255082963939,0.0193425354433,0.0295006383542,0.853670821764
300,0.0461102046265,0.0270521629654,0.0258952257518,0.0196177140402,0.0299627432689,0.851361949347
301,0.0435908588735,0.0255285299065,0.0244331818127,0.0184929193809,0.0282848455043,0.859669664522
302,0.044652560365,0.0261037066906,0.0249800276975,0.0188892674945,0.0289320103918,0.856442427361
303,0.0448667484832,0.0261821825403,0.0250514630845,0.0189257041922,0.0290289083725,0.855944993327
304,0.0416819108018,0.0242803142739,0.023228334236,0.0175320932019,0.0269294565118,0.866347890975
305,0.0426468490828,0.0247981377311,0.0237202545145,0.0178867649647,0.0275131793563,0.863434814351
306,0.0422807084991,0.024541426853,0.0234712705853,0.0176825871563,0.0274900774099,0.864533929496
307,0.03908188164,0.0226442766865,0.0216536821613,0.0162981277074,0.0253744225368,0.874947609268
308,0.038851888581,0.0224709046483,0.0214847535323,0.016155971788,0.02518951657,0.87584696488
309,0.0380428190785,0.0219637528832,0.0209967888995,0.0157743816322,0.0246301686599,0.878592088847
310,0.0372534984346,0.0214697187159,0.0205215047171,0.0154030035307,0.0240851165781,0.881267158024
311,0.0369313127421,0.0212461122284,0.0201171450574,0.0152262093645,0.0238431389953,0.882636081612
312,0.0365338318735,0.0209799952981,0.0198616703191,0.0150193444717,0.0235532535356,0.884051904502
313,0.0356935893088,0.0204609511081,0.0193668819781,0.0146320330927,0.0229790938706,0.886867450642
314,0.0355376243201,0.0203352455941,0.0192445081662,0.0145265185998,0.0228464151717,0.887509688148
315,0.0344559498572,0.0196811599647,0.018622225945,0.0140441700523,0.0221197846831,0.891076709498
316,0.0338245599842,0.0192860840341,0.0182451929796,0.0137474677179,0.0216838213168,0.893212873967
317,0.0334055749718,0.0190132467688,0.0179839131857,0.0135384268951,0.0213850175558,0.894673820623
318,0.0329922400142,0.0187445306876,0.0177266222442,0.0133327506275,0.0210906254343,0.896113230992
319,0.0327503442338,0.018573941443,0.0175622031571,0.0131972220055,0.0209064609042,0.897009828256
320,0.0323453475485,0.0183115648538,0.0173110691091,0.0129968221338,0.020618803948,0.898416392407
321,0.0318240594882,0.0179843460142,0.0169987343306,0.0127508645195,0.0202578905598,0.900184105088
322,0.0314871321205,0.0177622350626,0.0167858391033,0.0125798615183,0.0200151452078,0.901369786988
323,0.0321648398678,0.0181122054117,0.0171135569244,0.012813944766,0.0204170986943,0.899378354336
324,0.0296868053836,0.0166870221064,0.0157641767726,0.011792981564,0.0188175507366,0.907251463437
325,0.0289581708904,0.0162484499565,0.0153471556646,0.0114707015716,0.0183298011139,0.909645720803
326,0.0281053036921,0.0157418049709,0.0148659954158,0.0111010954532,0.0177648647014,0.912420935767
327,0.0280593839623,0.0156880805898,0.0148126508007,0.0110513259092,0.017710823274,0.912677735464
328,0.0268239055314,0.0149705971948,0.0141327151065,0.0105345736997,0.0169071195762,0.916631088891
329,0.0262950754403,0.0146493032754,0.0138269679192,0.0102974116905,0.016550420414,0.918380821261
330,0.0260264182014,0.0144737940067,0.013658904817,0.010163113111,0.0163582186459,0.919319551218
331,0.0256207352117,0.0142227968269,0.0134196751645,0.0099761424875,0.0160805237078,0.920680126602
332,0.0250632513728,0.0138885294031,0.0131019749855,0.00973121718582,0.0157084381448,0.922506588908
333,0.0252627473105,0.0139741327747,0.0131804086283,0.00978067963332,0.0158111394915,0.921990892162
334,0.0251191611488,0.0138699486748,0.0130798381313,0.0096973325251,0.0156990987033,0.922534620817
335,0.024628286071,0.0135746720413,0.0127991275632,0.00948069216859,0.0153705983146,0.924146623841
336,0.0244521914489,0.0134535958911,0.0126827346475,0.00938603876761,0.0152391718595,0.924786267385
337,0.0243766295693,0.0133881226853,0.0126187901199,0.00933032806202,0.0151706515371,0.925115478026
338,0.0243297173279,0.013338547001,0.0125698490728,0.00928579346228,0.015120098976,0.92535599416
339,0.0229454980224,0.0125572454481,0.0118314896709,0.00873249096631,0.0142397398452,0.929693536047
340,0.0221721050353,0.0121123735674,0.0114103195866,0.00841407316618,0.0137403719671,0.932150756677
341,0.022015838611,0.0120055758805,0.0113077202297,0.00833092625237,0.0136242872356,0.932715651791
342,0.0224902677305,0.0122424354868,0.0115287809618,0.00848616326053,0.0138982519176,0.931354100643
343,0.0224455706895,0.0121963333312,0.0114833434793,0.00844512553052,0.0138510660971,0.931578560872
344,0.0220997614994,0.0119870317238,0.01128428979,0.00829128310558,0.0136184328039,0.932719201077
345,0.0218728623238,0.0118428198196,0.0111465688744,0.00818273481936,0.0134596002198,0.933495413943
346,0.0206503159801,0.0111609622311,0.0105029482722,0.00770332568001,0.0126893751869,0.93729307265
347,0.021084941874,0.0113755598519,0.0107030085888,0.00784300814767,0.0129381726105,0.936055308927
348,0.0204412944609,0.0110086534555,0.0103559704097,0.00758188778849,0.0125255245601,0.938086669325
349,0.0199654103756,0.0107332064297,0.0100950758963,0.0073842416343,0.012216667827,0.939605397837
350,0.0196248086721,0.0105313029678,0.00990343189121,0.00723755354821,0.0119913188593,0.940711584061
351,0.0193269946807,0.0103530053209,0.00973404961547,0.00710737754525,0.0117926889332,0.941685883905
352,0.0194745104248,0.010413436985,0.00978914401387,0.00714118538566,0.0118659376,0.941315785591
353,0.0192126460869,0.0102551061965,0.00963860743465,0.0070250535943,0.0116898702298,0.942178716458
354,0.0186492973265,0.0101352071345,0.00952423856911,0.00693546164328,0.0115574951007,0.943198300226
355,0.0188114930961,0.0102057093821,0.00958880175299,0.00697620458227,0.0116422212261,0.94277556996
356,0.019190619312,0.0103934251758,0.00976345080746,0.00709688830853,0.0118607705739,0.941694845822
357,0.0186096861633,0.0100614025803,0.00944988843214,0.00686279566933,0.011486145123,0.943530082032
358,0.0180935102329,0.00976544596957,0.00917030419465,0.00665377160129,0.0111524276704,0.945164540331
359,0.0168124486231,0.00905836873055,0.00850482069429,0.00616536891326,0.0103487736973,0.949110219341
360,0.0163502021323,0.00879411063142,0.00825525699061,0.00597907861305,0.0100506090699,0.950570742563
361,0.015862016172,0.00851681004166,0.0079935397647,0.00578432338595,0.00973730958729,0.952106001048
362,0.0157024613678,0.00841658822097,0.00789808430058,0.00571011624859,0.00962630590098,0.952646443961
363,0.0155443390459,0.00831745347987,0.00780368214181,0.00563679857391,0.00951646205102,0.953181264708
364,0.0153776133286,0.00821404031996,0.00770529955719,0.00556073541399,0.00940163812874,0.953740673252
365,0.0150269629453,0.00801288451031,0.00751527862353,0.00541873047421,0.00917481139308,0.954851332054
366,0.0147165807105,0.00783383388561,0.00734605316892,0.00529195680156,0.00897313457759,0.955838440856
367,0.0144132710989,0.00765913581668,0.00718096790974,0.0051683863225,0.00877629383064,0.956801945022
368,0.0143650678322,0.00762034564037,0.00714334115015,0.00513668736059,0.00873509466064,0.956999463356
369,0.013866709888,0.00734328176541,0.00688240808241,0.0049446086183,0.00842063221363,0.958542359432
370,0.0136360373964,0.00720866295745,0.00675504822442,0.00484874913238,0.00826933884876,0.959282163441
371,0.0138858019083,0.00732803063267,0.0068656951418,0.0049237448107,0.00840939795566,0.958587329551
372,0.0129260725799,0.0068097736188,0.00637901201414,0.00457061036551,0.00781757154783,0.961496959874
373,0.0128832143554,0.00677548036579,0.00634577022484,0.00454270863253,0.00778109723248,0.961671729189
374,0.0127354545771,0.00668621108646,0.00626105964261,0.00447804176775,0.00768143563227,0.962157797294
375,0.0124506286454,0.00652539319799,0.00610939140388,0.00436564088635,0.00749946977969,0.963049476087
376,0.0124357871279,0.00650636553903,0.00609050394322,0.00434823539481,0.0074803840188,0.963138723976
377,0.012293047431,0.00642058368455,0.00600914642431,0.00428629802632,0.00738450700269,0.963606417431
378,0.0122641883949,0.00639445507661,0.00598363814914,0.00426426965214,0.00735719213005,0.963736256597
379,0.0123748778299,0.00644103147305,0.00602616070319,0.00429071635589,0.00741353836558,0.963453675272
380,0.0121238605076,0.00629948731717,0.00589269549841,0.00419191874686,0.00725332078872,0.964238717141
381,0.0119838922078,0.00621601341143,0.00581358789263,0.00413192907768,0.00715987076271,0.964694706648
382,0.0117414999626,0.00607977355051,0.00568516677972,0.00403702635768,0.00700554948751,0.965450983862
383,0.0116560538928,0.00602511226133,0.00563306101317,0.00399643349292,0.00694514801685,0.965744191323
384,0.0115388180679,0.00595421751815,0.00556579894612,0.00394516715248,0.00686598136043,0.966130016955
385,0.0108553799313,0.0055918842378,0.00522618159633,0.00370111133979,0.00645056353571,0.968174879359
386,0.0110445949476,0.00567953409403,0.00530716440174,0.00375508657643,0.00655411047028,0.96765950951
387,0.0106734750334,0.0054792173732,0.00511907940823,0.00361875381833,0.00632530013606,0.968784174231
388,0.010393077727,0.00532606718839,0.00497511911388,0.0035138273221,0.00615078872139,0.969641119927
389,0.0103179926547,0.00527846265987,0.00492978299047,0.00347868010881,0.00609808092505,0.969897000661
390,0.0102915578122,0.00525585204538,0.00490780146049,0.00346005846292,0.00607421866568,0.970010511553
391,0.0103361909974,0.00526953523485,0.00491971192417,0.00346534025942,0.0060922983712,0.969916923213
392,0.0101296723269,0.00515533578725,0.00481224604596,0.00338659914784,0.00596248598254,0.97055366071
393,0.00996448161172,0.00506251175475,0.00472476722683,0.00332204986534,0.00585730742634,0.971068882115
394,0.00926360790729,0.00469830572133,0.00438408687704,0.0030797441659,0.00543794497363,0.973136310355
395,0.00943094713875,0.00477492102328,0.00445479350133,0.00312660362021,0.00552867790932,0.972684056807
396,0.00932333783963,0.00471229073735,0.00439558789046,0.00308227920839,0.00545819108062,0.973028313244
397,0.00948950606355,0.00478799885029,0.00446542124424,0.00312843547689,0.00554794639806,0.972580691967
398,0.00941949199207,0.0047444697815,0.00442404552816,0.00309666421324,0.00549955392777,0.972815774557
399,0.00942015358463,0.00473661363642,0.00441594209331,0.00308821591559,0.00549249034633,0.972846584424
400,0.00911793703301,0.0046762117886,0.00435886167571,0.00304555981759,0.00542446704238,0.973376962643
401,0.00910947420465,0.00466405938026,0.00434676830761,0.00303438231126,0.0054123831663,0.97343293263
402,0.00912422193865,0.00466379849631,0.00434575966865,0.00303095347945,0.00541409413837,0.973421172279
403,0.00916485082747,0.00467673233961,0.0043570440228,0.00303609441619,0.0054311287826,0.973334149611
404,0.00907082763819,0.00462101316672,0.00430437544354,0.00299669973668,0.00536841836116,0.973638665654
405,0.009051887662,0.00460365345004,0.00428745000535,0.00298223534453,0.00535024083835,0.9737245327
406,0.00898251746457,0.0045607337077,0.00424673016087,0.00295125863134,0.00530233282611,0.973956427209
407,0.00886388525242,0.0044929744329,0.0041828992531,0.00290428858362,0.00522549910695,0.974330453371
408,0.00876000418616,0.00443289365403,0.00412623801547,0.00286237413332,0.00515754118137,0.97466094883
409,0.00853316164752,0.00431088213208,0.00401196021772,0.00278059988281,0.00501745055601,0.975345945564
410,0.00834744483959,0.0042100078983,0.00391739068267,0.00271261730345,0.00490186588373,0.975910673392
411,0.0080946101209,0.00407566486305,0.00379171727128,0.00262323590487,0.0047472110571,0.976667560783
412,0.00797597900017,0.00400921834021,0.00372924310912,0.00257769694388,0.00467155369234,0.977036308914
413,0.0079150392628,0.0039719333924,0.00369391119629,0.00255098186252,0.00462983117044,0.977238303116
414,0.00785441165682,0.00393491830007,0.00365884253527,0.00252449432657,0.00458839162426,0.977438941557
415,0.00783674826235,0.00391950419402,0.0036438680254,0.00251190423689,0.00457211824165,0.97751585704
