episode,omega1,omega2,omega3,omega4,omega5,omega
1,0.166666666667,0.166666666667,0.166666666667,0.166666666667,0.166666666667,0.166666666667
2,0.166666666667,0.166666666667,0.166666666667,0.166666666667,0.166666666667,0.166666666667
3,0.166666666667,0.166666666667,0.166666666667,0.166666666667,0.166666666667,0.166666666667
4,0.166666666667,0.166666666667,0.166666666667,0.166666666667,0.166666666667,0.166666666667
5,0.166666666667,0.166666666667,0.166666666667,0.166666666667,0.166666666667,0.166666666667
6,0.166666666667,0.166666666667,0.166666666667,0.166666666667,0.166666666667,0.166666666667
7,0.166666666667,0.166666666667,0.166666666667,0.166666666667,0.166666666667,0.166666666667
8,0.166666666667,0.166666666667,0.166666666667,0.166666666667,0.166666666667,0.166666666667
9,0.166666666667,0.166666666667,0.166666666667,0.166666666667,0.166666666667,0.166666666667
10,0.166666666667,0.166666666667,0.166666666667,0.166666666667,0.166666666667,0.166666666667
11,0.166666666667,0.166666666667,0.166666666667,0.166666666667,0.166666666667,0.166666666667
12,0.166666666667,0.166666666667,0.166666666667,0.166666666667,0.166666666667,0.166666666667
13,0.166666666667,0.166666666667,0.166666666667,0.166666666667,0.166666666667,0.166666666667
14,0.165058361313,0.165058361313,0.165058361313,0.165058361313,0.174708193436,0.165058361313
15,0.164932146425,0.164932146425,0.164932146425,0.164932146425,0.175339267874,0.164932146425
16,0.16480557284,0.16480557284,0.16480557284,0.16480557284,0.175972135802,0.16480557284
17,0.164678640239,0.164678640239,0.164678640239,0.164678640239,0.176606798806,0.164678640239
18,0.164551348311,0.164551348311,0.164551348311,0.164551348311,0.177243258447,0.164551348311
19,0.164423696748,0.164423696748,0.164423696748,0.164423696748,0.177881516259,0.164423696748
20,0.164295685249,0.164295685249,0.164295685249,0.164295685249,0.178521573753,0.164295685249
21,0.164167313518,0.164167313518,0.164167313518,0.164167313518,0.179163432411,0.164167313518
22,0.164038581262,0.164038581262,0.164038581262,0.164038581262,0.17980709369,0.164038581262
23,0.163909488196,0.163909488196,0.163909488196,0.163909488196,0.180452559022,0.163909488196
24,0.163780034038,0.163780034038,0.163780034038,0.163780034038,0.181099829811,0.163780034038
25,0.164678640239,0.164678640239,0.164678640239,0.164678640239,0.176606798806,0.164678640239
26,0.165121334345,0.165121334345,0.165121334345,0.165121334345,0.174393328273,0.165121334345
27,0.165058361313,0.165058361313,0.165058361313,0.165058361313,0.174708193436,0.165058361313
28,0.164995298686,0.164995298686,0.164995298686,0.164995298686,0.175023506569,0.164995298686
29,0.163518244918,0.172090870314,0.163518244918,0.163518244918,0.173836150013,0.163518244918
30,0.163404737185,0.172285534381,0.163404737185,0.163404737185,0.17409551688,0.163404737185
31,0.163291157633,0.172480259559,0.163291157633,0.163291157633,0.17435510991,0.163291157633
32,0.163561858208,0.173081767945,0.163561858208,0.163561858208,0.172670799221,0.163561858208
33,0.163460792717,0.173290775457,0.163460792717,0.163460792717,0.172866053675,0.163460792717
34,0.163548911453,0.172542471774,0.163548911453,0.163548911453,0.173261882414,0.163548911453
35,0.163453570914,0.172721844009,0.163453570914,0.163453570914,0.173463872333,0.163453570914
36,0.163358180708,0.172901291323,0.163358180708,0.163358180708,0.173665985846,0.163358180708
37,0.163559479497,0.173395396929,0.163559479497,0.163559479497,0.172366685082,0.163559479497
38,0.163642361641,0.172725096729,0.163642361641,0.163642361641,0.172705456706,0.163642361641
39,0.163559903504,0.17289028804,0.163559903504,0.163559903504,0.172870097945,0.163559903504
40,0.163623597844,0.172316059455,0.163623597844,0.163623597844,0.173189549171,0.163623597844
41,0.163544875109,0.172461898135,0.163544875109,0.163544875109,0.173358601428,0.163544875109
42,0.163212836897,0.172340338379,0.163212836897,0.163212836897,0.174808314032,0.163212836897
43,0.163127722718,0.17247923081,0.163127722718,0.163127722718,0.17500987832,0.163127722718
44,0.163042567833,0.172618145087,0.163042567833,0.163042567833,0.175211583582,0.163042567833
45,0.163094155654,0.172062708938,0.163094155654,0.163094155654,0.175560668446,0.163094155654
46,0.163012062592,0.172185458629,0.163012062592,0.163012062592,0.175766291002,0.163012062592
47,0.162929930415,0.172308210824,0.162929930415,0.162929930415,0.175972067516,0.162929930415
48,0.162847759181,0.172430965358,0.162847759181,0.162847759181,0.176177997917,0.162847759181
49,0.159877510852,0.169492007063,0.159877510852,0.159877510852,0.190997949529,0.159877510852
50,0.159731300523,0.169543148454,0.159731300523,0.159731300523,0.191531649455,0.159731300523
51,0.1595848981,0.169593959037,0.1595848981,0.1595848981,0.192066448564,0.1595848981
52,0.159438303771,0.169644437883,0.159438303771,0.159438303771,0.192602347032,0.159438303771
53,0.159291517729,0.169694584062,0.159291517729,0.159291517729,0.193139345022,0.159291517729
54,0.159278311566,0.169046512485,0.159278311566,0.159278311566,0.19384024125,0.159278311566
55,0.159133576141,0.169082679878,0.159133576141,0.159133576141,0.194383015558,0.159133576141
56,0.15898864573,0.169118507698,0.15898864573,0.15898864573,0.194926909383,0.15898864573
57,0.159554350864,0.169910965185,0.159554350864,0.159554350864,0.191871631359,0.159554350864
58,0.159422999941,0.169961854246,0.159422999941,0.159422999941,0.192346145989,0.159422999941
59,0.160751109698,0.169717312756,0.159014942166,0.159014942166,0.192486751048,0.159014942166
60,0.16064372622,0.169762730933,0.158878969449,0.158878969449,0.192956634499,0.158878969449
61,0.160667156456,0.169130466188,0.158872394506,0.158872394506,0.193585193838,0.158872394506
62,0.160561534872,0.169163954339,0.158738230123,0.158738230123,0.19405982042,0.158738230123
63,0.16045572926,0.16919718185,0.158603928502,0.158603928502,0.194535303383,0.158603928502
64,0.160468418809,0.168615273133,0.158586777297,0.158586777297,0.195155976167,0.158586777297
65,0.160133717239,0.168684401426,0.158497453989,0.158497453989,0.195689519367,0.158497453989
66,0.159850520057,0.168742884495,0.158398161766,0.158398161766,0.19621211015,0.158398161766
67,0.159847824005,0.168203965783,0.158373249987,0.158373249987,0.196828460251,0.158373249987
68,0.159834950356,0.167716095632,0.158338259787,0.158338259787,0.197434174651,0.158338259787
69,0.159584415547,0.16775142515,0.158235664085,0.158235664085,0.197957167047,0.158235664085
70,0.160188314677,0.168509866363,0.158814635243,0.158814635243,0.194857913231,0.158814635243
71,0.160089326013,0.168529386201,0.158696686142,0.158696686142,0.19529122936,0.158696686142
72,0.159990192162,0.168548690903,0.158578620102,0.158578620102,0.195725256629,0.158578620102
73,0.160495866558,0.169205562725,0.159059978347,0.159059978347,0.193118635675,0.159059978347
74,0.160405778604,0.169234754282,0.15895085534,0.15895085534,0.193506901095,0.15895085534
75,0.160315571154,0.169263771319,0.158841638696,0.158841638696,0.193895741438,0.158841638696
76,0.160225244244,0.169292613511,0.158732328493,0.158732328493,0.194285156765,0.158732328493
77,0.16000725887,0.16934699308,0.158647012739,0.158647012739,0.194704709832,0.158647012739
78,0.151238597872,0.160186026457,0.149936051389,0.149936051389,0.238767221504,0.149936051389
79,0.150911603309,0.160086512171,0.149714276282,0.149714276282,0.239859055673,0.149714276282
80,0.152005291998,0.161368749793,0.150783888378,0.150783888378,0.234274293076,0.150783888378
81,0.152319293333,0.161172181804,0.150470935492,0.150470935492,0.235095718386,0.150470935492
82,0.153266867652,0.162289394603,0.151383906413,0.151383906413,0.230292018507,0.151383906413
83,0.153082268963,0.162208436687,0.15117850215,0.15117850215,0.231173787901,0.15117850215
84,0.152897208388,0.162126793631,0.150972700978,0.150972700978,0.232057895049,0.150972700978
85,0.152711686391,0.162044464656,0.150766503553,0.150766503553,0.232944338295,0.150766503553
86,0.152525703453,0.161961448997,0.150559910543,0.150559910543,0.233833115922,0.150559910543
87,0.152440303904,0.161321834778,0.150452648967,0.150452648967,0.234879914419,0.150452648967
88,0.152254395185,0.161231225284,0.150246233118,0.150246233118,0.235775680177,0.150246233118
89,0.152068022285,0.16113993456,0.150039418775,0.150039418775,0.236673786829,0.150039418775
90,0.142235673686,0.150820295865,0.140316819037,0.140316819037,0.285993573337,0.140316819037
91,0.141910917285,0.150575055083,0.139975080266,0.139975080266,0.287588786835,0.139975080266
92,0.141667697223,0.149832817244,0.139713854337,0.139713854337,0.289357922521,0.139713854337
93,0.141341454899,0.149579851613,0.139370840129,0.139370840129,0.290966173102,0.139370840129
94,0.142914181872,0.151337410268,0.140900135047,0.140900135047,0.283048002718,0.140900135047
95,0.142612380315,0.151110843177,0.140581130638,0.140581130638,0.284533384594,0.140581130638
96,0.142173589751,0.150906901964,0.140283566248,0.140283566248,0.286068809542,0.140283566248
97,0.141947507482,0.150206481346,0.140040760126,0.140040760126,0.287723730793,0.140040760126
98,0.143379661866,0.15181136888,0.141433751131,0.141433751131,0.280507715861,0.141433751131
99,0.143096739222,0.151601090293,0.141134784769,0.141134784769,0.281897816179,0.141134784769
100,0.14281299895,0.151389644437,0.140835093524,0.140835093524,0.283292076041,0.140835093524
101,0.144106301481,0.152850634087,0.1420904662,0.1420904662,0.276771665831,0.1420904662
102,0.143841308496,0.152659466551,0.141809201595,0.141809201595,0.278071620167,0.141809201595
103,0.143575582071,0.152467241777,0.141527290434,0.141527290434,0.279375304849,0.141527290434
104,0.144751394267,0.153806452862,0.142666228923,0.142666228923,0.2734434661,0.142666228923
105,0.145796156916,0.155007859797,0.14367570017,0.14367570017,0.268168882776,0.14367570017
106,0.145562292906,0.154850415237,0.14342503135,0.14342503135,0.269312197806,0.14342503135
107,0.139258816733,0.148232020954,0.137194779447,0.137194779447,0.259163995435,0.178955607985
108,0.139057868816,0.147555510482,0.136977512116,0.136977512116,0.26031090677,0.1791206897
109,0.138780673745,0.14734303175,0.136685207386,0.136685207386,0.261318777172,0.17918710256
110,0.138372377733,0.147152312981,0.136413414746,0.136413414746,0.262368801763,0.179279678031
111,0.138407135621,0.147272373592,0.13642983293,0.13642983293,0.263979662278,0.177481162649
112,0.138130436797,0.147060929662,0.136139277442,0.136139277442,0.265002867355,0.177527211302
113,0.137853454052,0.146848897599,0.135848515837,0.135848515837,0.266028423046,0.177572193629
114,0.137576189789,0.146636279196,0.135557550582,0.135557550582,0.267056323007,0.177616106845
115,0.137370976999,0.145973401729,0.135337644104,0.135337644104,0.268227792016,0.177752541049
116,0.137159760927,0.145343575528,0.135111879185,0.135111879185,0.269392007687,0.177880897488
117,0.137915527443,0.146218103616,0.135838591346,0.135838591346,0.264923355156,0.179265831092
118,0.138761448382,0.147189106369,0.136653896214,0.136653896214,0.25996808055,0.180773572271
119,0.138382989487,0.147012858596,0.136403652657,0.136403652657,0.260922284076,0.180874562527
120,0.138434212214,0.147142691833,0.13643748408,0.13643748408,0.260195535469,0.181352592324
121,0.138180292813,0.146948115546,0.136170601061,0.136170601061,0.261099181598,0.18143120792
122,0.134653136509,0.143270585494,0.132678543963,0.132678543963,0.255787237115,0.200931952957
123,0.136120442579,0.142760018868,0.132121831584,0.132121831584,0.256099527763,0.200776347621
124,0.135916821791,0.142138971794,0.13189195519,0.13189195519,0.257044618783,0.201115677251
125,0.135650394498,0.14191198291,0.131601251511,0.131601251511,0.257873222449,0.201361897121
126,0.135442072656,0.141315147927,0.131367039267,0.131367039267,0.258814532178,0.201694168704
127,0.132031881741,0.137803871942,0.128028157773,0.128028157773,0.253608473666,0.220499457105
128,0.132697132561,0.13854524555,0.128641792911,0.128641792911,0.24895973007,0.222514305997
129,0.133289430586,0.13921091309,0.129184414495,0.129184414495,0.244711735487,0.224419091847
130,0.133766386573,0.13975650972,0.129615000763,0.129615000763,0.246755862252,0.220491239928
131,0.133497520776,0.139522976209,0.129322869969,0.129322869969,0.247431554113,0.220902208965
132,0.130333954506,0.13626288664,0.126227380221,0.126227380221,0.264443889592,0.216504508819
133,0.123501405545,0.129163377733,0.119580883844,0.119580883844,0.302222504911,0.205950944124
134,0.122945241089,0.128871554352,0.119241056034,0.119241056034,0.303487877365,0.206213215126
135,0.123841537171,0.129857010982,0.120082723893,0.120082723893,0.297610172254,0.208525831806
136,0.123501061756,0.129545843712,0.11972504085,0.11972504085,0.298740278159,0.208762734673
137,0.12432609677,0.13045742921,0.120497131296,0.120497131296,0.29324607119,0.210976140239
138,0.119236671354,0.125161305655,0.115537870341,0.115537870341,0.283021850796,0.241504431513
139,0.119885286052,0.125886700143,0.116139647696,0.116139647696,0.277876424892,0.244072293521
140,0.119532706816,0.125560907031,0.115771452094,0.115771452094,0.278752083687,0.244611398277
141,0.12012561519,0.12622838893,0.116318945694,0.116318945694,0.273913707027,0.247094397465
142,0.120661732608,0.126836630455,0.116811202679,0.116811202679,0.269400131678,0.249479099902
143,0.120888373739,0.127119857835,0.11700369564,0.11700369564,0.271448059236,0.24653631791
144,0.120359361705,0.126839951219,0.116677906677,0.116677906677,0.27230125539,0.247143618332
145,0.119849330477,0.126556981472,0.116349642156,0.116349642156,0.273149191835,0.247745211905
146,0.114337548521,0.120782387924,0.110975966792,0.110975966792,0.305381649087,0.237546480884
147,0.115004921378,0.121533330684,0.111600748473,0.111600748473,0.300119305034,0.240140945957
148,0.114684770864,0.120841204588,0.11126717307,0.11126717307,0.301256571003,0.240683107404
149,0.114398279354,0.120487845967,0.110879532153,0.110879532153,0.302248050673,0.2411067597
150,0.114032947983,0.12014516199,0.110502109263,0.110502109263,0.303267129924,0.241550541577
151,0.113710194946,0.119473813892,0.110166092017,0.110166092017,0.30440050353,0.242083303598
152,0.113384519739,0.118823907252,0.109827381201,0.109827381201,0.305527777127,0.242609033479
153,0.114033343899,0.119540947151,0.110432536259,0.110432536259,0.300331069008,0.245229567423
154,0.113922860998,0.119169465913,0.11003197338,0.11003197338,0.301217840824,0.245625885505
155,0.11360337057,0.118541557808,0.109698476317,0.109698476317,0.30228803558,0.246170083409
156,0.114148100568,0.119142881296,0.11019945007,0.11019945007,0.305673904208,0.240636213789
157,0.114786079212,0.119841883895,0.110790193134,0.110790193134,0.300643401841,0.243148248784
158,0.114476822585,0.119237474893,0.110466609322,0.110466609322,0.301689746664,0.243662737214
159,0.114131708292,0.118908863899,0.110108573083,0.110108573083,0.302642440165,0.244099841477
160,0.113621293002,0.118602337522,0.109771299302,0.109771299302,0.303652365768,0.244581405104
161,0.113275831159,0.118273642156,0.109413819323,0.109413819323,0.304606531603,0.245016356436
162,0.111801801927,0.116766082125,0.107966635329,0.107966635329,0.312501944609,0.242996900681
163,0.111612062054,0.116599376777,0.107760038822,0.107760038822,0.312511439626,0.243757043901
164,0.104005541594,0.108682287095,0.100394270982,0.100394270982,0.29307007958,0.293453549768
165,0.102740758155,0.107389605592,0.0991519043831,0.0991519043831,0.29135198634,0.300213841147
166,0.102350501387,0.107010562669,0.0987538671895,0.0987538671895,0.292095863211,0.301035338355
167,0.101988993967,0.106383784222,0.0983837309828,0.0983837309828,0.292919952112,0.301939807733
168,0.101599597807,0.10600454588,0.097986853557,0.097986853557,0.293662066154,0.302760083045
169,0.101210661162,0.105625587436,0.0975905866579,0.0975905866579,0.294403072389,0.303579505696
170,0.102063418324,0.106542616805,0.0983915086638,0.0983915086638,0.298776475969,0.295834471574
171,0.101708267732,0.10593349734,0.0980278801021,0.0980278801021,0.299635152984,0.296667321739
172,0.101326537151,0.105561180039,0.0976387919519,0.0976387919519,0.300413829258,0.297420869648
173,0.101821432631,0.106102159097,0.0980944063204,0.0980944063204,0.29512610637,0.300761489261
174,0.101296074497,0.105752304234,0.0977263595901,0.0977263595901,0.295907715201,0.301591186889
175,0.100782997802,0.105401193538,0.0973574682117,0.0973574682117,0.296684611963,0.302416260273
176,0.100280787212,0.105049016908,0.0969879088864,0.0969879088864,0.297457229251,0.303237148856
177,0.0985367339723,0.103249439505,0.0952829438704,0.0952829438704,0.294105591689,0.313542347092
178,0.0965742559648,0.101219967088,0.0933674539831,0.0933674539831,0.290044619657,0.325426249324
179,0.0962094963052,0.100616519746,0.0929970620065,0.0929970620065,0.290749989875,0.326429870061
180,0.0957076736268,0.100248488341,0.0926159177212,0.0926159177212,0.291418619686,0.327393382904
181,0.0927008385441,0.1246012221,0.0896897608688,0.0896897608688,0.284024439142,0.319293978477
182,0.0930747468139,0.125309515489,0.0900350055861,0.0900350055861,0.278753656236,0.322792070289
183,0.0928050080497,0.123968803267,0.089757608762,0.089757608762,0.279635370474,0.324075600686
184,0.0925289257058,0.122685266064,0.0894741765228,0.0894741765228,0.280498273503,0.325339181681
185,0.0928182419905,0.123258735478,0.0897374775195,0.0897374775195,0.283085739915,0.321362327578
186,0.0901882044077,0.119950921919,0.0871787401226,0.0871787401226,0.276736457155,0.338766936273
187,0.0905057305731,0.120558936552,0.0874696231208,0.0874696231208,0.271595801175,0.342400285459
188,0.0892126341187,0.119019788163,0.0862040893666,0.0862040893666,0.269301752576,0.35005764641
189,0.0888292250816,0.118691102524,0.0858178654629,0.0858178654629,0.269733280614,0.351110660855
190,0.0889349525725,0.119015698173,0.0859042481995,0.0859042481995,0.266133000385,0.35410785247
191,0.0843113767348,0.113002338796,0.08142329506,0.08142329506,0.301678165995,0.338161528354
192,0.0834877400239,0.112071048847,0.0806130821967,0.0806130821967,0.300742212966,0.34247283377
193,0.0790475016595,0.106274326165,0.0763117299127,0.0763117299127,0.335390910214,0.326663802136
194,0.0781000367932,0.105162506889,0.0753832257776,0.0753832257776,0.340828651442,0.325142353321
195,0.0761751338652,0.102728843339,0.073511796156,0.0931273815562,0.334975889784,0.3194809553
196,0.0766214170504,0.103490106073,0.0739289123232,0.0937700528953,0.328453233211,0.323736278448
197,0.0763037991712,0.102281200609,0.0736089508913,0.0934781176876,0.32954231024,0.324785621401
198,0.0753321924196,0.101129880767,0.0726583283648,0.0923834590006,0.335467758022,0.323028381426
199,0.0756984279775,0.101773563631,0.0729981719406,0.0929287911761,0.329594551613,0.327006493662
200,0.076078138463,0.10243708971,0.0733508802717,0.0934917135847,0.323557688388,0.331084489582
201,0.0764239094503,0.103056606368,0.0736707399215,0.0940139517314,0.317778598879,0.33505619365
202,0.0766674968798,0.103539748107,0.0738919954288,0.0944113390355,0.312872133041,0.338617287508
203,0.0762900478057,0.103184137868,0.073514723217,0.0940438879589,0.313517704698,0.339449498452
204,0.0750700048122,0.101685898278,0.0723257943252,0.0926358193992,0.310669925084,0.347612558101
205,0.0753441713029,0.102209950796,0.0725766231989,0.0930704855126,0.305272621232,0.351526147957
206,0.0731266135727,0.0993500783048,0.070427599885,0.0904248082191,0.298326804325,0.368344095693
207,0.072647984032,0.0988474685786,0.0699538018091,0.0899260498516,0.298413866438,0.37021082929
208,0.0718600256663,0.0979216190379,0.0691823725899,0.0890428665588,0.30289140977,0.369101706377
209,0.0715472893785,0.0967484118787,0.0688686544255,0.0887472214816,0.30367646056,0.370411962276
210,0.0717661620041,0.0971852670482,0.0690666613478,0.0891109587993,0.298377114969,0.374493835831
211,0.0719597606821,0.0975889112478,0.0692402745104,0.0894439398786,0.293282876939,0.378484236742
212,0.0717339601136,0.0974239246235,0.0690103462706,0.0892556738146,0.294325238386,0.378250856791
213,0.0719081163331,0.0978022345118,0.0691652005978,0.0895650873139,0.289390685049,0.382168676194
214,0.0716015190065,0.0966600412647,0.0688576652828,0.0892756235844,0.29005560434,0.383549546522
215,0.0721454537033,0.0975316479856,0.0693680290722,0.0900470398693,0.294184904494,0.376722924875
216,0.0722662566722,0.0978326924916,0.0694714357534,0.0902912876068,0.289858834362,0.380279493114
217,0.0723654192161,0.0981050542856,0.0695540024756,0.0905088787485,0.285712838894,0.38375380638
218,0.0693067708806,0.0940909423467,0.0666019642662,0.086773193799,0.275381932876,0.407845195832
219,0.0688455840596,0.0937353414087,0.0662446882936,0.0864130018246,0.275702207228,0.409059177185
220,0.0690593334306,0.0941595692449,0.0664386247391,0.0867717090821,0.278323958286,0.405246805217
221,0.0691028226495,0.0943523393248,0.0664687205287,0.0869169189266,0.274367446529,0.408791752042
222,0.0691139030793,0.0945011532699,0.0664676357079,0.0870215312851,0.270721507402,0.412174269256
223,0.06918259732,0.0947290878842,0.0665219472739,0.0871988847105,0.266436339933,0.415931142878
224,0.0689009204338,0.094477049216,0.0662394006642,0.0858161874301,0.266968144164,0.417598298092
225,0.0667581099789,0.0916685018464,0.0641680265517,0.0832292110071,0.26024133255,0.433934818066
226,0.0651589739639,0.0895994083753,0.0626198707771,0.0813155370068,0.274211873839,0.427094336038
227,0.0644791580073,0.088790206637,0.0619556000305,0.0805464135379,0.273089629597,0.431138992191
228,0.0588430188081,0.0811438217005,0.0565300584581,0.0735782318953,0.25081564748,0.479089221658
229,0.0588250535195,0.0812339643559,0.0565028169472,0.0736282173515,0.246422047893,0.483387899933
230,0.0574857745331,0.079496957611,0.0552066552803,0.0720227822709,0.242329453576,0.493458376729
231,0.0572423257214,0.079272434479,0.0549631480271,0.0717884092812,0.240730276604,0.496003405887
232,0.054401341014,0.0754448039831,0.0522260540123,0.0682926896492,0.230215882434,0.519419228908
233,0.0545281774661,0.0757278305565,0.0523385721043,0.0685193361495,0.232198222693,0.516687861031
234,0.054455453578,0.0757339689011,0.052259535753,0.0684953511788,0.228031161029,0.52102452956
235,0.0537311045305,0.074832440582,0.0515552877968,0.0676508157208,0.226385138013,0.525845213357
236,0.0529341676481,0.0738269681697,0.0507816508851,0.066713067509,0.224402431306,0.531341714482
237,0.0522434190982,0.0729668068307,0.0501101379669,0.065907367621,0.222839608475,0.535932660009
238,0.0518146640555,0.0725789402517,0.049764466856,0.0655287669523,0.222706139476,0.537607022408
239,0.0515031480194,0.0722452428249,0.0494568513625,0.0643854985139,0.222733398439,0.539675860841
240,0.0502458323867,0.0705818551872,0.0482412723449,0.0628726410245,0.21863700978,0.549421389276
241,0.0499311063752,0.0702395559453,0.047930936808,0.0618183519719,0.21860842155,0.551471627349
242,0.0496149942087,0.0692268583531,0.0476193751902,0.0614816651528,0.218565046475,0.55349206062
243,0.0505659445388,0.0706512838112,0.0485238097679,0.0627158399217,0.224128948684,0.543414173276
244,0.0485708411974,0.0679575658894,0.046601340798,0.0602949843344,0.216614497962,0.559960769819
245,0.0470514369367,0.0659227531932,0.0451358575384,0.0584608190202,0.211133356527,0.572295776784
246,0.045308100075,0.0635680007366,0.0434560929968,0.08633948271,0.204565257711,0.556763065771
247,0.0451948140519,0.0634967594166,0.0433400542051,0.0863505661562,0.20053096062,0.56108684555
248,0.0444753245317,0.0625723317585,0.0426428273215,0.0851998255418,0.198537438692,0.566572252155
249,0.0441496264629,0.0622000169321,0.042323338624,0.0847987806553,0.198280854195,0.568247383131
250,0.0439277356862,0.061973003259,0.0421034537898,0.0822665565382,0.198482866723,0.571246384003
251,0.0427757651331,0.060431276471,0.040992340131,0.0803112903138,0.194452016649,0.581037311302
252,0.0424682037727,0.0600797517843,0.0406906696664,0.0799350083724,0.193915498534,0.582910867871
253,0.0422494311887,0.0598529222887,0.0404741587545,0.0797238592711,0.194087326896,0.583612301601
254,0.0420182278171,0.0596077158995,0.0402458139875,0.0774338904348,0.19419664719,0.586497704672
255,0.0418885095287,0.0595058841765,0.040114733515,0.0773815877758,0.190298374039,0.590810910965
256,0.0412932484989,0.0587414023891,0.0395379432124,0.0764664907284,0.188715326637,0.595245588534
257,0.0411130721106,0.058565984309,0.0393587206448,0.0763170229544,0.185762942801,0.59888225718
258,0.0408761752109,0.0583090579279,0.0391252670644,0.0742110181318,0.185783832146,0.601694649519
259,0.0409798880539,0.058537853896,0.0392178562543,0.0745721527355,0.187355714842,0.599336534218
260,0.0406700197744,0.058175572813,0.0389146820065,0.0741802121657,0.187037665377,0.601021847863
261,0.0394903908765,0.0565663261092,0.0377795303261,0.0721959598656,0.182685733854,0.611282058968
262,0.0388604655123,0.0557410050633,0.0371705631174,0.0712093851676,0.180833843382,0.616184737757
263,0.0385572614488,0.0553825862719,0.0368742623964,0.0708179241663,0.180483043804,0.617884921913
264,0.0393433481858,0.0565898606694,0.0376196280687,0.0724296027647,0.185250784152,0.608766776159
265,0.0391790261918,0.0564314489496,0.037456124347,0.07229465659,0.182067818637,0.612570925285
266,0.0398148116015,0.0574265181493,0.0380574675386,0.0736385115822,0.186102159224,0.604960531905
267,0.0395397118919,0.0571086082657,0.0377880725726,0.0732996012426,0.185894886123,0.606369119904
268,0.0391830331144,0.0567606698651,0.0374995831554,0.0729214115205,0.185583908802,0.608051393543
269,0.0385317827276,0.0558947953853,0.0368702483062,0.0718764210342,0.192709243585,0.604117508962
270,0.0392444230722,0.0570076349317,0.0375459830179,0.0733762674698,0.197455808271,0.595369883237
271,0.0399340976554,0.0580900509655,0.0381995262477,0.0748396708391,0.202136322508,0.586800331784
272,0.0396666455056,0.0571912550086,0.0379374509498,0.0745115836661,0.201992144466,0.588700920404
273,0.0386427892108,0.0557903363874,0.0369521496981,0.0727573899104,0.197963895511,0.597893439282
274,0.0385016526719,0.0556616720363,0.0368111330504,0.0726604934077,0.194626188764,0.60173886007
275,0.0376648788753,0.0545255196844,0.0360051777515,0.07124688346,0.191529739254,0.609027800975
276,0.0364228709896,0.0527987664514,0.0348121727886,0.0690579684548,0.186316601451,0.620591619865
277,0.0359029931758,0.0521154652628,0.0343096416598,0.0682308222531,0.184750563057,0.624690514592
278,0.0353253923595,0.0513463195422,0.033752122659,0.0672894949475,0.1912518678,0.621034802692
279,0.0319503566418,0.0465033668937,0.0305223787667,0.0610023141621,0.174037358553,0.655984224983
280,0.0315635676657,0.0460024683737,0.0301479179053,0.060404182675,0.172982010697,0.658899852683
281,0.0286560860831,0.0418213728061,0.0273663376947,0.0549677708715,0.158008267003,0.689180165542
282,0.0259592713078,0.0379367629693,0.0247868236411,0.0499107476325,0.144013603046,0.717392791403
283,0.0251687058238,0.0368311280569,0.0240280117026,0.0485034676401,0.140481774773,0.724986912004
284,0.0250095288478,0.0366476396318,0.023872122316,0.048308965774,0.137123661056,0.729038082375
285,0.0247310744385,0.0363451145377,0.0236392271161,0.0479569701567,0.13662727393,0.730700339821
286,0.0234078568331,0.0344471624307,0.0223708709663,0.0454970367877,0.130097749442,0.74417932354
287,0.0232398279782,0.0342462838951,0.022206754995,0.0452758982718,0.12994355769,0.74508767717
288,0.0230172784837,0.0336146311951,0.0219906018717,0.0449470140297,0.129476076016,0.746954398404
289,0.0227959894779,0.0330069299799,0.0217757209876,0.0446188145892,0.129005348787,0.748797196179
290,0.0226300636586,0.0328088197748,0.0216137847867,0.0443974536632,0.12613533313,0.752414544987
291,0.0224290343353,0.0325591873125,0.0214183777903,0.0441057863763,0.125760251143,0.753727363042
292,0.0220148697278,0.0319990620492,0.0210195333671,0.0433924149231,0.124174030361,0.757400089572
293,0.0217817334225,0.0317009089996,0.0207936313885,0.0430331211551,0.123591593976,0.759099011058
294,0.0213221253627,0.0422242228327,0.0203516369387,0.0422234394158,0.121705113185,0.752173462265
295,0.0207864895241,0.0412596041995,0.0198372267016,0.0412588360672,0.119355193227,0.757502650281
296,0.0206041433488,0.0409931417079,0.0196600817877,0.0409923759405,0.119013593774,0.758736663441
297,0.0201864631692,0.040255906361,0.0192584771628,0.0402551518164,0.117296236495,0.762747764996
298,0.0195821661644,0.0391419845635,0.0186789901192,0.0391412484193,0.11446333961,0.768992271123
299,0.0193998379702,0.0388680673788,0.0185021294557,0.0378505143916,0.114073724473,0.771305726331
300,0.0195675632003,0.0392956361455,0.0186591265232,0.0382634831209,0.115746029262,0.768468161748
301,0.0194557196411,0.0391622479193,0.0185495259579,0.0381302039519,0.115770655615,0.768931646914
302,0.0187102814651,0.0377496881411,0.0178359722748,0.0367515975729,0.11199879534,0.776953665206
303,0.0181559695711,0.0367168341641,0.0173048112133,0.0357428699178,0.109328732751,0.782750782383
304,0.0179037094162,0.0362912173695,0.0170616642631,0.0353253983254,0.111862767562,0.781555243063
305,0.0161183679837,0.0327485682067,0.0153578488672,0.0318741921506,0.101318749018,0.802582273774
306,0.0160635006589,0.0327132867374,0.0153031371361,0.0318370183748,0.101586304255,0.802496752838
307,0.0161238732569,0.0329128958092,0.0153582100169,0.0320284293046,0.102586580566,0.800990011046
308,0.0162538885802,0.0332557488741,0.0154795901038,0.0323591881006,0.1040410364,0.798610547942
309,0.0162124465048,0.0332483994906,0.0154376676123,0.0323491569496,0.10440520741,0.798347122033
310,0.0157770860492,0.0324311027823,0.015020724331,0.0315511561425,0.118419438417,0.786800492278
311,0.0153621072303,0.0316518026348,0.0146233146738,0.0307902594684,0.11605931224,0.791513203752
312,0.0155613875483,0.0321372499001,0.0148106563008,0.031259710234,0.118334264705,0.787896731312
313,0.0155532575693,0.0321954492622,0.014800565216,0.0313135326979,0.119046480227,0.787090715027
314,0.015312984092,0.0317720832082,0.0145696030584,0.0308990129306,0.117974467027,0.789471849683
315,0.0140241239375,0.0291658296887,0.0133411903704,0.028361852147,0.108751919533,0.806355084323
316,0.0138741661934,0.0284214180378,0.0131964368649,0.028121586153,0.108293173294,0.808093219457
317,0.0139555242102,0.0286532374841,0.0132717104506,0.0283500055035,0.109641088732,0.806128433619
318,0.0137435828447,0.028282396354,0.0130680762542,0.0279821467875,0.108682631922,0.808241165837
319,0.0133884334099,0.0276143418729,0.0127283588227,0.0273202646139,0.106567049726,0.812381551555
320,0.0131050079594,0.0270913669105,0.0124569260939,0.0268019566476,0.104993754544,0.815550987844
321,0.0129888074145,0.0269123487104,0.0123445092099,0.0266239544529,0.102275438303,0.818854941909
322,0.0130139353802,0.0270258688297,0.0123664244368,0.0267353579323,0.103136253008,0.817722160413
323,0.0127076955847,0.0264500511405,0.0120735019501,0.0261648489736,0.113758010049,0.808845892302
324,0.0124394919868,0.025950818058,0.0118168044947,0.0256701346697,0.112117675927,0.812005074863
325,0.0114060517314,0.0238491244531,0.0108333729473,0.0235903786658,0.10350540699,0.826815665213
326,0.0112975502039,0.0236760952017,0.0107286132272,0.0234184381823,0.103221041945,0.82765826124
327,0.0110114703505,0.023129157111,0.0104552777496,0.0228766819554,0.101294422043,0.831232990791
328,0.0108498137906,0.0228415447735,0.0103001487639,0.0225914485296,0.100489054529,0.832927989613
329,0.0108720807548,0.0229405883292,0.0103196468097,0.0226886437362,0.10138306189,0.83179597848
330,0.010971614362,0.0232033724428,0.010412467294,0.0229477692004,0.103010033022,0.829454743679
331,0.0108685489172,0.023037791099,0.0103130145881,0.0227832447761,0.100460447807,0.832536952813
332,0.010481109835,0.0222671809516,0.00994379795732,0.022020407755,0.0975343413364,0.837753162165
333,0.0105468104081,0.0224578305227,0.0100045396608,0.0222081967496,0.0988093768664,0.835973245792
334,0.0104603297959,0.0223244481982,0.00992092805334,0.0220755537975,0.0986618232027,0.836556916952
335,0.0102508175989,0.0219271686217,0.00972067404159,0.0216819734659,0.105759576324,0.830659789948
336,0.0101506860921,0.0217624678643,0.00962419078844,0.0215183899322,0.10546083568,0.831483429643
337,0.00998176216417,0.0214490794435,0.00946252403681,0.0212078022885,0.104432973302,0.833465858765
338,0.00950844881693,0.0204785785313,0.00901239883575,0.0202475366674,0.100178543383,0.840574493766
339,0.0091756458066,0.0198068526353,0.00869557534026,0.019582729936,0.0973500759699,0.845389120312
340,0.00907347076481,0.0196309342558,0.00859737910219,0.0194081486932,0.0969410484751,0.846349018709
341,0.0089675168553,0.0190989864242,0.00849563384769,0.0192245835617,0.0964808418608,0.84773243745
342,0.00886248691256,0.0185931080898,0.00839479593341,0.0190420814722,0.0960194256579,0.849088101934
343,0.00866232296291,0.0182127045894,0.00820389059515,0.0186537974469,0.0945088509896,0.851758433416
344,0.00852018868285,0.0179528320693,0.00806799559718,0.018388917743,0.09360993383,0.853460132078
345,0.00847547632207,0.0178974663839,0.0080243803674,0.0183334899714,0.0937716277943,0.853497559161
346,0.00824630136793,0.0174514021806,0.00780616174865,0.0178778095123,0.0918758049089,0.856742520282
347,0.00802393009213,0.0170177424064,0.00759445182419,0.0174347735998,0.0900251192071,0.85990398287
348,0.00778845204345,0.0165542551178,0.00737040575148,0.0169611150016,0.0879958788927,0.863329893193
349,0.00733955649024,0.0156340679641,0.00694450054142,0.0160194329456,0.0835056027263,0.870556839332
350,0.0071608576723,0.0152866000965,0.00677434315723,0.0156644963577,0.0820437407823,0.873069961934
351,0.00669095290553,0.0143145440739,0.00632879568187,0.0146694367887,0.0771974579108,0.880798812639
352,0.00630675579994,0.0135219475383,0.00596444542441,0.0138581594834,0.0732749711155,0.887073720638
353,0.00631508254616,0.0135692532347,0.00597137076073,0.0139076145025,0.0738861924368,0.886350486519
354,0.00592899679939,0.0127673809259,0.00560540727908,0.0130866624667,0.0698554163193,0.89275613621
355,0.00591023569321,0.0127546658408,0.00558678179574,0.0130745442246,0.0701226441849,0.892551128261
356,0.00591775173852,0.01279866615,0.00559299720606,0.0131205660686,0.0707041392872,0.89186587955
357,0.00545334050129,0.0118199127005,0.00515325256229,0.0121180438311,0.0656123099643,0.899843140441
358,0.00540631686856,0.0117434805915,0.00510800437529,0.0120405263585,0.0655026429023,0.900199028904
359,0.00532307579528,0.011587818186,0.00502855686865,0.0118817579046,0.0649463264717,0.901232464774
360,0.0050021400513,0.0109128592484,0.00472462685999,0.0111904607654,0.0614585631502,0.906711349925
361,0.00480630445929,0.0105084259747,0.00453893430934,0.0107764935342,0.0594665095642,0.909903332158
362,0.00451765599659,0.00989881558572,0.00426566483633,0.010152042454,0.0562871088679,0.914878712259
363,0.00459308633298,0.0100859861772,0.00433619826521,0.0103447249691,0.0576281936978,0.913011810558
364,0.00457957529349,0.0100781924706,0.00432275556105,0.0103374546327,0.0578615704256,0.912820451617
365,0.00454745691373,0.0100292792037,0.00429175596148,0.0102880029131,0.0578586398859,0.912984865122
366,0.00453330443018,0.010019814883,0.00427771909749,0.0102790136582,0.0580830115999,0.912807136331
367,0.00451878107933,0.0100094404315,0.00426333668574,0.010269089355,0.0583029000671,0.912636452381
368,0.00440368768991,0.00977571863665,0.00415408895783,0.0100300065149,0.0572163278891,0.914420170312
369,0.0043401903936,0.00965571965429,0.00409353977356,0.00990757932228,0.0575690746233,0.914433896233
370,0.00411625130467,0.00917743743138,0.0038817098189,0.00941748052647,0.0549835923085,0.91842352861
371,0.00406841299242,0.00909051039818,0.00383598737412,0.00932893258721,0.0547276782344,0.918948478414
372,0.00410236235392,0.0091863066357,0.00386738230989,0.00942790099287,0.0555733749029,0.917842672805
373,0.00398885416914,0.00895156074617,0.00375977797052,0.00918762427879,0.0544166340269,0.919695548808
374,0.00386892162265,0.00870130156406,0.00364615329271,0.0089313903811,0.0531525628505,0.921699670289
375,0.00379614352893,0.00855619349497,0.00357699693275,0.00878305975887,0.0525203563855,0.922767249899
376,0.00371717156099,0.00839642210454,0.00350202708735,0.00861965516376,0.0517902977687,0.923974426315
377,0.0036061096279,0.00816327199741,0.00339685315007,0.00838089277254,0.0505970841536,0.925855788299
378,0.0035314207619,0.00801158587687,0.00332596951697,0.00822573847319,0.0498984197982,0.927006865573
379,0.00349599188044,0.00794846243417,0.00329207837183,0.00816149877231,0.0497460387578,0.927355929783
380,0.00345536440651,0.00787318126644,0.00325330332668,0.00808476558847,0.0495145351326,0.927818850279
381,0.00344361637596,0.00786348104006,0.00324172684997,0.00807536970561,0.0496940482459,0.927681757783
382,0.00342748820221,0.00784367756521,0.00322603127961,0.00805559625248,0.0498099772742,0.927637229426
383,0.00334947749209,0.00768182682002,0.00315210460094,0.00788992471334,0.0490194236738,0.9289072427
384,0.00326610414879,0.00750690918702,0.00307315551619,0.00771080814515,0.0481362139287,0.930306809074
385,0.00299368039211,0.00689573002503,0.00281637767718,0.00708352406595,0.0444322283378,0.935778459502
386,0.00297640262582,0.00687084546361,0.0027996780432,0.00705845568898,0.0444872030958,0.935807415083
387,0.00288169392989,0.00666668657385,0.002710161776,0.00684920142135,0.0433752546416,0.937517001657
388,0.00285720540519,0.00662441197449,0.00268670373322,0.00680624569237,0.0433098232036,0.937715609991
389,0.00283280485617,0.00658212632642,0.00266333579317,0.00676327256548,0.0432426567368,0.937915803722
390,0.00276930743552,0.00644858473825,0.00260322310939,0.0066265194415,0.0425713716996,0.938980993576
391,0.00277843695145,0.00648391734479,0.00261138988204,0.0066632932006,0.0430128065116,0.93845015611
392,0.00275818017158,0.00645064645996,0.00259193887008,0.00662956575161,0.0430002151366,0.93856945361
393,0.00275119567059,0.00644830798296,0.00258496432465,0.00662762614345,0.0431936831267,0.938394222752
394,0.00271473590634,0.00637669381323,0.00255030201016,0.00655447909906,0.0429217190833,0.938882070088
395,0.00275389939288,0.00648275683509,0.00258668204245,0.00666396548189,0.0438478550221,0.937664841226
396,0.00271880992527,0.0064140773439,0.00255331723169,0.00659382759921,0.0422020719093,0.939517895991
397,0.00267329463749,0.00632041881867,0.00251017331524,0.00649799901648,0.0417846558404,0.940213458372
398,0.00263910831203,0.00625316558784,0.00247767904314,0.0064293060747,0.0401666983581,0.942034042624
399,0.00260383049897,0.00618299803898,0.00244417047882,0.00635760686881,0.0399024893134,0.942508904801
400,0.0025806579918,0.00614130315227,0.00242203374004,0.00631517638044,0.0398195266144,0.942721302121
401,0.00247074172538,0.00589252070929,0.00231850500457,0.00605977438063,0.0383858666174,0.944872591563
402,0.00243584100191,0.00570960220129,0.00228539133479,0.00598759082797,0.0381040639071,0.945477510727
403,0.00242916313437,0.00570605800241,0.00227876359722,0.00598458351808,0.0382610956032,0.945340336145
404,0.00223154712584,0.00525300904947,0.00209305001365,0.00551007342487,0.0353903732515,0.949521947135
405,0.00214987643117,0.0050715203292,0.0020161275007,0.00532033396913,0.0343297735693,0.951112368201
406,0.00212819269574,0.00503104505015,0.00199547547711,0.00527849867925,0.0342173796658,0.951349408432
407,0.00211251449569,0.00500460195706,0.00198046009515,0.00525137750378,0.0341990354993,0.951452010449
408,0.00208467288547,0.0049491469297,0.00195404818082,0.00519380370911,0.0339805526682,0.951837775627
409,0.00208114207011,0.00495127153016,0.00195042848246,0.00519664937953,0.0341564407395,0.951664067798
410,0.00210931970967,0.00502898119846,0.00197652205304,0.00527883601158,0.0348571320029,0.950749209024
411,0.00206239068205,0.00492755096557,0.00193224033284,0.00517297965785,0.0343161484731,0.951588689889
412,0.00204113089058,0.00488712703606,0.00191201815829,0.00513115059351,0.034196118685,0.951832454637
413,0.00200722380235,0.00481616277919,0.00187995696224,0.00505724247224,0.0338594671026,0.952379946881
414,0.0020087969487,0.00483018744246,0.00188113126021,0.00507257049256,0.0341191906304,0.952088123226
415,0.00195122483933,0.00470173173666,0.0018269275633,0.00493825417702,0.0333693968053,0.953212464878
