episode,omega2,omega3,omega4,omega
1,0.25,0.25,0.25,0.25
2,0.25,0.25,0.25,0.25
3,0.24657734558,0.24657734558,0.24657734558,0.26026796326
4,0.247441490075,0.247441490075,0.247441490075,0.257675529774
5,0.24657734558,0.24657734558,0.24657734558,0.26026796326
6,0.247154067327,0.247154067327,0.247154067327,0.25853779802
7,0.238506101403,0.238506101403,0.27123921465,0.251748582544
8,0.236577031728,0.236577031728,0.274874463052,0.251971473492
9,0.234644764083,0.234644764083,0.278536115129,0.252174356705
10,0.233893554695,0.233893554695,0.283659760174,0.248553130437
11,0.232852122701,0.232852122701,0.288515074407,0.24578068019
12,0.236325372567,0.236325372567,0.276550921753,0.250798333113
13,0.235070320514,0.235070320514,0.27904127379,0.250818085181
14,0.233813573031,0.233813573031,0.281543984189,0.250828869749
15,0.233288359146,0.233288359146,0.284954479924,0.248468801783
16,0.23207634261,0.23207634261,0.287553845245,0.248293469536
17,0.230862212865,0.230862212865,0.290166351617,0.248109222654
18,0.233677507692,0.233677507692,0.280376734744,0.252268249872
19,0.235222032137,0.235222032137,0.274474232451,0.255081703275
20,0.235127537715,0.235127537715,0.276726410565,0.253018514005
21,0.23433986295,0.23433986295,0.278174180876,0.253146093224
22,0.233551810298,0.233551810298,0.279625913909,0.253270465494
23,0.234805957954,0.234805957954,0.274772883674,0.255615200417
24,0.234776135678,0.234776135678,0.276707960088,0.253739768556
25,0.23411067801,0.23411067801,0.27790212587,0.25387651811
26,0.233445005614,0.233445005614,0.279098933421,0.25401105535
27,0.233354930222,0.233354930222,0.280991714609,0.252298424947
28,0.233184585068,0.233184585068,0.282799941037,0.250830888826
29,0.232555199211,0.232555199211,0.284058947851,0.250830653727
30,0.231925424201,0.231925424201,0.285320991062,0.250828160536
31,0.231295268822,0.231295268822,0.286586056936,0.25082340542
32,0.232751467923,0.232751467923,0.281411650131,0.253085414024
33,0.23219109935,0.23219109935,0.282458649176,0.253159152124
34,0.23210502716,0.23210502716,0.284088414456,0.251701531224
35,0.231962541391,0.231962541391,0.285658071667,0.250416845551
36,0.233193612383,0.233193612383,0.281299473605,0.252313301628
37,0.233075130067,0.233075130067,0.28266719698,0.251182542885
38,0.232600313323,0.232600313323,0.28360702237,0.251192350983
39,0.232125289375,0.232125289375,0.284548532795,0.251200888454
40,0.231650061972,0.231650061972,0.285491722488,0.251208153568
41,0.232743599826,0.232743599826,0.281593684124,0.252919116224
42,0.233584796342,0.233584796342,0.278469082734,0.254361324581
43,0.233182436441,0.233182436441,0.279183671555,0.254451455563
44,0.232780012661,0.232780012661,0.27989918392,0.254540790757
45,0.232377527193,0.232377527193,0.280615616894,0.25462932872
46,0.231974982232,0.231974982232,0.281332967521,0.254717068015
47,0.231572379975,0.231572379975,0.28205123283,0.254804007219
48,0.231580134472,0.231580134472,0.283272432007,0.25356729905
49,0.232408791314,0.232408791314,0.280216211466,0.254966205906
50,0.232040612151,0.232040612151,0.280864740854,0.255054034844
51,0.232052032893,0.232052032893,0.281975328853,0.253920605362
52,0.232771561802,0.232771561802,0.279289740309,0.255167136087
53,0.232432317753,0.232432317753,0.279880761181,0.255254603312
54,0.232093041385,0.232093041385,0.280472396211,0.255341521019
55,0.232717177697,0.232717177697,0.278075894702,0.256489749905
56,0.232396261394,0.232396261394,0.278609657842,0.25659781937
57,0.232075333888,0.232075333888,0.27914389976,0.256705432465
58,0.232135710055,0.232135710055,0.280138784289,0.255589795601
59,0.232162055905,0.232162055905,0.281095992571,0.254579895618
60,0.232160072599,0.232160072599,0.282022054386,0.253657800416
61,0.232134245042,0.232134245042,0.282922106009,0.252809403907
62,0.232775556997,0.232775556997,0.280580306729,0.253868579278
63,0.232491515921,0.232491515921,0.281097351267,0.253919616891
64,0.232207436848,0.232207436848,0.281614882175,0.253970244128
65,0.23219109935,0.23219109935,0.282458649176,0.253159152124
66,0.232156116686,0.232156116686,0.283282191589,0.252405575039
67,0.231879321992,0.231879321992,0.283812159244,0.252429196772
68,0.23160247431,0.23160247431,0.284342648148,0.252452403231
69,0.231481201892,0.231481201892,0.285065309956,0.251972286259
70,0.231206362468,0.231206362468,0.28560003476,0.251987240305
71,0.23093146681,0.23093146681,0.286135288598,0.252001777782
72,0.230880130544,0.230880130544,0.286948989783,0.251290749129
73,0.231579391781,0.231579391781,0.284488479755,0.252352736683
74,0.231533031313,0.231533031313,0.285245571565,0.251688365808
75,0.232148672464,0.232148672464,0.283056341602,0.25264631347
76,0.231905530393,0.231905530393,0.283518494617,0.252670444596
77,0.231662349651,0.231662349651,0.283981042628,0.252694258069
78,0.2316249141,0.2316249141,0.284696919232,0.252053252568
79,0.231384127651,0.231384127651,0.285163977928,0.25206776677
80,0.231143298494,0.231143298494,0.285631440765,0.252081962247
81,0.231098863166,0.231098863166,0.286342700802,0.251459572867
82,0.2308602066,0.2308602066,0.286814426188,0.251465160612
83,0.230807254721,0.230807254721,0.287517955104,0.250867535453
84,0.230744714189,0.230744714189,0.288211217853,0.250299353768
85,0.230509900789,0.230509900789,0.288690376599,0.250289821823
86,0.230275032769,0.230275032769,0.289169963301,0.250279971162
87,0.230940653368,0.230940653368,0.286869155282,0.251249537983
88,0.231522537534,0.231522537534,0.284825348881,0.252129576051
89,0.23130825982,0.23130825982,0.28524025769,0.252143222669
90,0.231828621988,0.231828621988,0.283384504994,0.25295825103
91,0.231800999153,0.231800999153,0.283990771043,0.252407230651
92,0.232271728652,0.232271728652,0.282297292114,0.253159250583
93,0.232245918354,0.232245918354,0.282871591156,0.252636572137
94,0.232674034686,0.232674034686,0.281318028316,0.253333902311
95,0.232649755742,0.232649755742,0.281863473976,0.25283701454
96,0.232618185053,0.232618185053,0.282401121861,0.252362508033
97,0.23243372973,0.23243372973,0.282753807128,0.252378733411
98,0.232839893342,0.232839893342,0.281283562643,0.253036650672
99,0.232811586689,0.232811586689,0.281797937685,0.252578888938
100,0.232634838613,0.232634838613,0.282133223444,0.25259709933
101,0.232458069298,0.232458069298,0.282468719269,0.252615142134
102,0.232281278935,0.232281278935,0.282804424883,0.252633017246
103,0.232104467714,0.232104467714,0.28314034001,0.252650724563
104,0.231927635823,0.231927635823,0.283476464373,0.25266826398
105,0.232329209126,0.232329209126,0.282025269486,0.253316312262
106,0.232691691494,0.232691691494,0.2806940107,0.253922606311
107,0.232525885172,0.232525885172,0.280995465466,0.25395276419
108,0.21976102026,0.21976102026,0.320266651386,0.240211308094
109,0.219469327745,0.219469327745,0.320969301894,0.240092042616
110,0.219317622985,0.219317622985,0.32187837679,0.239486377241
111,0.219026690134,0.219026690134,0.3225848154,0.239361804332
112,0.218399661999,0.218399661999,0.322795484011,0.240405191991
113,0.21824697035,0.21824697035,0.323707170726,0.239798888574
114,0.217954237883,0.217954237883,0.32441283045,0.239678693784
115,0.21779637234,0.21779637234,0.325320891749,0.239086363571
116,0.218605297605,0.218605297605,0.322618636818,0.240170767972
117,0.218323599438,0.218323599438,0.323295208249,0.240057592875
118,0.218041784975,0.218041784975,0.323972486383,0.239943943667
119,0.217759855168,0.217759855168,0.32465046907,0.239829820594
120,0.218530406504,0.218530406504,0.322063738179,0.240875448813
121,0.219239249093,0.219239249093,0.319666948082,0.241854553732
122,0.219113393067,0.219113393067,0.320489039528,0.241284174339
123,0.218850544289,0.218850544289,0.321112134235,0.241186777186
124,0.218587599583,0.218587599583,0.32173583506,0.241088965773
125,0.218324559709,0.218324559709,0.322360140325,0.240990740257
126,0.218195451108,0.218195451108,0.323183562548,0.240425535237
127,0.218061043852,0.218061043852,0.324001101754,0.239876810542
128,0.217799376658,0.217799376658,0.324630904154,0.239770342529
129,0.217537610252,0.217537610252,0.325261312958,0.239663466538
130,0.21739959862,0.21739959862,0.326078094121,0.23912270864
131,0.217138389036,0.217138389036,0.326711428124,0.239011793805
132,0.217882427447,0.217882427447,0.324227231668,0.240007913439
133,0.217629422891,0.217629422891,0.32483488179,0.239906272427
134,0.218325721323,0.218325721323,0.322496959147,0.240851598207
135,0.21820393751,0.21820393751,0.323263851882,0.240328273099
136,0.218858784583,0.218858784583,0.321059123422,0.241223307411
137,0.219467650082,0.219467650082,0.318995909276,0.24206879056
138,0.219358562844,0.219358562844,0.319715298117,0.241567576195
139,0.219933688623,0.219933688623,0.31776113388,0.242371488874
140,0.220470589193,0.220470589193,0.315924562259,0.243134259355
141,0.212414241655,0.212414241655,0.305168945862,0.270002570829
142,0.21214823579,0.21214823579,0.305576608991,0.27012691943
143,0.212561653437,0.212561653437,0.303759203684,0.271117489443
144,0.212300606884,0.212300606884,0.304149862519,0.271248923714
145,0.212039624923,0.212039624923,0.304540656095,0.27138009406
146,0.211778708128,0.211778708128,0.304931583677,0.271511000068
147,0.211836879637,0.211836879637,0.305783148496,0.27054309223
148,0.21188427343,0.21188427343,0.306621471686,0.269609981455
149,0.211627334996,0.211627334996,0.307020564654,0.269724765354
150,0.211666463616,0.211666463616,0.307850327509,0.26881674526
151,0.211411393544,0.211411393544,0.30825335903,0.268923853881
152,0.211442718972,0.211442718972,0.309075105766,0.268039456289
153,0.211189423934,0.211189423934,0.309481946803,0.268139205329
154,0.211633202296,0.211633202296,0.307608550847,0.269125044562
155,0.211665272316,0.211665272316,0.308408076906,0.268261378462
156,0.212085559147,0.212085559147,0.306620933498,0.269207948208
157,0.212476835809,0.212476835809,0.304926411725,0.270119916657
158,0.212238521751,0.212238521751,0.305290526712,0.270232429785
159,0.212000259543,0.212000259543,0.305654765871,0.270344715043
160,0.211762049623,0.211762049623,0.30601912863,0.270456772124
161,0.211805368833,0.211805368833,0.306791321349,0.269597940986
162,0.212188891075,0.212188891075,0.305128537913,0.270493679936
163,0.211956288437,0.211956288437,0.30548252229,0.270604900836
164,0.212318023154,0.212318023154,0.303888175839,0.271475777852
165,0.212655986522,0.212655986522,0.302369800516,0.272318226439
166,0.212712715064,0.212712715064,0.303100274218,0.271474295654
167,0.2127610553,0.2127610553,0.303820512599,0.270657376801
168,0.212538852687,0.212538852687,0.304155284389,0.270767010236
169,0.204543330169,0.204543330169,0.293342125779,0.297571213883
170,0.204278792625,0.204278792625,0.293592172656,0.297850242094
171,0.20401436075,0.20401436075,0.293842092099,0.298129186402
172,0.204179044012,0.204179044012,0.294711113073,0.296930798904
173,0.203917174269,0.203917174269,0.294965504355,0.297200147106
174,0.203655409109,0.203655409109,0.295219779962,0.297469401819
175,0.203812742468,0.203812742468,0.29608261895,0.296291896114
176,0.204091868002,0.204091868002,0.294479929839,0.297336334157
177,0.20383551554,0.20383551554,0.294726876917,0.297602092003
178,0.204096220303,0.204096220303,0.293183408921,0.298624150472
179,0.204337065004,0.204337065004,0.291705760782,0.29962010921
180,0.20408626237,0.20408626237,0.291930959161,0.2998965161
181,0.204311141846,0.204311141846,0.290504491378,0.300873224931
182,0.204518667279,0.204518667279,0.289135527371,0.30182713807
183,0.204709989849,0.204709989849,0.287820220021,0.302759800282
184,0.204901252463,0.204901252463,0.2886290012,0.301568493874
185,0.205083666817,0.205083666817,0.28735759095,0.302475075416
186,0.20525175274,0.20525175274,0.28613352968,0.30336296484
187,0.205406401408,0.205406401408,0.284953842947,0.304233354236
188,0.205548431362,0.205548431362,0.283815798783,0.305087338494
189,0.205315380021,0.205315380021,0.283983561297,0.305385678661
190,0.205520793077,0.205520793077,0.284758569579,0.304199844266
191,0.205714431537,0.205714431537,0.285519065248,0.303052071678
192,0.205486010564,0.205486010564,0.285694533999,0.303333444872
193,0.205257663348,0.205257663348,0.285869860065,0.30361481324
194,0.205444440773,0.205444440773,0.286624097386,0.302487021069
195,0.205620481356,0.205620481356,0.287365081871,0.301393955417
196,0.205396416356,0.205396416356,0.287547637272,0.301659530016
197,0.205555811043,0.205555811043,0.286399111749,0.302489266166
198,0.205703284852,0.205703284852,0.285289905107,0.30330352519
199,0.205881506495,0.205881506495,0.286011540106,0.302225446905
200,0.205663142491,0.205663142491,0.286182931526,0.302490783492
201,0.205444845968,0.205444845968,0.286354196895,0.302756111169
202,0.205589528999,0.205589528999,0.285263665576,0.303557276426
203,0.205766651919,0.205766651919,0.285975051533,0.302491644629
204,0.205934101233,0.205934101233,0.286674532779,0.301457264755
205,0.20607759474,0.20607759474,0.285610669952,0.302234140567
206,0.206210668168,0.206210668168,0.284581102977,0.302997560686
207,0.20633388897,0.20633388897,0.283583943665,0.303748278395
208,0.206505958989,0.206505958989,0.284258921737,0.302729160284
209,0.206624294257,0.206624294257,0.283288534182,0.303462877305
210,0.206419651591,0.206419651591,0.283437649283,0.303723047535
211,0.20653048566,0.20653048566,0.282490839932,0.304448188747
212,0.206632813183,0.206632813183,0.281571963044,0.305162410591
213,0.206430992228,0.206430992228,0.281709790258,0.305428225286
214,0.206229225426,0.206229225426,0.281847489547,0.3056940596
215,0.206027513036,0.206027513036,0.281985060701,0.305959913228
216,0.206210644624,0.206210644624,0.282649928614,0.304928782137
217,0.206312982616,0.206312982616,0.281738342036,0.305635692732
218,0.206407436893,0.206407436893,0.280852659786,0.306332466428
219,0.206589655949,0.206589655949,0.281499836414,0.305320851687
220,0.206394120095,0.206394120095,0.28163282354,0.30557893627
221,0.196986543427,0.196986543427,0.269177578796,0.336849334349
222,0.197274743377,0.197274743377,0.269954259314,0.335496253932
223,0.197040167625,0.197040167625,0.270016211473,0.335903453276
224,0.197072376788,0.197072376788,0.269088681588,0.336766564835
225,0.196838876044,0.196838876044,0.269145512673,0.337176735239
226,0.197124808485,0.197124808485,0.269913211004,0.335837172025
227,0.197155642538,0.197155642538,0.269002698227,0.336686016698
228,0.197179699902,0.197179699902,0.268115201688,0.337525398509
229,0.197463254983,0.197463254983,0.268864494916,0.336208995118
230,0.197735656414,0.197735656414,0.269600118905,0.334928568268
231,0.197997388306,0.197997388306,0.270322675594,0.333682547793
232,0.197775034034,0.197775034034,0.270384884744,0.334065047189
233,0.198028674423,0.198028674423,0.271098396183,0.332844254971
234,0.197808502692,0.197808502692,0.271163823928,0.333219170688
235,0.197588392453,0.197588392453,0.271229015851,0.333594199242
236,0.197626154616,0.197626154616,0.270342106352,0.334405584417
237,0.19765744641,0.19765744641,0.269477149455,0.335207957725
238,0.19768256111,0.19768256111,0.268633129181,0.336001748599
239,0.197465206186,0.197465206186,0.268685223784,0.336384363844
240,0.197247908036,0.197247908036,0.268737080238,0.336767103691
241,0.197268787863,0.197268787863,0.267904995047,0.337557429228
242,0.197052377568,0.197052377568,0.267952589097,0.337942655768
243,0.197322889505,0.197322889505,0.268662832026,0.336691388963
244,0.197583357244,0.197583357244,0.269360758262,0.33547252725
245,0.197834193862,0.197834193862,0.270046881602,0.334284730673
246,0.198075790212,0.198075790212,0.270721688208,0.333126731367
247,0.197867418684,0.197867418684,0.270781995267,0.333483167365
248,0.198101998214,0.198101998214,0.271448968427,0.332347035145
249,0.198328005859,0.198328005859,0.272105442277,0.331238546006
250,0.198367704059,0.198367704059,0.271273826037,0.331990765845
251,0.198589063569,0.198589063569,0.271918142775,0.330903730088
252,0.198802444286,0.198802444286,0.272552712503,0.329842398926
253,0.19884340869,0.19884340869,0.271736669095,0.330576513524
254,0.198643875098,0.198643875098,0.271800636312,0.330911613493
255,0.198444391867,0.198444391867,0.271864413275,0.33124680299
256,0.198481345393,0.198481345393,0.271059851054,0.331977458159
257,0.198697219278,0.198697219278,0.271686498237,0.330919063207
258,0.198732116744,0.198732116744,0.270898438944,0.331637327567
259,0.198943713183,0.198943713183,0.271513957252,0.330598616383
260,0.198749154489,0.198749154489,0.271575586192,0.330926104831
261,0.198554643317,0.198554643317,0.27163703383,0.331253679536
262,0.19836017991,0.19836017991,0.271698300052,0.331581340128
263,0.198395373151,0.198395373151,0.2709155945,0.332293659197
264,0.19009508986,0.19009508986,0.300790974483,0.319018845796
265,0.181488267089,0.181488267089,0.331848489385,0.305174976436
266,0.181241634717,0.181241634717,0.332155946458,0.305360784108
267,0.180995144145,0.180995144145,0.332463333217,0.305546378493
268,0.181094148596,0.181094148596,0.333406466757,0.304405236051
269,0.181328514429,0.181328514429,0.331950341189,0.305392629953
270,0.181425280806,0.181425280806,0.332877695901,0.304271742488
271,0.181515474502,0.181515474502,0.333795459619,0.303173591376
272,0.181274286547,0.181274286547,0.33410490467,0.303346522236
273,0.181508937442,0.181508937442,0.332665322109,0.304316803007
274,0.181733537856,0.181733537856,0.331260129826,0.305272794462
275,0.181827141119,0.181827141119,0.332160409148,0.304185308614
276,0.181590515246,0.181590515246,0.332458458804,0.304360510704
277,0.181811286824,0.181811286824,0.331074053207,0.305303373146
278,0.181903913332,0.181903913332,0.331962845684,0.304229327652
279,0.181670090906,0.181670090906,0.332256894591,0.304402923596
280,0.181887153329,0.181887153329,0.330892681261,0.305333012082
281,0.181978822175,0.181978822175,0.331770275373,0.304272080277
282,0.182064537088,0.182064537088,0.332639234556,0.303231691268
283,0.182280465382,0.182280465382,0.331296096083,0.304142973154
284,0.18236437049,0.18236437049,0.33215157011,0.30311968891
285,0.182575261813,0.182575261813,0.33083388691,0.304015589464
286,0.182777510332,0.182777510332,0.329545665667,0.304899313668
287,0.182971434299,0.182971434299,0.328285810605,0.305771320797
288,0.183061093055,0.183061093055,0.3291186733,0.30475914059
289,0.183145225956,0.183145225956,0.329943614768,0.303765933319
290,0.18322401592,0.18322401592,0.330760908949,0.302791059211
291,0.183297637839,0.183297637839,0.331570817733,0.30183390659
292,0.183078318277,0.183078318277,0.331851664079,0.301991699368
293,0.183280089003,0.183280089003,0.330594887656,0.302844934338
294,0.18306227684,0.18306227684,0.330869730358,0.303005715962
295,0.183257433763,0.183257433763,0.329634253315,0.303850879158
296,0.183334882422,0.183334882422,0.330432750447,0.302897484709
297,0.18340737738,0.18340737738,0.3312241766,0.301961068639
298,0.183192832215,0.183192832215,0.331498030726,0.302116304845
299,0.183388439545,0.183388439545,0.330274362724,0.302948758186
300,0.183175333207,0.183175333207,0.330542487206,0.30310684638
301,0.182962328973,0.182962328973,0.330810566217,0.303264775838
302,0.183152949608,0.183152949608,0.329601577966,0.304092522818
303,0.182941346137,0.182941346137,0.329864055529,0.304253252197
304,0.183125840967,0.183125840967,0.328674789589,0.305073528477
305,0.182915602493,0.182915602493,0.328931793095,0.305237001919
306,0.182705464465,0.182705464465,0.329188743663,0.305400327407
307,0.182788418172,0.182788418172,0.32997455621,0.304448607446
308,0.182579257114,0.182579257114,0.330233824131,0.304607661642
309,0.182370195792,0.182370195792,0.330493042777,0.304766565639
310,0.182161234476,0.182161234476,0.330752211827,0.304925319221
311,0.182241878985,0.182241878985,0.331538005142,0.303978236887
312,0.18243188378,0.18243188378,0.330338448093,0.304797784348
313,0.182225110415,0.182225110415,0.330594580785,0.304955198386
314,0.182409151913,0.182409151913,0.329414283169,0.305767413005
315,0.182586235949,0.182586235949,0.328257731192,0.306569796909
316,0.182381938629,0.182381938629,0.328503538157,0.306732584586
317,0.18217773733,0.18217773733,0.328749289962,0.306895235379
318,0.182350383899,0.182350383899,0.327605761916,0.307693470287
319,0.182441422967,0.182441422967,0.32837566522,0.306741488845
320,0.182527646329,0.182527646329,0.329138612101,0.305806095241
321,0.182609201123,0.182609201123,0.329894823934,0.30488677382
322,0.182784403116,0.182784403116,0.328762657042,0.305668536726
323,0.182953143209,0.182953143209,0.327652514474,0.306441199108
324,0.182754898719,0.182754898719,0.327890323231,0.306599879331
325,0.182556744102,0.182556744102,0.32812808002,0.306758431777
326,0.182721381304,0.182721381304,0.327029939826,0.307527297565
327,0.18252439053,0.18252439053,0.327262988662,0.307688230278
328,0.182612654769,0.182612654769,0.328008196141,0.30676649432
329,0.182416554631,0.182416554631,0.328243333807,0.306923556931
330,0.182220542963,0.182220542963,0.328478419906,0.307080494169
331,0.182024619984,0.182024619984,0.328713454183,0.307237305848
332,0.173439993012,0.173439993012,0.313772179801,0.339347834175
333,0.173600037282,0.173600037282,0.314624719958,0.338175205479
334,0.173754227717,0.173754227717,0.315468680153,0.337022864413
335,0.173539610505,0.173539610505,0.315643846513,0.337276932477
336,0.173325116434,0.173325116434,0.315818851489,0.337530915643
337,0.173475689468,0.173475689468,0.316659857442,0.336388763622
338,0.173262349814,0.173262349814,0.316837392289,0.336637908083
339,0.173049132564,0.173049132564,0.317014770273,0.3368869646
340,0.173175306349,0.173175306349,0.31585167374,0.337797713562
341,0.17332553242,0.17332553242,0.316686583134,0.336662352026
342,0.173114342682,0.173114342682,0.316861939148,0.336909375488
343,0.173260076827,0.173260076827,0.317691379566,0.335788466779
344,0.173400463613,0.173400463613,0.318512943464,0.33468612931
345,0.173191349591,0.173191349591,0.318693298348,0.334924002471
346,0.173327485779,0.173327485779,0.319509720407,0.333835308034
347,0.165233602543,0.165233602543,0.305130002714,0.364402792199
348,0.165319257948,0.165319257948,0.303935438839,0.365426045265
349,0.165093065176,0.165093065176,0.304052691269,0.36576117838
350,0.156620627743,0.156620627743,0.338974051389,0.347784693126
351,0.15637876686,0.15637876686,0.339200179169,0.348042287112
352,0.156522822065,0.156522822065,0.340264587921,0.346689767949
353,0.156661051908,0.156661051908,0.341319355874,0.34535854031
354,0.156793613948,0.156793613948,0.34236475103,0.344048021074
355,0.156920660178,0.156920660178,0.343401031908,0.342757647736
356,0.157101003833,0.157101003833,0.341888247727,0.343909744607
357,0.157273992086,0.157273992086,0.340402893857,0.34504912197
358,0.157402978576,0.157402978576,0.341421790226,0.343772252622
359,0.157168110587,0.157168110587,0.341652558338,0.344011220487
360,0.157292708015,0.157292708015,0.342665822717,0.342748761252
361,0.157466707824,0.157466707824,0.3411934075,0.343873176852
362,0.157589666683,0.157589666683,0.34219403215,0.342626634483
363,0.157760139186,0.157760139186,0.340743740626,0.343735981001
364,0.157881491866,0.157881491866,0.341732016206,0.342505000061
365,0.158048537618,0.158048537618,0.340303268412,0.343599656353
366,0.182563840239,0.153182500564,0.330521592169,0.333732067028
367,0.182771090797,0.153282690018,0.331435358072,0.332510861112
368,0.183027882441,0.153424275906,0.330024916012,0.33352292564
369,0.182467252151,0.153267677297,0.330376869219,0.333888201333
370,0.181916436098,0.153109226699,0.330724852102,0.3342494851
371,0.181375017113,0.15294901207,0.331069028563,0.334606942253
372,0.180842601766,0.152787116379,0.331409553171,0.334960728684
373,0.181046919268,0.152890247814,0.332326125237,0.33373670768
374,0.180522871525,0.152727853585,0.332666721461,0.33408255343
375,0.180721568131,0.152827435641,0.333579110471,0.332871885757
376,0.180536930701,0.152602876103,0.333784872138,0.333075321058
377,0.180793578311,0.152751326025,0.332361099413,0.334093996251
378,0.181043013028,0.152893520844,0.330961705196,0.335101760932
379,0.181244868131,0.152995393847,0.331861326491,0.333898411531
380,0.181490976356,0.153134483764,0.330481862208,0.334892677671
381,0.181691308506,0.153234811659,0.331370263125,0.333703616709
382,0.181511599296,0.153014643242,0.331566428449,0.333907329014
383,0.180993250131,0.152857890368,0.331899716944,0.334249142557
384,0.181236846955,0.152995938066,0.330530308834,0.335236906146
385,0.181436289506,0.153096576263,0.331413593144,0.334053541086
386,0.175765571227,0.148246023532,0.321559497834,0.354428907406
387,0.175969524189,0.148352415796,0.320190880727,0.355487179288
388,0.175779766469,0.148126911037,0.320342000559,0.355751321936
389,0.175590070269,0.147901628518,0.320492930513,0.3560153707
390,0.175829976001,0.148038215137,0.321428898269,0.354702910593
391,0.176032877348,0.148143510365,0.320070180413,0.355753431873
392,0.176270912557,0.148278237963,0.320994693237,0.354456156243
393,0.176084133955,0.148055624141,0.321146503736,0.354713738168
394,0.175897414112,0.147833227582,0.32129813185,0.354971226457
395,0.176131984738,0.147964916353,0.322220188487,0.353682910422
396,0.167744840398,0.140856734171,0.3073473423,0.384051083132
397,0.167220034514,0.140677781315,0.307563794466,0.384538389705
398,0.167506475081,0.140857264076,0.308565098168,0.383071162675
399,0.167786890634,0.141031499147,0.309557640647,0.381623969572
400,0.167485307158,0.141312237203,0.309477098387,0.381725357252
401,0.167284931738,0.141075515797,0.30958287279,0.382056679676
402,0.167561156303,0.141248277076,0.310571608575,0.380618958045
403,0.167043419676,0.141072960873,0.310796190626,0.381087428825
404,0.167313742478,0.141241874186,0.311780314291,0.379664069046
405,0.167481582115,0.141324143369,0.310375820165,0.38081845435
406,0.167643282023,0.141401139817,0.308993601045,0.381961977115
407,0.167799009237,0.141473010952,0.307633038595,0.383094941217
408,0.167948924792,0.141539898899,0.306293536722,0.384217639587
409,0.168228258376,0.141715727574,0.307256256119,0.382799757931
410,0.168033504328,0.141484618089,0.307353986971,0.383127890613
411,0.168308256578,0.141656385312,0.308311389604,0.381723968506
412,0.16846029611,0.141724745563,0.306982287722,0.382832670604
413,0.168606748994,0.141788325264,0.305673366863,0.383931558879
414,0.168747761917,0.141847253701,0.304384085473,0.38502089891
415,0.168234533148,0.14167997452,0.304587718687,0.385497773645
416,0.168042354223,0.141451938331,0.304676316712,0.385829390734
417,0.168323020431,0.141629393932,0.305623083939,0.384424501697
418,0.159728792582,0.134342314161,0.290434728473,0.415494164783
419,0.159818739405,0.134362183359,0.289136769722,0.416682307515
420,0.159903745013,0.134377860495,0.287857591399,0.417860803093
421,0.159983936874,0.134389457843,0.286596700081,0.419029905202
422,0.16005943811,0.134397083848,0.285353619244,0.420189858798
423,0.160401947144,0.134628785736,0.286357244847,0.418612022273
424,0.160476359899,0.13463534661,0.28512898647,0.419759307021
425,0.160546287949,0.134638117868,0.283917705942,0.420897888241
426,0.160611843109,0.134637197947,0.282722971515,0.422027987429
427,0.160097765585,0.134458555052,0.282841140862,0.422602538501
428,0.160158624138,0.134454571073,0.281659250267,0.423727554522
429,0.159954367033,0.134220949791,0.281672188731,0.424152494445
430,0.15944705484,0.134041908312,0.281784059185,0.424726977663
431,0.159798231905,0.134282793916,0.282779775686,0.423139198493
432,0.160143216147,0.134518260828,0.283766666727,0.421571856297
433,0.160206549416,0.13451702775,0.282589656633,0.422686766201
434,0.160548766246,0.134749842829,0.283565580132,0.421135810793
435,0.160611245856,0.134747756876,0.282401951162,0.422239046106
436,0.160411167804,0.134518362243,0.282417152648,0.422653317305
437,0.16021114937,0.134289335741,0.28243202067,0.423067494219
438,0.16055301774,0.134521424293,0.283402970212,0.421522587755
439,0.160615422843,0.134519245835,0.282246448772,0.42261888255
440,0.16095459263,0.134748750314,0.283206757986,0.42108989907
441,0.161287949656,0.134973182598,0.284158831703,0.419580036043
442,0.16078592462,0.134802577762,0.284280238391,0.420131259227
443,0.160850258038,0.134802624975,0.283131350292,0.421215766694
444,0.160910637824,0.134799338556,0.281997393399,0.422292630221
445,0.160967157261,0.134792800607,0.280878008088,0.423362034044
446,0.161019906714,0.134783090661,0.279772846062,0.424424156564
447,0.161068973739,0.134770285774,0.278681569921,0.425479170566
448,0.161412013821,0.135003345635,0.279618602685,0.423966037859
449,0.161218566401,0.134780680834,0.27962700331,0.424373749454
450,0.161557035634,0.135009657053,0.280558724002,0.422874583311
451,0.161889891456,0.135233739554,0.281482553469,0.421393815521
452,0.161944702844,0.135225451448,0.280396263757,0.422433581951
453,0.155043663457,0.129411264864,0.310252192409,0.40529287927
454,0.155324914887,0.129594196136,0.311292364411,0.403788524566
455,0.155600899028,0.129772567521,0.312324427115,0.402302106336
456,0.155105451527,0.129601815485,0.312517455059,0.402775277929
457,0.15521850428,0.129645083985,0.311221315044,0.403915096691
458,0.155492354046,0.129822549611,0.312246396083,0.40243870026
459,0.155297137778,0.12960167485,0.312330505519,0.402770681853
460,0.154808058347,0.129431731343,0.312520578892,0.403239631418
461,0.155077594243,0.129606521842,0.313544209642,0.401771674272
462,0.155342111289,0.129776963448,0.314560079987,0.400320845275
463,0.15560170502,0.129943140944,0.315568341938,0.398886812097
464,0.15572303514,0.129993750041,0.314271130738,0.400012084081
465,0.155839981434,0.13004064182,0.312990373655,0.401129003091
466,0.155648294122,0.129823375626,0.313075553101,0.401452777151
467,0.155761419578,0.129867052765,0.311807538628,0.40256398903
468,0.15602623619,0.130037100184,0.312803198363,0.401133465263
469,0.156138171862,0.130079629167,0.311548462768,0.402233736203
470,0.156245974356,0.130118663152,0.3103092139,0.403326148592
471,0.156349733138,0.130154280678,0.309085110257,0.404410875927
472,0.155864733827,0.12999089696,0.309265702071,0.404878667142
473,0.156133491838,0.130164865235,0.310249994303,0.403451648624
474,0.156397460632,0.130334689019,0.311226966603,0.402040883747
475,0.156656729012,0.130500446994,0.312196758668,0.400646065326
476,0.156911383657,0.130662215956,0.313159506876,0.399266893511
477,0.148716004489,0.123790095601,0.297235494921,0.430258404989
478,0.149010436664,0.123987384617,0.298257560749,0.42874461797
479,0.149081748116,0.123998922283,0.297018090379,0.429901239222
480,0.149149287606,0.124007296523,0.295793435004,0.431049980868
481,0.148951922676,0.123789072085,0.295824588855,0.431434416384
482,0.14901611472,0.123794686781,0.294611490197,0.432577708302
483,0.148534824678,0.123623813981,0.29473564153,0.433105719811
484,0.148595046102,0.123626841646,0.293533732327,0.434244379924
485,0.148651722291,0.123626900668,0.292345798302,0.435375578739
486,0.148176358226,0.123456041378,0.292461365046,0.43590623535
487,0.148481114564,0.123663408612,0.293474012066,0.434381464759
488,0.148780974527,0.123866525881,0.294479233471,0.432873266121
489,0.148586257812,0.123651509149,0.294506418609,0.433255814429
490,0.148116954159,0.123481983588,0.294626133931,0.433774928322
491,0.148412807071,0.123682611707,0.295630095432,0.432274485791
492,0.148703913878,0.123879119721,0.29662683194,0.430790134461
493,0.148768029213,0.123886437516,0.295435014564,0.431910518707
494,0.149057242004,0.124081112709,0.296422408511,0.430439236775
495,0.149120621547,0.124087703393,0.295242120278,0.431549554782
496,0.148929200627,0.123876002194,0.295271109452,0.431923687727
497,0.148989466805,0.123880025815,0.294101563079,0.433028944301
498,0.149280411583,0.124075759896,0.295080178614,0.431563649907
499,0.149340008464,0.12407911584,0.293921763073,0.432659112624
500,0.149150194709,0.123869074122,0.293947567169,0.433033164
501,0.148960468326,0.123659370804,0.293973069842,0.433407091028
502,0.14901736423,0.123660555435,0.292822350266,0.434499730069
503,0.149070995712,0.123659014112,0.291684468615,0.435585521561
504,0.149367131491,0.123858546758,0.292654974503,0.434119347247
505,0.149658707562,0.124054134122,0.293618609543,0.432668548773
506,0.149714398481,0.124054103095,0.292489281718,0.433742216707
507,0.149247929333,0.123892868978,0.292605681299,0.43425352039
508,0.14953748477,0.124087564527,0.293563682161,0.432811268541
509,0.149592254868,0.124087344719,0.292442081815,0.433878318598
510,0.149879952166,0.124280251192,0.293391411284,0.432448385358
511,0.150163278414,0.124469375794,0.294334170286,0.431033175506
512,0.150220017524,0.124470596892,0.293220893192,0.432088492392
513,0.150273660864,0.12446923607,0.292119694814,0.433137408251
514,0.150089949498,0.124265181983,0.292141602613,0.433503265906
515,0.18797926431,0.118510051128,0.279076202732,0.41443448183
516,0.188121418407,0.118493271257,0.2779990095,0.415386300835
517,0.1871895888,0.118414333448,0.278274210538,0.416121867214
518,0.187326555295,0.118395858264,0.277206044652,0.417071541789
519,0.18775415757,0.118560850039,0.278049504297,0.415635488094
520,0.188176790442,0.118722320692,0.278886718888,0.414214169978
521,0.188594534961,0.11888033021,0.279717793091,0.412807341738
522,0.18845824538,0.118683200091,0.279727617369,0.41313093716
523,0.188872245795,0.118838397392,0.280554707739,0.411734649074
524,0.189281501566,0.118990243229,0.281375838524,0.410352416681
525,0.189686088973,0.119138793983,0.282191108344,0.4089840087
526,0.189838271446,0.119128596653,0.281120414406,0.409912717495
527,0.190241264882,0.119275574609,0.281927939132,0.408555221377
528,0.190392935843,0.119264766143,0.28086677416,0.409475523854
529,0.190261445685,0.119070850543,0.280879941209,0.409787762563
530,0.190663890264,0.119216841346,0.281681795793,0.408437472597
531,0.190533371368,0.119023815809,0.281696713689,0.408746099134
532,0.19093233114,0.119167204178,0.282494893014,0.407405571668
533,0.19132685521,0.119307478347,0.283287529335,0.406078137108
534,0.191717013147,0.119444689526,0.284074712274,0.404763585053
535,0.19077501263,0.119378597611,0.284379405357,0.405466984401
536,0.189851050577,0.119309652233,0.284677529514,0.406161767676
537,0.188944493834,0.119237960989,0.284969308639,0.406848236539
538,0.189325101245,0.119375585235,0.285762344996,0.405536968524
539,0.189701473457,0.119510217181,0.286550032769,0.404238276593
540,0.189862849397,0.119509200564,0.28547645794,0.405151492099
541,0.190020732497,0.119505900937,0.284414353189,0.406059013378
542,0.190398605924,0.119640754204,0.285192853629,0.404767786244
543,0.190772343993,0.119772691565,0.285966159722,0.40348880472
544,0.190932405713,0.119770276871,0.28491148465,0.404385832766
545,0.19080632706,0.119582669816,0.284933302844,0.404677700281
546,0.189904213211,0.119514672685,0.285226154004,0.4053549601
547,0.19027591788,0.119646896109,0.285997810686,0.404079375326
548,0.189388802406,0.119577352312,0.286288140392,0.40474570489
549,0.189545433885,0.119575682937,0.285235632887,0.405643250291
550,0.189698709306,0.119571816524,0.284194157963,0.406535316207
551,0.190070232997,0.119705323895,0.28496048535,0.405263957758
552,0.189944516758,0.119519905398,0.284981757436,0.405553820408
553,0.189067929965,0.119450165943,0.28526498779,0.406216916302
554,0.189219436697,0.11944647703,0.284228010374,0.407106075899
555,0.189367686536,0.119440657422,0.28320175278,0.407989903262
556,0.188503901958,0.11936952634,0.28347451188,0.408652059821
557,0.187655402623,0.119295990304,0.283741712819,0.409306894253
558,0.18752736362,0.119111856325,0.283759045917,0.409601734138
559,0.187669835491,0.119105259862,0.282736623701,0.410488280946
560,0.186833827832,0.119030076301,0.282996256095,0.411139839773
561,0.186971773768,0.119021928347,0.281981968761,0.412024329124
562,0.187106630603,0.119011751303,0.280977938543,0.412903679551
563,0.187238452765,0.118999584621,0.279983977184,0.413777985431
564,0.186412790962,0.11892365205,0.280231633707,0.41443192328
565,0.186790513902,0.119069524278,0.281002851988,0.413137109832
566,0.186920605576,0.11905736148,0.280014913519,0.414007119425
567,0.177432305302,0.112923685059,0.265991243701,0.443652765938
568,0.17662749677,0.112831600558,0.266176944884,0.444363957788
569,0.17671198465,0.11279638489,0.265191128942,0.445300501517
570,0.174505460214,0.111299942062,0.262067027715,0.452127570009
571,0.174578520895,0.111258568796,0.261088630533,0.453074279776
572,0.175004591128,0.111441986023,0.261910708006,0.451642714843
573,0.175426326976,0.111622286044,0.262727325187,0.450224061793
574,0.175501908429,0.111582150509,0.261755104209,0.451160836853
575,0.175921950787,0.111760840081,0.262564700165,0.449752508968
576,0.175997440849,0.111720461164,0.261600201464,0.450681896523
577,0.176070305058,0.111678410755,0.260644897775,0.451606386413
578,0.17527048362,0.111586304013,0.260813413749,0.452329798618
579,0.17448382998,0.111492313343,0.260977451023,0.453046405653
580,0.174901980429,0.111672938794,0.261785164581,0.451639916196
581,0.174126766,0.111578159716,0.261948133432,0.452346940851
582,0.174539407684,0.111756786559,0.262753825249,0.450949980508
583,0.174947915058,0.111932428574,0.263554293831,0.449565362537
584,0.174182549629,0.111837900029,0.263719474111,0.450260076231
585,0.174585702541,0.112011597547,0.264517991476,0.448884708436
586,0.174441934559,0.111828879979,0.264488272276,0.449240913185
587,0.174841978481,0.112000178014,0.265283489385,0.44787435412
588,0.17408558935,0.111906032698,0.265450820336,0.448557557616
589,0.174480413462,0.112075433297,0.266244143207,0.447200010034
590,0.173734648738,0.11198056391,0.266410507974,0.447874279378
591,0.174124343859,0.112148084222,0.267201950208,0.44652562171
592,0.174510168464,0.112312801557,0.267988457501,0.445188572478
593,0.174593615922,0.112282749513,0.267015826379,0.446107808186
594,0.174452303998,0.112102807559,0.266991246769,0.446453641674
595,0.174837585594,0.112266633913,0.267773000049,0.445122780444
596,0.174920970157,0.112236444232,0.266806353164,0.446036232448
597,0.175001749463,0.112204566778,0.265848880026,0.446944803732
598,0.175387999765,0.112368385031,0.266622628274,0.44562098693
599,0.175770492712,0.112529491195,0.267391615738,0.444308400355
600,0.175026559407,0.112438873032,0.26756325991,0.44497130765
601,0.175404152399,0.112598226852,0.268330543511,0.443667077239
602,0.175488349163,0.112569081494,0.267375472794,0.444567096549
603,0.175569992451,0.112538281027,0.266429366204,0.445462360318
604,0.175948558904,0.112697648326,0.267188891822,0.444164900947
605,0.17581158295,0.112521302432,0.26716591628,0.444501198337
606,0.175074071336,0.112431698894,0.267335627301,0.445158602469
607,0.175448670374,0.112589818014,0.268095145214,0.443866366398
608,0.175311882463,0.112414352397,0.268073621252,0.444200143887
609,0.174583875356,0.112324161552,0.268242324018,0.444849639074
610,0.174954563115,0.112481037101,0.269001826704,0.443562573079
611,0.175321696954,0.112635342882,0.269756800637,0.442286159526
612,0.175685323014,0.112787113816,0.270507306216,0.441020256953
613,0.175550342966,0.112613427542,0.27049047835,0.441345751142
614,0.175911301981,0.112763146628,0.271238181604,0.440087369788
615,0.175189225479,0.112675002438,0.271414500919,0.440721271164
616,0.175279425714,0.112652009485,0.270457347568,0.441611217233
617,0.17514480155,0.112479361069,0.2704402842,0.44193555318
618,0.175504239067,0.112629196244,0.271186478725,0.440680085964
619,0.175594291702,0.112606005458,0.270235111509,0.44156459133
620,0.175681822203,0.112581173592,0.269292600405,0.4424444038
621,0.17496589674,0.11249348629,0.269462238115,0.443078378855
622,0.175325251614,0.112644254018,0.270203809486,0.441826684881
623,0.175681231601,0.112792583175,0.270941078574,0.44058510665
624,0.174973782065,0.112705050547,0.27111252289,0.441208644498
625,0.175325359383,0.112851804574,0.271848284292,0.439974551751
626,0.17519300503,0.112681797243,0.27183406525,0.440291132477
627,0.175542046286,0.112826599494,0.272567163075,0.439064191145
628,0.175887831444,0.112969049859,0.273296098084,0.437847020613
629,0.176230401412,0.113109179316,0.274020924108,0.436639495163
630,0.175528587301,0.113023538347,0.274199522914,0.437248351438
631,0.175623852489,0.113005765175,0.273249455026,0.43812092731
632,0.175716610328,0.112986349319,0.272308189079,0.438988851274
