episode,omega2,omega3,omega4,omega
1,0.25,0.25,0.25,0.25
2,0.25,0.25,0.25,0.25
3,0.25,0.25,0.25,0.25
4,0.25,0.25,0.25,0.25
5,0.25,0.25,0.25,0.25
6,0.25,0.25,0.25,0.25
7,0.25,0.25,0.25,0.25
8,0.25,0.25,0.25,0.25
9,0.25,0.25,0.25,0.25
10,0.25,0.25,0.25,0.25
11,0.25,0.25,0.25,0.25
12,0.25,0.25,0.25,0.25
13,0.25,0.25,0.25,0.25
14,0.25,0.25,0.25,0.25
15,0.25,0.25,0.25,0.25
16,0.25,0.25,0.25,0.25
17,0.25,0.25,0.25,0.25
18,0.25,0.25,0.25,0.25
19,0.25,0.25,0.25,0.25
20,0.25,0.25,0.25,0.25
21,0.25,0.25,0.25,0.25
22,0.25,0.25,0.25,0.25
23,0.25,0.25,0.25,0.25
24,0.25,0.25,0.25,0.25
25,0.25,0.25,0.25,0.25
26,0.25,0.25,0.25,0.25
27,0.25,0.25,0.25,0.25
28,0.25,0.25,0.25,0.25
29,0.25,0.25,0.25,0.25
30,0.25,0.25,0.25,0.25
31,0.25,0.25,0.25,0.25
32,0.25,0.25,0.25,0.25
33,0.25,0.25,0.25,0.25
34,0.25,0.25,0.25,0.25
35,0.25,0.25,0.25,0.25
36,0.25,0.25,0.25,0.25
37,0.25,0.25,0.25,0.25
38,0.25,0.25,0.25,0.25
39,0.25,0.25,0.25,0.25
40,0.25,0.25,0.25,0.25
41,0.25,0.25,0.25,0.25
42,0.25,0.25,0.25,0.25
43,0.25,0.25,0.25,0.25
44,0.25,0.25,0.25,0.25
45,0.25,0.25,0.25,0.25
46,0.25,0.25,0.25,0.25
47,0.25,0.25,0.25,0.25
48,0.25,0.25,0.25,0.25
49,0.25,0.25,0.25,0.25
50,0.25,0.25,0.25,0.25
51,0.25,0.25,0.25,0.25
52,0.25,0.25,0.25,0.25
53,0.25,0.25,0.25,0.25
54,0.25,0.25,0.25,0.25
55,0.25,0.25,0.25,0.25
56,0.25,0.25,0.25,0.25
57,0.25,0.25,0.25,0.25
58,0.25,0.25,0.25,0.25
59,0.25,0.25,0.25,0.25
60,0.25,0.25,0.25,0.25
61,0.25,0.25,0.25,0.25
62,0.25,0.25,0.25,0.25
63,0.25,0.25,0.25,0.25
64,0.25,0.25,0.25,0.25
65,0.25,0.25,0.25,0.25
66,0.25,0.25,0.25,0.25
67,0.25,0.25,0.25,0.25
68,0.25,0.25,0.25,0.25
69,0.25,0.25,0.25,0.25
70,0.25,0.25,0.25,0.25
71,0.25,0.25,0.25,0.25
72,0.25,0.25,0.25,0.25
73,0.25,0.25,0.25,0.25
74,0.25,0.25,0.25,0.25
75,0.25,0.25,0.25,0.25
76,0.25,0.25,0.25,0.25
77,0.25,0.25,0.25,0.25
78,0.25,0.25,0.25,0.25
79,0.25,0.25,0.25,0.25
80,0.25,0.25,0.25,0.25
81,0.25,0.25,0.25,0.25
82,0.25,0.25,0.25,0.25
83,0.25,0.25,0.25,0.25
84,0.25,0.25,0.25,0.25
85,0.25,0.25,0.25,0.25
86,0.25,0.25,0.25,0.25
87,0.25,0.25,0.25,0.25
88,0.25,0.25,0.25,0.25
89,0.277985883376,0.240671372208,0.240671372208,0.240671372208
90,0.278314751592,0.240561749469,0.240561749469,0.240561749469
91,0.278643858723,0.240452047092,0.240452047092,0.240452047092
92,0.278973204586,0.240342265138,0.240342265138,0.240342265138
93,0.279302789,0.240232403667,0.240232403667,0.240232403667
94,0.27963261178,0.24012246274,0.24012246274,0.24012246274
95,0.278929278018,0.240356907327,0.240356907327,0.240356907327
96,0.278272303555,0.240575898815,0.240575898815,0.240575898815
97,0.277657254255,0.240780915248,0.240780915248,0.240780915248
98,0.277080243626,0.240973252125,0.240973252125,0.240973252125
99,0.276537850864,0.241154049712,0.241154049712,0.241154049712
100,0.276817440213,0.241060853262,0.241060853262,0.241060853262
101,0.276298341747,0.241233886084,0.241233886084,0.241233886084
102,0.275808635038,0.241397121654,0.241397121654,0.241397121654
103,0.276072256482,0.241309247839,0.241309247839,0.241309247839
104,0.27633603375,0.241221322083,0.241221322083,0.241221322083
105,0.276599966753,0.241133344416,0.241133344416,0.241133344416
106,0.276864055397,0.241045314868,0.241045314868,0.241045314868
107,0.277128299591,0.24095723347,0.24095723347,0.24095723347
108,0.277392699241,0.240869100253,0.240869100253,0.240869100253
109,0.277657254255,0.240780915248,0.240780915248,0.240780915248
110,0.27714258749,0.240952470837,0.240952470837,0.240952470837
111,0.277399847334,0.240866717555,0.240866717555,0.240866717555
112,0.277657254255,0.240780915248,0.240780915248,0.240780915248
113,0.277914808165,0.240695063945,0.240695063945,0.240695063945
114,0.27817250898,0.240609163673,0.240609163673,0.240609163673
115,0.277657254255,0.240780915248,0.240780915248,0.240780915248
116,0.277908028548,0.240697323817,0.240697323817,0.240697323817
117,0.278158942118,0.240613685961,0.240613685961,0.240613685961
118,0.278409994884,0.240530001705,0.240530001705,0.240530001705
119,0.278661186766,0.240446271078,0.240446271078,0.240446271078
120,0.278912517682,0.240362494106,0.240362494106,0.240362494106
121,0.279163987551,0.240278670816,0.240278670816,0.240278670816
122,0.279415596294,0.240194801235,0.240194801235,0.240194801235
123,0.279667343826,0.240110885391,0.240110885391,0.240110885391
124,0.279919230068,0.240026923311,0.240026923311,0.240026923311
125,0.279370425528,0.240209858157,0.240209858157,0.240209858157
126,0.279615691996,0.240128102668,0.240128102668,0.240128102668
127,0.279861090166,0.240046303278,0.240046303278,0.240046303278
128,0.280106619964,0.239964460012,0.239964460012,0.239964460012
129,0.280352281311,0.239882572896,0.239882572896,0.239882572896
130,0.280598074132,0.239800641956,0.239800641956,0.239800641956
131,0.28084399835,0.239718667217,0.239718667217,0.239718667217
132,0.281090053887,0.239636648704,0.239636648704,0.239636648704
133,0.281336240667,0.239554586444,0.239554586444,0.239554586444
134,0.281582558611,0.239472480463,0.239472480463,0.239472480463
135,0.281829007642,0.239390330786,0.239390330786,0.239390330786
136,0.28207558768,0.23930813744,0.23930813744,0.23930813744
137,0.281484015699,0.2395053281,0.2395053281,0.2395053281
138,0.280922001745,0.239692666085,0.239692666085,0.239692666085
139,0.280387386524,0.239870871159,0.239870871159,0.239870871159
140,0.279878215882,0.240040594706,0.240040594706,0.240040594706
141,0.280100908474,0.239966363842,0.239966363842,0.239966363842
142,0.280323709282,0.239892096906,0.239892096906,0.239892096906
143,0.279827619027,0.240057460324,0.240057460324,0.240057460324
144,0.279354079115,0.240215306962,0.240215306962,0.240215306962
145,0.279566628164,0.240144457279,0.240144457279,0.240144457279
146,0.279779276147,0.240073574618,0.240073574618,0.240073574618
147,0.279317124165,0.240227625278,0.240227625278,0.240227625278
148,0.278875076609,0.240374974464,0.240374974464,0.240374974464
149,0.278451850539,0.24051604982,0.24051604982,0.24051604982
150,0.278650717661,0.24044976078,0.24044976078,0.24044976078
151,0.27824090323,0.24058636559,0.24058636559,0.24058636559
152,0.277847830013,0.240717389996,0.240717389996,0.240717389996
153,0.278038486228,0.240653837924,0.240653837924,0.240653837924
154,0.277657254255,0.240780915248,0.240780915248,0.240780915248
155,0.27784409246,0.240718635847,0.240718635847,0.240718635847
156,0.27747408424,0.24084197192,0.24084197192,0.24084197192
157,0.277657254255,0.240780915248,0.240780915248,0.240780915248
158,0.277297896591,0.240900701136,0.240900701136,0.240900701136
159,0.277477539589,0.240840820137,0.240840820137,0.240840820137
160,0.277657254255,0.240780915248,0.240780915248,0.240780915248
161,0.277304548757,0.240898483748,0.240898483748,0.240898483748
162,0.277480866987,0.240839711004,0.240839711004,0.240839711004
163,0.2771379114,0.240954029533,0.240954029533,0.240954029533
164,0.277310959119,0.24089634696,0.24089634696,0.24089634696
165,0.276977283867,0.241007572044,0.241007572044,0.241007572044
166,0.277147180126,0.240950939958,0.240950939958,0.240950939958
167,0.277317140626,0.240894286458,0.240894286458,0.240894286458
168,0.277487165344,0.240837611552,0.240837611552,0.240837611552
169,0.277657254255,0.240780915248,0.240780915248,0.240780915248
170,0.277827407333,0.240724197556,0.240724197556,0.240724197556
171,0.277997624554,0.240667458482,0.240667458482,0.240667458482
172,0.278167905892,0.240610698036,0.240610698036,0.240610698036
173,0.278338251324,0.240553916225,0.240553916225,0.240553916225
174,0.277991650934,0.240669449689,0.240669449689,0.240669449689
175,0.278158942118,0.240613685961,0.240613685961,0.240613685961
176,0.278326295168,0.240557901611,0.240557901611,0.240557901611
177,0.278493710058,0.240502096647,0.240502096647,0.240502096647
178,0.278661186766,0.240446271078,0.240446271078,0.240446271078
179,0.278314751592,0.240561749469,0.240561749469,0.240561749469
180,0.277980311399,0.240673229534,0.240673229534,0.240673229534
181,0.278141926629,0.24061935779,0.24061935779,0.24061935779
182,0.277816061798,0.240727979401,0.240727979401,0.240727979401
183,0.277974925219,0.240675024927,0.240675024927,0.240675024927
184,0.277657254255,0.240780915248,0.240780915248,0.240780915248
185,0.304973477713,0.231675507429,0.231675507429,0.231675507429
186,0.305290234883,0.231569921706,0.231569921706,0.231569921706
187,0.30467197577,0.231776008077,0.231776008077,0.231776008077
188,0.304983530661,0.231672156446,0.231672156446,0.231672156446
189,0.305295264262,0.231568245246,0.231568245246,0.231568245246
190,0.305607176389,0.231464274537,0.231464274537,0.231464274537
191,0.305919266858,0.231360244381,0.231360244381,0.231360244381
192,0.305300136516,0.231566621161,0.231566621161,0.231566621161
193,0.305607176389,0.231464274537,0.231464274537,0.231464274537
194,0.305914389074,0.231361870309,0.231361870309,0.231361870309
195,0.306221774395,0.231259408535,0.231259408535,0.231259408535
196,0.306529332177,0.231156889274,0.231156889274,0.231156889274
197,0.306837062241,0.231054312586,0.231054312586,0.231054312586
198,0.30714496441,0.23095167853,0.23095167853,0.23095167853
199,0.306515133409,0.231161622197,0.231161622197,0.231161622197
200,0.306818120035,0.231060626655,0.231060626655,0.231060626655
201,0.307121273521,0.230959575493,0.230959575493,0.230959575493
202,0.306501365257,0.231166211581,0.231166211581,0.231166211581
203,0.306799752457,0.231066749181,0.231066749181,0.231066749181
204,0.30709830151,0.23096723283,0.23096723283,0.23096723283
205,0.307397012254,0.230867662582,0.230867662582,0.230867662582
206,0.307695884524,0.230768038492,0.230768038492,0.230768038492
207,0.307076016145,0.230974661285,0.230974661285,0.230974661285
208,0.307370255451,0.230876581516,0.230876581516,0.230876581516
209,0.307456005097,0.230621944367,0.230621944367,0.23130010617
210,0.30775421337,0.230526714637,0.230526714637,0.231192357357
211,0.308052414606,0.230431302608,0.230431302608,0.231084980177
212,0.30743210596,0.230636837818,0.230636837818,0.231294218403
213,0.306830414779,0.230836171259,0.230836171259,0.231497242702
214,0.307115037325,0.230740348068,0.230740348068,0.231404266539
215,0.306526760412,0.230935212101,0.230935212101,0.231602815386
216,0.305955630664,0.23112436417,0.23112436417,0.231795640996
217,0.306231766464,0.2310313671,0.2310313671,0.231705499336
218,0.305672920086,0.231216426544,0.231216426544,0.231894226826
219,0.305129906439,0.231396211905,0.231396211905,0.23207766975
220,0.305398042929,0.231305878635,0.231305878635,0.231990199801
221,0.305666311389,0.231215502218,0.231215502218,0.231902684175
222,0.305130676208,0.231392828068,0.231392828068,0.232083667656
223,0.305395175786,0.231303707085,0.231303707085,0.231997410044
224,0.305659803779,0.231214544129,0.231214544129,0.231911107963
225,0.305924560074,0.231125339238,0.231125339238,0.23182476145
226,0.306194126142,0.231039624951,0.231039624951,0.231726623956
227,0.306459161825,0.23095034931,0.23095034931,0.231640139555
228,0.30672432549,0.230861031824,0.230861031824,0.231553610861
229,0.306994165695,0.230775091881,0.230775091881,0.231455650542
230,0.306446727275,0.230956395908,0.230956395908,0.231640480908
231,0.306708356122,0.230868276439,0.230868276439,0.231555091
232,0.306970109463,0.23078011626,0.23078011626,0.231469658017
233,0.30723198719,0.230691915408,0.230691915408,0.231384181993
234,0.307493989193,0.230603673921,0.230603673921,0.231298662965
235,0.306946614784,0.230784953397,0.230784953397,0.231483478421
236,0.307209517641,0.23070128443,0.23070128443,0.231387913498
237,0.306673258582,0.230878885107,0.230878885107,0.231568971203
238,0.306928190577,0.230793017531,0.230793017531,0.231485774361
239,0.306402641552,0.230967049868,0.230967049868,0.231663258713
240,0.305890858653,0.231136496638,0.231136496638,0.231836148071
241,0.305392308581,0.231301535488,0.231301535488,0.232004620444
242,0.304906485164,0.231462335024,0.231462335024,0.232168844788
243,0.305147999219,0.231380934817,0.231380934817,0.232090131148
244,0.305389620519,0.231299499573,0.231299499573,0.232011380335
245,0.305631348979,0.231218029321,0.231218029321,0.231932592378
246,0.305873184514,0.231136524091,0.231136524091,0.231853767304
247,0.306115127037,0.231054983911,0.231054983911,0.23177490514
248,0.305625700178,0.231216980236,0.231216980236,0.23194033935
249,0.305148467825,0.231374914596,0.231374914596,0.232101702984
250,0.305384244232,0.231295427619,0.231295427619,0.232024900531
251,0.305620122679,0.231215907323,0.231215907323,0.231948062674
252,0.305856103088,0.231136353736,0.231136353736,0.23187118944
253,0.306092185378,0.231056766884,0.231056766884,0.231794280853
254,0.306328369469,0.230977146795,0.230977146795,0.231717336941
255,0.305847771401,0.231136198794,0.231136198794,0.23187983101
256,0.306081028332,0.231057553688,0.231057553688,0.231803864291
257,0.306314384649,0.230978876142,0.230978876142,0.231727863068
258,0.306547840275,0.23090016618,0.23090016618,0.231651827365
259,0.306070070623,0.231058273988,0.231058273988,0.231813381401
260,0.306300665799,0.230980516773,0.230980516773,0.231738300654
261,0.305831501755,0.231135757491,0.231135757491,0.231896983263
262,0.30605930529,0.231058930104,0.231058930104,0.231822834503
263,0.306287203632,0.230982071786,0.230982071786,0.231748652797
264,0.305823554737,0.231135474149,0.231135474149,0.231905496966
265,0.305370802557,0.231285247009,0.231285247009,0.232058703425
266,0.305593219557,0.231210213744,0.231210213744,0.231986352956
267,0.305148296511,0.231357378215,0.231357378215,0.23213694706
268,0.304713592248,0.231501139005,0.231501139005,0.232284129743
269,0.301131694129,0.228544519355,0.228544519355,0.24177926716
270,0.30133302752,0.228462075161,0.228462075161,0.241742822157
271,0.329782737839,0.219143173448,0.219143173448,0.231930915265
272,0.329116046485,0.219345217977,0.219345217977,0.232193517562
273,0.328464010805,0.219542438463,0.219542438463,0.232451112269
274,0.333741567803,0.217801231061,0.217801231061,0.230655970074
275,0.334073094092,0.21767702343,0.21767702343,0.230572859048
276,0.33440478219,0.217552777652,0.217552777652,0.230489662507
277,0.334826030225,0.21748656262,0.21748656262,0.230200844535
278,0.334143475142,0.217694221926,0.217694221926,0.230468081007
279,0.334558303834,0.217627583528,0.217627583528,0.230186529109
280,0.334887216164,0.217504829502,0.217504829502,0.230103124831
281,0.335216286909,0.217382037751,0.217382037751,0.23001963759
282,0.335545515823,0.217259208367,0.217259208367,0.229936067444
283,0.335874902661,0.217136341442,0.217136341442,0.229852414454
284,0.336289268091,0.217068187323,0.217068187323,0.229574357263
285,0.321531705868,0.207221677611,0.207221677611,0.26402493891
286,0.32079537248,0.207377704995,0.207377704995,0.264449217531
287,0.3200735571,0.207529138813,0.207529138813,0.264868165273
288,0.320330973051,0.207381628694,0.207381628694,0.264905769561
289,0.320974461323,0.207483653679,0.207483653679,0.26405823132
290,0.320260378985,0.207634220804,0.207634220804,0.264471179408
291,0.320889792582,0.207730561884,0.207730561884,0.263649083651
292,0.321147058199,0.207585596106,0.207585596106,0.26368174959
293,0.321404397449,0.207440645896,0.207440645896,0.263714310759
294,0.321661810173,0.207295711357,0.207295711357,0.263746767113
295,0.321919296208,0.207150792594,0.207150792594,0.263779118603
296,0.322176855393,0.20700588971,0.20700588971,0.263811365186
297,0.321455785933,0.207159800782,0.207159800782,0.264224612503
298,0.320748533333,0.207309341927,0.207309341927,0.264632782813
299,0.320998957582,0.207166540877,0.207166540877,0.264667960665
300,0.320301604344,0.20731285565,0.20731285565,0.265072684355
301,0.320548605436,0.207171079578,0.207171079578,0.265109235408
302,0.319860885173,0.207314253679,0.207314253679,0.265510607469
303,0.320104532012,0.20717348092,0.20717348092,0.265548506148
304,0.320348242012,0.207032724626,0.207032724626,0.265586308736
305,0.320592015032,0.206891984892,0.206891984892,0.265624015185
306,0.319906967906,0.207034032533,0.207034032533,0.266024967029
307,0.319234470142,0.207172115108,0.207172115108,0.266421299643
308,0.319471665541,0.207033303278,0.207033303278,0.266461727902
309,0.318808124348,0.207168463837,0.207168463837,0.266854947978
310,0.319427963501,0.207280948545,0.207280948545,0.266010139409
311,0.318774165726,0.207414599218,0.207414599218,0.266396635838
312,0.318131967853,0.207544581945,0.207544581945,0.266778868256
313,0.318361396227,0.207409210968,0.207409210968,0.266820181836
314,0.348287929438,0.198240483954,0.198240483954,0.255231102654
315,0.348624900548,0.198075332147,0.198075332147,0.255224435158
316,0.348961987825,0.19791019891,0.19791019891,0.255217614356
317,0.349299190946,0.197745084407,0.197745084407,0.255210640239
318,0.350036685812,0.197806128845,0.197806128845,0.254351056497
319,0.331973384403,0.187261074116,0.187261074116,0.293504467364
320,0.331066993854,0.187398716619,0.187398716619,0.294135572909
321,0.331324455096,0.187210178236,0.187210178236,0.294255188431
322,0.332331200931,0.187444334622,0.187444334622,0.292780129824
323,0.332591865472,0.187257000347,0.187257000347,0.292894133834
324,0.332852527001,0.187069736697,0.187069736697,0.293007999605
325,0.333844542338,0.187292848471,0.187292848471,0.29156976072
326,0.332936693917,0.187435947229,0.187435947229,0.292191411626
327,0.333906354518,0.187649835253,0.187649835253,0.290793974975
328,0.333011353416,0.187791739098,0.187791739098,0.291405168387
329,0.333270066377,0.187608689024,0.187608689024,0.291512555575
330,0.333528781072,0.187425705406,0.187425705406,0.291619808116
331,0.33264068261,0.187565107166,0.187565107166,0.292229103057
332,0.332895481762,0.187383167963,0.187383167963,0.292338182313
333,0.332018009378,0.187519151495,0.187519151495,0.292943687633
334,0.33297063532,0.187733849358,0.187733849358,0.291561665965
335,0.333224487695,0.187553952965,0.187553952965,0.291667606376
336,0.333478341254,0.18737412088,0.18737412088,0.291773416986
337,0.312407241038,0.175232932841,0.175232932841,0.337126893279
338,0.312571700632,0.175023738658,0.175023738658,0.337380822053
339,0.311640459162,0.175093324524,0.175093324524,0.33817289179
340,0.312887738392,0.175494502169,0.175494502169,0.33612325727
341,0.313052762012,0.175287815818,0.175287815818,0.336371606352
342,0.312130667202,0.175358340804,0.175358340804,0.337152651191
343,0.313352938801,0.175747606397,0.175747606397,0.335151848405
344,0.313518451764,0.175543362256,0.175543362256,0.335394823723
345,0.312605312613,0.175614761928,0.175614761928,0.336165163532
346,0.311705622909,0.17568229133,0.17568229133,0.336929794431
347,0.312902718272,0.17606413567,0.17606413567,0.334969010387
348,0.31407385753,0.176429646642,0.176429646642,0.333066849185
349,0.31424027752,0.176229998653,0.176229998653,0.333299725175
350,0.314406564711,0.176030452862,0.176030452862,0.333532529566
351,0.313510789177,0.176103423773,0.176103423773,0.334282363277
352,0.314663723179,0.1764600162,0.1764600162,0.332416244422
353,0.314830304185,0.176262731567,0.176262731567,0.332644232681
354,0.314996757388,0.176065546776,0.176065546776,0.33287214906
355,0.316133343651,0.176409890682,0.176409890682,0.331046874985
356,0.316303458092,0.176214197152,0.176214197152,0.331268147604
357,0.315408006202,0.176292970539,0.176292970539,0.33200605272
358,0.315574578358,0.176098086419,0.176098086419,0.332229248805
359,0.315741027288,0.175903300075,0.175903300075,0.332452372563
360,0.315907352808,0.175708611717,0.175708611717,0.332675423757
361,0.317034272902,0.176047503419,0.176047503419,0.330870720261
362,0.317204169177,0.175854257363,0.175854257363,0.331087316096
363,0.318312157241,0.176180390966,0.176180390966,0.329327060826
364,0.317413602639,0.176265343761,0.176265343761,0.330055709838
365,0.316528077596,0.176346538586,0.176346538586,0.330778845232
366,0.315655243548,0.176424071343,0.176424071343,0.331496613765
367,0.314794773389,0.176498034695,0.176498034695,0.332209157221
368,0.314955002333,0.176308923232,0.176308923232,0.332427151202
369,0.314103438634,0.176380058471,0.176380058471,0.333136444424
370,0.314260408127,0.17619168959,0.17619168959,0.333356212693
371,0.313417553102,0.176260057212,0.176260057212,0.334062332473
372,0.313571315108,0.176072416805,0.176072416805,0.334283851281
373,0.312736977021,0.176138075478,0.176138075478,0.334986872023
374,0.312887582239,0.175951149801,0.175951149801,0.335210118158
375,0.313979190916,0.176292735497,0.176292735497,0.33343533809
376,0.31504927803,0.17662078401,0.17662078401,0.33170915395
377,0.314221211729,0.17669037555,0.17669037555,0.332398037171
378,0.314375549164,0.176506702722,0.176506702722,0.332611045393
379,0.314529775521,0.176323116059,0.176323116059,0.332823992361
380,0.313707021587,0.176390690153,0.176390690153,0.333511598107
381,0.314760871084,0.176714586876,0.176714586876,0.331809955163
382,0.31491531867,0.176532913681,0.176532913681,0.332018853968
383,0.314099672665,0.176601070486,0.176601070486,0.332698186363
384,0.314251110908,0.176420084283,0.176420084283,0.332908720526
385,0.31440244069,0.176239181835,0.176239181835,0.33311919564
386,0.314553661867,0.176058363311,0.176058363311,0.333329611512
387,0.315599177564,0.176377479973,0.176377479973,0.33164586249
388,0.316625104965,0.176684305138,0.176684305138,0.33000628476
389,0.317632257436,0.176979344767,0.176979344767,0.32840905303
390,0.318621404957,0.177263077797,0.177263077797,0.326852439448
391,0.31295007184,0.192148663115,0.173845618129,0.321055646915
392,0.312126431268,0.192273155468,0.173913607696,0.321686805568
393,0.311313769815,0.192394284713,0.173978509721,0.322313435751
394,0.310511824073,0.192512129446,0.174040397619,0.322935648861
395,0.310654101286,0.192366193689,0.173863833005,0.323115872021
396,0.311585440525,0.192708344743,0.174128375491,0.321577839241
397,0.310790079887,0.192826662847,0.174190570545,0.322192686721
398,0.310932318055,0.192682519602,0.174015687772,0.32236947457
399,0.310144623331,0.192798272078,0.174075540414,0.322981564178
400,0.309367036793,0.192910920822,0.174132549266,0.32358949312
401,0.308599323077,0.193020536121,0.174186779931,0.32419336087
402,0.308794353872,0.192719583539,0.174047834076,0.324438228512
403,0.308988344664,0.192421252237,0.173908344337,0.324682058762
404,0.309907387731,0.192766340992,0.174176397033,0.323149874245
405,0.310044513543,0.192624560502,0.174004497827,0.323326428128
406,0.310240623168,0.192329054531,0.173865790118,0.323564532183
407,0.309471519167,0.192439570974,0.173922351156,0.324166558703
408,0.308712045034,0.192547133869,0.173976204532,0.324764616566
409,0.307961981355,0.192651808636,0.174027411352,0.325358798658
410,0.307221115252,0.192753658748,0.174076030905,0.325949195095
411,0.307406502675,0.192461108311,0.173939315412,0.326193073602
412,0.308313797911,0.192808807631,0.174210553039,0.324666841419
413,0.307578651136,0.192910842001,0.174259732769,0.325250774094
414,0.307706150714,0.192772411172,0.174091714806,0.325429723308
415,0.307833576118,0.19263400019,0.173923787075,0.325608636617
416,0.307102623306,0.192734352558,0.173971451095,0.326191573041
417,0.306380414867,0.192832017893,0.174016656151,0.326770911089
418,0.307273997762,0.193179299546,0.17428703301,0.325259669683
419,0.30815203072,0.193515804795,0.174547545722,0.323784618763
420,0.309015106766,0.193841940049,0.174798568018,0.322344385167
421,0.309863789818,0.194158091742,0.17504045526,0.32093766318
422,0.310055659287,0.193870265405,0.174910835923,0.321163239384
423,0.310893147901,0.194177230149,0.175144962052,0.319784659898
424,0.31171723152,0.194474906479,0.175370587321,0.318437274681
425,0.312528398828,0.194763628587,0.175588019205,0.31711995338
426,0.29121088336,0.181276530837,0.163388859427,0.364123726376
427,0.290448899351,0.181328628861,0.163395869843,0.364826601946
428,0.291462167223,0.181760095749,0.163744634143,0.363033102885
429,0.292458444364,0.182179803354,0.164082627041,0.361279125242
430,0.29310725462,0.182382154382,0.164224727732,0.360285863265
431,0.293180506006,0.182226097396,0.164044102062,0.360549294537
432,0.29330666866,0.181922104128,0.163893230465,0.360877996747
433,0.294279996107,0.182323640412,0.164215205342,0.35918115814
434,0.29435588141,0.18216866207,0.164035894623,0.359439561896
435,0.293592686524,0.182230138446,0.164051523087,0.360125651943
436,0.294552487843,0.182625080655,0.164367262182,0.358455169319
437,0.294628802523,0.182471767805,0.164189514608,0.358709915064
438,0.295576204036,0.182857467082,0.164496733343,0.35706959554
439,0.296508943758,0.183233038509,0.164794684984,0.355463332749
440,0.29659047365,0.183082121676,0.16461908849,0.355708316184
441,0.297511617793,0.183449030971,0.164909060257,0.354130290979
442,0.298418981871,0.183806425859,0.165190331185,0.352584261085
443,0.297656070743,0.183880181352,0.165216605845,0.35324714206
444,0.297740418638,0.183731963422,0.165043462948,0.353484154992
445,0.297824646333,0.183583776137,0.164870421729,0.3537211558
446,0.297908753764,0.183435619649,0.164697482276,0.35395814431
447,0.298809315318,0.183789747564,0.164975483249,0.352425453869
448,0.298951297535,0.183491104987,0.164834190963,0.352723406514
449,0.299092289655,0.183194910182,0.16469243735,0.353020362813
450,0.299985406951,0.183541006711,0.16496436871,0.351509217628
451,0.300128259776,0.183247709252,0.164823257163,0.351800773809
452,0.299359362338,0.183325535235,0.164854434047,0.35246066838
453,0.300241502579,0.183665939375,0.165121653415,0.350970904632
454,0.300384022555,0.183375519831,0.164981652304,0.35125880531
455,0.299620881618,0.183453384346,0.165013198227,0.351912535808
456,0.300492309941,0.183788252151,0.165275836601,0.350443601307
457,0.300581590628,0.183644319228,0.16510787127,0.350666218874
458,0.299824114596,0.183722572184,0.165139687886,0.351313625333
459,0.300684723378,0.184052569777,0.165397709437,0.349864997407
460,0.299934902798,0.18413079026,0.165429396439,0.350504910503
461,0.300782700362,0.184455074458,0.165682080126,0.349080145053
462,0.301618951313,0.184771388308,0.165927479409,0.34768218097
463,0.302444001993,0.185079967839,0.16616581125,0.346310218918
464,0.301699824837,0.18516295674,0.166201533598,0.346935684824
465,0.301846115483,0.18487709326,0.166068129599,0.347208661658
466,0.301991486481,0.184593511649,0.165934288387,0.347480713483
467,0.301251615068,0.184674090412,0.165968682528,0.348105611993
468,0.300519970941,0.184752223292,0.166000854556,0.348726951211
469,0.301336253234,0.185061164932,0.166240338502,0.347362243332
470,0.302141826209,0.185362692813,0.16647304573,0.346022435248
471,0.302287164458,0.185082260602,0.166341581866,0.346288993075
472,0.302379153309,0.184945439574,0.166180863754,0.346494543364
473,0.301649841141,0.185026221184,0.166215690319,0.347108247356
474,0.300928542476,0.185104617119,0.166248349841,0.347718490563
475,0.290589644706,0.213200359118,0.160335341995,0.33587465418
476,0.291322028791,0.213598099819,0.160537916099,0.334541955291
477,0.290603168378,0.213748514233,0.160554412871,0.335093904518
478,0.289892020693,0.21389640465,0.160568937095,0.335642637562
479,0.290612609021,0.214291467158,0.160768822864,0.334327100957
480,0.290837455501,0.213784615345,0.160694059578,0.334683869575
481,0.291551239059,0.214171626613,0.160889049113,0.333388085216
482,0.291776444469,0.213670701701,0.160814027485,0.333738826346
483,0.291067436909,0.213819831408,0.160831214918,0.334281516765
484,0.291773598922,0.214201475439,0.161023115502,0.333001810137
485,0.291997411801,0.213705703048,0.160948430783,0.333348454368
486,0.292697103226,0.21407967946,0.161135666941,0.332087550373
487,0.292921270194,0.213589579402,0.161060735204,0.3324284152
488,0.29299460931,0.213504256307,0.160902914381,0.332598220002
489,0.293689676531,0.213871710914,0.161086250627,0.331352361928
490,0.292979978872,0.214024831928,0.161107979319,0.331887209881
491,0.275414795189,0.201064132784,0.151263883928,0.372257188099
492,0.276235603821,0.201533899941,0.151529261931,0.370701234308
493,0.276261139655,0.20142314441,0.151358050932,0.370957665004
494,0.276420295594,0.200925754255,0.151260150445,0.371393799706
495,0.276577332296,0.200434087961,0.151161104917,0.371827474826
496,0.276732300853,0.199947998271,0.151060946599,0.372258754278
497,0.276885250594,0.199467343008,0.150959706632,0.372687699767
498,0.277036229162,0.198991984861,0.150857415099,0.373114370878
499,0.277062059625,0.198878089019,0.1506870832,0.373372768157
500,0.277891487034,0.199340703158,0.150953464296,0.371814345512
501,0.277919321226,0.199227986943,0.150784067799,0.372068624032
502,0.278739975114,0.199683291353,0.151044475462,0.37053225807
503,0.269228539048,0.192741141745,0.17993831756,0.358092001646
504,0.268491368565,0.192825405678,0.179992337989,0.358690887768
505,0.268625472177,0.192358653506,0.179939123458,0.359076750859
506,0.268742025469,0.192314643326,0.179503865104,0.359439466101
507,0.269494577656,0.19272543313,0.179862736497,0.357917252717
508,0.269611816466,0.192681559453,0.179432810178,0.358273813903
509,0.26887638671,0.192766473924,0.179486664684,0.358870474682
510,0.269620518548,0.193173384632,0.179840272098,0.357365824722
511,0.27035487055,0.193572677436,0.180186685495,0.35588576652
512,0.270473609552,0.193530877393,0.17976149515,0.356234017905
513,0.298738240159,0.185930898002,0.172677298559,0.34265356328
514,0.299569034432,0.186275373584,0.172972234102,0.341183357882
515,0.299752704655,0.186217035584,0.172551143579,0.341479116182
516,0.300576199238,0.186555759637,0.172839378104,0.340028663021
517,0.301389998885,0.18688768528,0.173121225732,0.338601090103
518,0.300488299457,0.187031306013,0.173228577787,0.339251816742
519,0.301291135079,0.187359107657,0.173506457445,0.337843299819
520,0.302084747447,0.187680420914,0.173778243121,0.336456588518
521,0.301189748707,0.187826135676,0.173887377223,0.337096738394
522,0.301404611664,0.187357403137,0.173827694969,0.337410290229
523,0.301617567994,0.18689375832,0.173766846454,0.337721827233
524,0.301806013111,0.186839135543,0.173348819173,0.338006032173
525,0.302596843829,0.187157033165,0.173618883561,0.336627239445
526,0.301703564902,0.187302097532,0.173728558744,0.337265778822
527,0.301915529533,0.186842168909,0.173667934157,0.337574367402
528,0.302698557417,0.187155925266,0.173935387148,0.336210130169
529,0.301811217003,0.187300142413,0.17404522123,0.336843419354
530,0.30202183215,0.186844384756,0.173985186999,0.337148596095
531,0.30220983483,0.186791046885,0.173570480734,0.33742863755
532,0.301327734085,0.186932698886,0.173678050307,0.338061516721
533,0.302104036243,0.187245850097,0.173944903575,0.336705210085
534,0.301229772093,0.187387112551,0.174052023016,0.33733109234
535,0.301437373065,0.186934533617,0.173992824808,0.33763526851
536,0.301622191144,0.186881857481,0.173581916885,0.33791403449
537,0.301828371128,0.186433513655,0.173521274265,0.338216840953
538,0.30201177486,0.186379196225,0.173114795698,0.338494233217
539,0.301138545137,0.186518159427,0.173220052599,0.339123242837
540,0.301913098152,0.186831468288,0.173487170439,0.337768263121
541,0.302118358711,0.18638659943,0.173426762325,0.338068279534
542,0.302300699314,0.18633235419,0.17302419286,0.338342753636
543,0.303071485949,0.186640439541,0.173286537656,0.337001536854
544,0.303254450421,0.186586150338,0.172888386113,0.337271013127
545,0.304019109398,0.186889393566,0.173145053136,0.335946443901
546,0.304775533771,0.187186887908,0.173396319324,0.334641258996
547,0.305523920029,0.187478768496,0.173642312096,0.333354999378
548,0.305711957306,0.187426437798,0.173248175506,0.333613429389
549,0.304832656719,0.187575480726,0.1733610118,0.334230850754
550,0.305573911426,0.187865063192,0.173603682837,0.332957342546
551,0.305788501468,0.187421477444,0.173546768073,0.333243253015
552,0.30491493487,0.187569612347,0.173659650097,0.333855802686
553,0.305099855791,0.187517937186,0.173268952284,0.334113254739
554,0.304233362767,0.187663992889,0.173379085258,0.334723559087
555,0.304414720715,0.187611878811,0.172992457426,0.334980943047
556,0.304594525296,0.187558756125,0.172610022281,0.335236696299
557,0.305333935987,0.187849868272,0.172852062587,0.333964133154
558,0.304471062314,0.187996623735,0.172961215122,0.334571098829
559,0.304681374137,0.187554701312,0.172905051719,0.334858872832
560,0.30541400492,0.187842286669,0.173144936626,0.333598771785
561,0.306139110574,0.188124606191,0.173379894827,0.332356388408
562,0.306322083005,0.188073437984,0.173000649648,0.332603829363
563,0.305461412231,0.188222014694,0.173111539416,0.333205033659
564,0.305672970501,0.187783163993,0.173056476287,0.333487389219
565,0.305852850903,0.187731133975,0.172680756668,0.333735258454
566,0.306575514249,0.188011923044,0.172913412941,0.332499149766
567,0.307290901985,0.188287627835,0.173141321197,0.331280148983
568,0.306432420862,0.188437949669,0.173253878357,0.331875751112
569,0.307139293338,0.188710737237,0.173478979294,0.33067099013
570,0.307354189694,0.188274596368,0.173425853093,0.330945360844
571,0.308056248244,0.188542185437,0.173647265343,0.329754300975
572,0.307201835222,0.18869359769,0.173761626704,0.330342940384
573,0.306356061231,0.18884243991,0.173873585109,0.33092791375
574,0.305518772042,0.188988757101,0.173983183022,0.331509287836
575,0.305728552346,0.188555612121,0.173931650052,0.33178418548
576,0.306421768951,0.188824092124,0.174154811498,0.330599327427
577,0.307108251631,0.18908784053,0.174373543339,0.3294303645
578,0.306274830795,0.1892352197,0.174484911603,0.330005037902
579,0.306953385499,0.189496276177,0.17470104686,0.328849291465
580,0.307165929734,0.18906621544,0.174651625937,0.329116228888
581,0.307840061336,0.189322407972,0.174864333783,0.327973196909
582,0.308052991468,0.188896368155,0.174814737245,0.328235903132
583,0.308722787676,0.189147795868,0.175024082172,0.327105334285
584,0.308936104198,0.18872569852,0.174974313353,0.327363883929
585,0.309124315678,0.188681105596,0.174598702174,0.327595876552
586,0.30979169025,0.188928674313,0.1748045739,0.326475061536
587,0.309980225429,0.188883913057,0.174432819317,0.326703042197
588,0.310167293489,0.188838199326,0.174064992474,0.326929514711
589,0.310832135492,0.189083063833,0.174266514942,0.325818285734
590,0.30998944288,0.189238075731,0.174385177862,0.326387303526
591,0.310204307198,0.188817879408,0.174335694715,0.326642118679
592,0.310863661718,0.189060071901,0.174535702874,0.325540563506
593,0.311517072748,0.189298111759,0.174731820649,0.324452994844
594,0.310678264253,0.189453946677,0.174852013091,0.325015775979
595,0.31132448745,0.189689735253,0.175045951173,0.323939826124
596,0.311965006497,0.18992152633,0.175236145198,0.322877321975
597,0.312599940532,0.190149401775,0.175422672202,0.321827985491
598,0.313229405511,0.190373441262,0.175605607157,0.32079154607
599,0.31345213137,0.189955177588,0.175560213992,0.32103247705
600,0.313646944515,0.189914105994,0.175194111598,0.321244837892
601,0.313840318416,0.189872099292,0.174831841266,0.321455741026
602,0.314469526211,0.19009348677,0.175011618712,0.320425368308
603,0.313626868579,0.190256538729,0.175137643562,0.320978949129
604,0.312792567092,0.190417086254,0.175261325336,0.321529021318
605,0.313413712137,0.190638240395,0.175440744891,0.320507302577
606,0.313605393109,0.190597889172,0.175081512041,0.320715205678
607,0.313795692719,0.19055663645,0.174725959815,0.320921711016
608,0.313984644167,0.190514504573,0.174373998871,0.321126852388
609,0.314605372336,0.190734083952,0.174549516893,0.320111026818
610,0.315220941196,0.190950047717,0.174721671683,0.319107339404
611,0.314385550722,0.191114979016,0.174847084018,0.319652386244
612,0.314610255788,0.190696331364,0.174803844681,0.319889568168
613,0.315221130057,0.190910108213,0.174974884063,0.318893877667
614,0.315445979841,0.190495270315,0.174931362182,0.319127387662
615,0.316053583893,0.190705225727,0.175099815558,0.318141374822
616,0.315220247542,0.190870347074,0.17522705914,0.318682346244
617,0.31544352014,0.190458912556,0.175183831944,0.31891373536
618,0.315634953111,0.190418467493,0.174833637271,0.319112942126
619,0.314806355001,0.190581358482,0.174958981433,0.319653305084
620,0.315026728015,0.190173169802,0.174915122426,0.319884979757
621,0.315631615898,0.190383025872,0.175084483656,0.318900874574
622,0.31480806891,0.190544808505,0.175209591487,0.319437531098
623,0.315026928099,0.190139914652,0.175166033784,0.319667123464
624,0.314209682393,0.19029898038,0.175289455059,0.320201882169
625,0.310196786559,0.187717438978,0.172888727465,0.329197046998
626,0.309383021568,0.187864356319,0.173001223148,0.329751398966
627,0.309584854553,0.187461808239,0.172953154447,0.33000018276
628,0.309785251089,0.187063042488,0.172904223869,0.330247482554
629,0.308975965765,0.187207025032,0.173015588198,0.330801421005
630,0.309173326998,0.186811654845,0.172966316327,0.33104870183
631,0.308370077355,0.186953066642,0.173076057764,0.33160079824
632,0.307574364617,0.187092252504,0.173183709285,0.332149673594
633,0.307767147233,0.186699911101,0.173134591552,0.332398350114
634,0.308389287885,0.186929419898,0.1733267357,0.331354556517
635,0.309006285712,0.187155334271,0.173515499053,0.330322880963
636,0.309618239986,0.187377722302,0.173700945927,0.329303091785
637,0.309814716883,0.186988201937,0.173653034119,0.329544047061
638,0.310423373044,0.187206870386,0.173835884494,0.328533872077
639,0.298594083146,0.179930080748,0.167059394009,0.354416442097
640,0.29873765275,0.179873733621,0.166706495145,0.354682118484
641,0.298899871791,0.179485245392,0.166644822914,0.354970059903
642,0.299060804661,0.179100184738,0.166582408011,0.35525660259
643,0.299036827578,0.17894264156,0.166696972191,0.355323558671
644,0.282014554146,0.168621644462,0.157064933348,0.392298868043
645,0.282125038688,0.168237391862,0.156983505113,0.392654064337
646,0.281302703391,0.168312826974,0.157037010476,0.393347459159
647,0.280487814655,0.168386254457,0.15708862959,0.394037301298
648,0.279680250154,0.168457706695,0.157138393269,0.394723649882
649,0.267032457748,0.160713678891,0.149898599922,0.422355263439
650,0.267089242527,0.160621948857,0.149544734338,0.422744074278
651,0.266281805953,0.160664229003,0.149567629663,0.423486335381
652,0.265481446318,0.160704683576,0.149588818836,0.42422505127
653,0.264688048929,0.160743341773,0.149608329592,0.424960279706
654,0.265505195853,0.161116297842,0.149938940373,0.423439565933
655,0.266315188722,0.161484251593,0.150264821769,0.421935737915
656,0.265526562019,0.161524952704,0.150286146985,0.422662338292
657,0.266328476033,0.161889873681,0.15060909332,0.421172556967
658,0.265545601965,0.161930694056,0.150630483235,0.421893220745
659,0.264769418286,0.161969776254,0.150650249913,0.422610555547
660,0.265562371219,0.162333566871,0.150971992793,0.421132069117
661,0.265632195476,0.161947836074,0.150882327991,0.421537640459
662,0.264860274698,0.161986762841,0.150902412341,0.42225055012
663,0.264094868993,0.16202399644,0.150920913509,0.422960221057
664,0.264148074692,0.161937082878,0.150568333701,0.423346508729
665,0.263387793541,0.161972869375,0.150585074154,0.424054262929
666,0.263438578628,0.161885519829,0.15023556675,0.424440334793
667,0.263503367375,0.1615016539,0.150145658109,0.424849320616
668,0.262929208335,0.16103133946,0.151811698922,0.424227753283
669,0.262992173066,0.160650970056,0.151723065452,0.424633791427
670,0.263783660465,0.161015606021,0.152054421797,0.423146311717
671,0.263839398346,0.16093084069,0.15169495396,0.423534807004
672,0.263078892837,0.160966170946,0.151714872698,0.424240063519
673,0.263141612423,0.160588279599,0.151626605376,0.424643502603
674,0.262386162885,0.160621702838,0.15164520468,0.425346929597
675,0.263173036477,0.160985956472,0.15197611463,0.423864892421
676,0.244555407121,0.149488289974,0.141109875354,0.464846427551
677,0.243801065897,0.149485218613,0.141094918961,0.465618796528
678,0.244659705798,0.149903179199,0.141477330422,0.463959784582
679,0.243910485069,0.149900480122,0.141462694455,0.464726340354
680,0.243924231867,0.149524092618,0.141357042884,0.465194632631
681,0.243179905646,0.14951969919,0.141341196836,0.465959198328
682,0.242441535277,0.149513882047,0.141324006713,0.466720575963
683,0.242452010508,0.149139980847,0.141218150511,0.467189858133
684,0.24246149561,0.14876900577,0.141111797084,0.467657701536
685,0.241726771867,0.148761306449,0.141093577501,0.468418344183
