episode,omega2,omega3,omega4,omega
1,0.25,0.25,0.25,0.25
2,0.25,0.25,0.25,0.25
3,0.25,0.25,0.25,0.25
4,0.25,0.25,0.25,0.25
5,0.25,0.25,0.25,0.25
6,0.25,0.25,0.25,0.25
7,0.25,0.25,0.25,0.25
8,0.25,0.25,0.25,0.25
9,0.25,0.25,0.25,0.25
10,0.25,0.25,0.25,0.25
11,0.25,0.25,0.25,0.25
12,0.25,0.25,0.25,0.25
13,0.25,0.25,0.25,0.25
14,0.25,0.25,0.25,0.25
15,0.25,0.25,0.25,0.25
16,0.25,0.25,0.25,0.25
17,0.25,0.25,0.25,0.25
18,0.25,0.25,0.25,0.25
19,0.25,0.25,0.25,0.25
20,0.25,0.25,0.25,0.25
21,0.25,0.25,0.25,0.25
22,0.25,0.25,0.25,0.25
23,0.25,0.25,0.25,0.25
24,0.25,0.25,0.25,0.25
25,0.25,0.25,0.25,0.25
26,0.25,0.25,0.25,0.25
27,0.25,0.25,0.25,0.25
28,0.25,0.25,0.25,0.25
29,0.25,0.25,0.25,0.25
30,0.25,0.25,0.25,0.25
31,0.25,0.25,0.25,0.25
32,0.25,0.25,0.25,0.25
33,0.25,0.25,0.25,0.25
34,0.25,0.25,0.25,0.25
35,0.25,0.25,0.25,0.25
36,0.25,0.25,0.25,0.25
37,0.25,0.25,0.25,0.25
38,0.25,0.25,0.25,0.25
39,0.25,0.25,0.25,0.25
40,0.25,0.25,0.25,0.25
41,0.25,0.25,0.25,0.25
42,0.25,0.25,0.25,0.25
43,0.25,0.25,0.25,0.25
44,0.25,0.25,0.25,0.25
45,0.25,0.25,0.25,0.25
46,0.25,0.25,0.25,0.25
47,0.25,0.25,0.25,0.25
48,0.25,0.25,0.25,0.25
49,0.25,0.25,0.25,0.25
50,0.25,0.25,0.25,0.25
51,0.25,0.25,0.25,0.25
52,0.25,0.25,0.25,0.25
53,0.25,0.25,0.25,0.25
54,0.25,0.25,0.25,0.25
55,0.247801806819,0.256594579544,0.247801806819,0.247801806819
56,0.247760743475,0.256717769574,0.247760743475,0.247760743475
57,0.247719667228,0.256840998315,0.247719667228,0.247719667228
58,0.247678578081,0.256964265757,0.247678578081,0.247678578081
59,0.247786409577,0.256640771268,0.247786409577,0.247786409577
60,0.247881481171,0.256355556486,0.247881481171,0.247881481171
61,0.247845271586,0.256464185241,0.247845271586,0.247845271586
62,0.247809051952,0.256572844145,0.247809051952,0.247809051952
63,0.247772822269,0.256681533194,0.247772822269,0.247772822269
64,0.24773658254,0.256790252381,0.24773658254,0.24773658254
65,0.247829175211,0.256512474366,0.247829175211,0.247829175211
66,0.247794963824,0.256615108527,0.247794963824,0.247794963824
67,0.247879575654,0.256361273037,0.247879575654,0.247879575654
68,0.247955679396,0.256132961812,0.247955679396,0.247955679396
69,0.247924919406,0.256225241783,0.247924919406,0.247924919406
70,0.247894152152,0.256317543545,0.247894152152,0.247894152152
71,0.247965931112,0.256102206665,0.247965931112,0.247965931112
72,0.247936638354,0.256190084939,0.247936638354,0.247936638354
73,0.247907339007,0.256277982979,0.247907339007,0.247907339007
74,0.247878033073,0.256365900782,0.247878033073,0.247878033073
75,0.247848720551,0.256453838346,0.247848720551,0.247848720551
76,0.247819401444,0.256541795668,0.247819401444,0.247819401444
77,0.247790075752,0.256629772745,0.247790075752,0.247790075752
78,0.247760743475,0.256717769574,0.247760743475,0.247760743475
79,0.247731404615,0.256805786154,0.247731404615,0.247731404615
80,0.247807405366,0.256577783903,0.247807405366,0.247807405366
81,0.247779410231,0.256661769307,0.247779410231,0.247779410231
82,0.247751409098,0.256745772707,0.247751409098,0.247751409098
83,0.247723401966,0.256829794102,0.247723401966,0.247723401966
84,0.247695388837,0.256913833489,0.247695388837,0.247695388837
85,0.247667369711,0.256997890866,0.247667369711,0.247667369711
86,0.24763934459,0.25708196623,0.24763934459,0.24763934459
87,0.247611313474,0.257166059579,0.247611313474,0.247611313474
88,0.247583276363,0.25725017091,0.247583276363,0.247583276363
89,0.247662496208,0.257012511377,0.247662496208,0.247662496208
90,0.247735072333,0.256794783001,0.247735072333,0.247735072333
91,0.247709396151,0.256871811547,0.247709396151,0.247709396151
92,0.24768371493,0.25694885521,0.24768371493,0.24768371493
93,0.247752529258,0.256742412226,0.247752529258,0.247752529258
94,0.24772788351,0.25681634947,0.24772788351,0.24772788351
95,0.247703233117,0.256890300648,0.247703233117,0.247703233117
96,0.247768641274,0.256694076177,0.247768641274,0.247768641274
97,0.247829175211,0.256512474366,0.247829175211,0.247829175211
98,0.247806368616,0.256580894152,0.247806368616,0.247806368616
99,0.247783558037,0.256649325889,0.247783558037,0.247783558037
100,0.247760743475,0.256717769574,0.247760743475,0.247760743475
101,0.247737924931,0.256786225207,0.247737924931,0.247737924931
102,0.247797407792,0.256607776624,0.247797407792,0.247797407792
103,0.247775410436,0.256673768691,0.247775410436,0.247775410436
104,0.247831534287,0.256505397139,0.247831534287,0.247831534287
105,0.247810301072,0.256569096785,0.247810301072,0.247810301072
106,0.247789064403,0.25663280679,0.247789064403,0.247789064403
107,0.247767824283,0.256696527152,0.247767824283,0.247767824283
108,0.247822333651,0.256532999047,0.247822333651,0.247822333651
109,0.247873305692,0.256380082924,0.247873305692,0.247873305692
110,0.247853448823,0.256439653532,0.247853448823,0.247853448823
111,0.247901844646,0.256294466062,0.247901844646,0.247901844646
112,0.247882612559,0.256352162323,0.247882612559,0.247882612559
113,0.247863377635,0.256409867094,0.247863377635,0.247863377635
114,0.247844139875,0.256467580375,0.247844139875,0.247844139875
115,0.247824899278,0.256525302165,0.247824899278,0.247824899278
116,0.247805655846,0.256583032463,0.247805655846,0.247805655846
117,0.247786409577,0.256640771268,0.247786409577,0.247786409577
118,0.247767160473,0.25669851858,0.247767160473,0.247767160473
119,0.247747908534,0.256756274398,0.247747908534,0.247747908534
120,0.24772865376,0.25681403872,0.24772865376,0.24772865376
121,0.247779410231,0.256661769307,0.247779410231,0.247779410231
122,0.247760743475,0.256717769574,0.247760743475,0.247760743475
123,0.247742074053,0.25677377784,0.247742074053,0.247742074053
124,0.247723401966,0.256829794102,0.247723401966,0.247723401966
125,0.247704727213,0.256885818361,0.247704727213,0.247704727213
126,0.24775470366,0.25673588902,0.24775470366,0.24775470366
127,0.24773658254,0.256790252381,0.24773658254,0.24773658254
128,0.247718458908,0.256844623275,0.247718458908,0.247718458908
129,0.247700332766,0.256899001702,0.247700332766,0.247700332766
130,0.247682204113,0.256953387661,0.247682204113,0.247682204113
131,0.247664072949,0.257007781152,0.247664072949,0.247664072949
132,0.247645939276,0.257062182173,0.247645939276,0.247645939276
133,0.247696189295,0.256911432114,0.247696189295,0.247696189295
134,0.247678578081,0.256964265757,0.247678578081,0.247678578081
135,0.247660964498,0.257017106506,0.247660964498,0.247660964498
136,0.247643348546,0.257069954363,0.247643348546,0.247643348546
137,0.247692275897,0.25692317231,0.247692275897,0.247692275897
138,0.247675153403,0.25697453979,0.247675153403,0.247675153403
139,0.24765802867,0.257025913989,0.24765802867,0.24765802867
140,0.247640901698,0.257077294905,0.247640901698,0.247640901698
141,0.247623772488,0.257128682537,0.247623772488,0.247623772488
142,0.247606641038,0.257180076885,0.247606641038,0.247606641038
143,0.24758950735,0.257231477949,0.24758950735,0.24758950735
144,0.247572371424,0.257282885728,0.247572371424,0.247572371424
145,0.247621920547,0.257134238359,0.247621920547,0.247621920547
146,0.239296735681,0.248554300258,0.27285222838,0.239296735681
147,0.239281853979,0.248354002588,0.273082289454,0.239281853979
148,0.239396474209,0.248536308277,0.272670743306,0.239396474209
149,0.239505428471,0.248712806986,0.272276336072,0.239505428471
150,0.23960907742,0.248883868859,0.271897976301,0.23960907742
151,0.239707751745,0.249049833282,0.271534663228,0.239707751745
152,0.239801755213,0.249211012017,0.271185477557,0.239801755213
153,0.239891367357,0.24936769195,0.270849573335,0.239891367357
154,0.239884015239,0.249174334345,0.271057635176,0.239884015239
155,0.239874364037,0.248988015268,0.271263256659,0.239874364037
156,0.239807937967,0.248979345844,0.271404778221,0.239807937967
157,0.239741503699,0.248970649105,0.271546343496,0.239741503699
158,0.239675061243,0.248961925047,0.271687952468,0.239675061243
159,0.239608610609,0.248953173664,0.271829605118,0.239608610609
160,0.239701134959,0.249109618338,0.271488111745,0.239701134959
161,0.23963570635,0.249101931677,0.271626655624,0.23963570635
162,0.239626998423,0.248916410042,0.271829593113,0.239626998423
163,0.239561889338,0.248907570296,0.271968651029,0.239561889338
164,0.239551411281,0.248727347617,0.272169829822,0.239551411281
165,0.239486604633,0.24871740841,0.272309382325,0.239486604633
166,0.239421789895,0.248707442984,0.272448977227,0.239421789895
167,0.2395169246,0.24886365092,0.27210249988,0.2395169246
168,0.239453095676,0.248854712681,0.272239095966,0.239453095676
169,0.239545049523,0.249007693672,0.271902207283,0.239545049523
170,0.239633060467,0.24915663239,0.271577246676,0.239633060467
171,0.239717343508,0.24930174961,0.271263563375,0.239717343508
172,0.239656268862,0.249295716256,0.271391746021,0.239656268862
173,0.239595187773,0.249289660153,0.271519964302,0.239595187773
174,0.239677650129,0.249432973926,0.271211725815,0.239677650129
175,0.239617416908,0.249427802743,0.271337363441,0.239617416908
176,0.239697299315,0.24956850177,0.271036899601,0.239697299315
177,0.239694319957,0.249387453498,0.271223906588,0.239694319957
178,0.239772111216,0.249524588665,0.270931188902,0.239772111216
179,0.239713791699,0.249520094115,0.271052322487,0.239713791699
180,0.239789232035,0.249654847994,0.270766687935,0.239789232035
181,0.239731675636,0.249651150128,0.270885498601,0.239731675636
182,0.239674113921,0.24964743239,0.271004339769,0.239674113921
183,0.239672266975,0.24946920803,0.271186258021,0.239672266975
184,0.239614986427,0.249464493808,0.271305533338,0.239614986427
185,0.239557700421,0.249459759736,0.271424839422,0.239557700421
186,0.23955446347,0.249285610112,0.271605462947,0.23955446347
187,0.239497444647,0.249279923064,0.271725187643,0.239497444647
188,0.23949263293,0.249110511912,0.271904222229,0.23949263293
189,0.239435868364,0.249103912508,0.272024350763,0.239435868364
190,0.239379098066,0.249097293313,0.272144510556,0.239379098066
191,0.23932232204,0.249090654323,0.272264701598,0.23932232204
192,0.239403982887,0.249228119233,0.271963914993,0.239403982887
193,0.239482524656,0.249362383236,0.271672567452,0.239482524656
194,0.23947882161,0.24919548345,0.271846873331,0.23947882161
195,0.233567857521,0.243094777566,0.265311196068,0.258026168846
196,0.233610444681,0.243189212108,0.264994613792,0.258205729419
197,0.233575533301,0.242998418713,0.265126343452,0.258299704533
198,0.233493084567,0.242961664377,0.265204139194,0.258341111861
199,0.233534425126,0.243053720483,0.264892327668,0.258519526723
200,0.23357307505,0.243143002976,0.264588845305,0.258695076669
201,0.233538624093,0.242956018496,0.26471562351,0.258789733901
202,0.233575557722,0.243042477655,0.264418400905,0.258963563718
203,0.233618086271,0.24313478434,0.264629784692,0.258617344697
204,0.233583863335,0.242952172195,0.264754335143,0.258709629327
205,0.233548245937,0.242774000957,0.264877357009,0.258800396097
206,0.233588736948,0.242862209831,0.265086801053,0.258462252168
207,0.233627378531,0.242948520241,0.264791463665,0.258632637563
208,0.233663587693,0.243032324725,0.264503653476,0.258800434105
209,0.233629055367,0.242858002567,0.264622999108,0.258889942958
210,0.233663709187,0.24293927121,0.264340837818,0.259056181786
211,0.233628673954,0.242768859462,0.264457245305,0.259145221278
212,0.233551964052,0.242733503151,0.264526496385,0.259188036412
213,0.233594707671,0.242822298048,0.264731112826,0.258851881455
214,0.233633998276,0.242907527223,0.264931963086,0.258526511415
215,0.233670023572,0.242989383901,0.264651287363,0.258689305163
216,0.233594942779,0.242955703985,0.264720218774,0.258729134462
217,0.233629270645,0.24303581739,0.264444730453,0.258890181512
218,0.233596383884,0.242867597906,0.264559212542,0.258976805668
219,0.233522010828,0.242833824428,0.26462672675,0.259017437994
220,0.23356205643,0.242919033524,0.264823964752,0.258694945294
221,0.23352888983,0.242753880233,0.264938282806,0.258778947131
222,0.233494594185,0.242592323271,0.265051363227,0.258861719318
223,0.233530499731,0.242671595861,0.264775527756,0.259022376652
224,0.233457499939,0.242637700818,0.264842521357,0.259062277886
225,0.233422988406,0.242478929047,0.264953193166,0.259144889381
226,0.233350164872,0.242444473467,0.265020393731,0.25918496793
227,0.233391190152,0.242528305097,0.265216959027,0.258863545724
228,0.233356494384,0.24237221831,0.265327566685,0.258943720621
229,0.233395053987,0.242452752111,0.26552155347,0.258630640433
230,0.233323375157,0.242418770312,0.265590191277,0.258667663254
231,0.233362090318,0.242499486919,0.265311315362,0.258827107401
232,0.23339867903,0.242578013643,0.26503902418,0.258984283147
233,0.233365121508,0.242424402601,0.265146798773,0.259063677118
234,0.233294562859,0.242390893025,0.265212548301,0.259101995815
235,0.233330205235,0.24246772591,0.264943770095,0.25925829876
236,0.233296468795,0.242316617721,0.265049346585,0.259337566899
237,0.233261811873,0.242168444697,0.26515391327,0.259415830161
238,0.233296698691,0.242243123886,0.264888690081,0.259571487342
239,0.233329655599,0.242315816447,0.264629444073,0.259725083881
240,0.233373119943,0.242399439826,0.264818764556,0.259408675675
241,0.233405195731,0.242471252737,0.264564382694,0.259559168838
242,0.233435476643,0.242541217451,0.264315558387,0.259707747518
243,0.233464031157,0.242609404247,0.264072079266,0.25985448533
244,0.233507321599,0.242692922184,0.264255534635,0.259544221581
245,0.233547709898,0.242773443743,0.264435822395,0.259243023964
246,0.233516927017,0.24262770908,0.264535600206,0.259319763697
247,0.233546193851,0.242696028529,0.264294542441,0.259463235178
248,0.233573829202,0.242762667738,0.264058534407,0.259604968653
249,0.233599893048,0.242827688261,0.26382739017,0.259745028521
250,0.233534839801,0.242797991926,0.26388336607,0.259783802203
251,0.233559751881,0.242861828797,0.263655737695,0.259922681627
252,0.233583194974,0.242924151956,0.263432656233,0.260059996837
253,0.233554304624,0.242780298977,0.263526304831,0.260139091568
254,0.233490112008,0.242750888065,0.263580130996,0.260178868931
255,0.233460492392,0.242609338221,0.263672995377,0.26025717401
256,0.233483855358,0.242670338981,0.263451217982,0.26039458768
257,0.233453900287,0.242531328081,0.263542189113,0.260472582519
258,0.233476350911,0.242590797135,0.263323759663,0.260609092292
259,0.233497448816,0.242648872791,0.263109517764,0.260744160629
260,0.233467646661,0.242512207806,0.263197712578,0.260822432955
261,0.233437081128,0.242377975853,0.263285071679,0.26089987134
262,0.233405786192,0.242246068916,0.263371632213,0.26097651268
263,0.233455089529,0.24233175367,0.263549204465,0.260663952336
264,0.233423653946,0.242202108907,0.263635695714,0.260738541432
265,0.233446078285,0.242259380284,0.263421206443,0.260873334989
266,0.233414416907,0.242131823667,0.263506029212,0.260947730214
267,0.233382109697,0.242006325753,0.263590145018,0.261021419533
268,0.233404104404,0.242062152264,0.263377860251,0.261155883081
269,0.233424826623,0.242116669632,0.263169514555,0.26128898919
270,0.233444318514,0.242169921055,0.262964977124,0.261420783307
271,0.233412662769,0.242046262496,0.26304573404,0.261495340694
272,0.233431373776,0.242098230912,0.262844030482,0.26162636483
273,0.233483886002,0.242185269837,0.263018311552,0.26131253261
274,0.233533527275,0.242269349455,0.26318945934,0.26100766393
275,0.233552597061,0.242321727965,0.262990329169,0.261135345805
276,0.233570532025,0.242372938594,0.262794710344,0.261261819037
277,0.233511745183,0.242344534741,0.262841220733,0.261302499343
278,0.233528856747,0.242394898785,0.262648109194,0.261428135273
279,0.233578339049,0.242478876224,0.262815229916,0.261127554811
280,0.233625162725,0.242560111567,0.2629794525,0.260835273208
281,0.233567416508,0.242532780624,0.263026008403,0.260873794465
282,0.233509677259,0.242505445175,0.263072564318,0.260912313248
283,0.233527679445,0.242556767874,0.26288006771,0.26103548497
284,0.23354462068,0.242606997874,0.262690854549,0.261157526897
285,0.233560533616,0.242656168655,0.262504823555,0.261278474173
286,0.233575449577,0.242704312334,0.262321877571,0.261398360517
287,0.233548626702,0.242581207141,0.262398594461,0.261471571696
288,0.233492041798,0.242554613587,0.262441878208,0.261511466407
289,0.23354062528,0.242637273508,0.262603409666,0.261218691545
290,0.233586693556,0.242717337573,0.262762199814,0.260933769057
291,0.233530828608,0.242691486878,0.262806364129,0.260971320385
292,0.233574834853,0.242769427637,0.2629629577,0.260692779811
293,0.233548989936,0.242647704201,0.263040963449,0.260762342415
294,0.233566123595,0.242697268991,0.26285668243,0.260879924984
295,0.233510952401,0.242671701192,0.262900578088,0.260916768319
296,0.233554062233,0.242748272548,0.263055161673,0.260642503547
297,0.233499227541,0.242723046208,0.263099466426,0.260678259825
298,0.233540421043,0.242797643726,0.263252009266,0.260409925966
299,0.233515387685,0.242677157488,0.263329949842,0.260477504986
300,0.233533632367,0.242727462025,0.263145514353,0.260593391255
301,0.233479464046,0.242702502005,0.263189539656,0.260628494292
302,0.233496976111,0.242752053057,0.263007338067,0.260743632765
303,0.233443053609,0.242727337264,0.263050587981,0.260779021146
304,0.233484353897,0.242801633727,0.263201173281,0.260512839095
305,0.233460019431,0.242682289277,0.26327781884,0.260579872452
306,0.233477755201,0.242731657836,0.263096692438,0.260693894525
307,0.233494555348,0.242780062206,0.262918462528,0.260806919919
308,0.233535333678,0.242853409886,0.263066392733,0.260544863704
309,0.233511487705,0.24273579068,0.263141573716,0.260611147899
310,0.233528285389,0.242783788962,0.262965102771,0.260722822878
311,0.233544190867,0.242830867794,0.262791393434,0.260833547904
312,0.233559229316,0.24287705301,0.262620367617,0.260943350056
313,0.233600056875,0.242950067341,0.26276534175,0.260684534034
314,0.233614807953,0.242995972575,0.262596544392,0.26079267508
315,0.233654184118,0.243067502682,0.262738953433,0.260539359767
316,0.233668653243,0.2431131332,0.262572329723,0.260645883834
317,0.23368231686,0.243157933182,0.26240819832,0.260751551638
318,0.233660574451,0.243041617184,0.262480068063,0.260817740302
319,0.233638258259,0.242927128497,0.262551310428,0.260883302816
320,0.233615389992,0.242814398134,0.262621949112,0.260948262763
321,0.233655048048,0.242885022025,0.262762919901,0.260697010025
322,0.233632025057,0.242773984854,0.262833443303,0.260760546785
323,0.233646619073,0.242818183176,0.262669101923,0.260866095828
324,0.233660431087,0.242861575802,0.262507179936,0.260970813175
325,0.233637473187,0.24275203348,0.26257600335,0.261034489982
326,0.233614015612,0.242644082537,0.262644280505,0.261097621346
327,0.233590076365,0.24253766577,0.262712031043,0.261160226822
328,0.233540552297,0.242514206056,0.262751011415,0.261194230232
329,0.233516222694,0.242409021911,0.262818341673,0.261256413722
330,0.233466777881,0.242385311865,0.262857409421,0.261290500832
331,0.233417338159,0.242361598554,0.262896476919,0.261324586367
332,0.233432097138,0.242404543001,0.262732796375,0.261430563487
333,0.233446089914,0.242446698345,0.262571487598,0.261535724143
334,0.233488552862,0.242518431368,0.262712266996,0.261280748774
335,0.233439777114,0.242495399553,0.262750418575,0.261314404757
336,0.233416122306,0.242390844584,0.262816849357,0.261376183753
337,0.233457295231,0.242460905712,0.26295631342,0.261125485636
338,0.233433545438,0.242357793227,0.263022691233,0.261185970102
339,0.233448518632,0.242400323399,0.262861350971,0.261289806999
340,0.23346274754,0.242442087125,0.26270231456,0.261392850775
341,0.233476251382,0.242483104109,0.262545522372,0.261495122137
342,0.233517377963,0.24255281876,0.26268241335,0.261247389928
343,0.233494325356,0.242450953843,0.262747147814,0.261307572986
344,0.233470848969,0.242350439454,0.262811418632,0.261367292945
345,0.233484635437,0.242391127448,0.262655484241,0.261468752874
346,0.233525096247,0.242459516302,0.262790919522,0.26122446793
347,0.233538653053,0.242499980808,0.262636842813,0.261324523325
348,0.233515600721,0.242400703614,0.262700057621,0.261383638045
349,0.233492147561,0.242302703651,0.262762834008,0.26144231478
350,0.233505511737,0.242342364417,0.262609883847,0.261542239999
351,0.233481914312,0.242245557615,0.262671738509,0.261600789565
352,0.233522507915,0.242313183781,0.262805845532,0.261358462771
353,0.233498854168,0.242217612571,0.262867684877,0.261415848384
354,0.233452723416,0.24219498163,0.262904223458,0.261448071496
355,0.233428764283,0.242100375007,0.262965733962,0.261505126749
356,0.233404449589,0.24200690177,0.263026855399,0.261561793242
357,0.233358442992,0.241983869358,0.263063535038,0.261594152613
358,0.233333841962,0.241891300885,0.263124348054,0.261650509099
359,0.233374435429,0.241957793335,0.263258715044,0.261409056192
360,0.233349807368,0.241866339303,0.26331954458,0.261464308748
361,0.233365167407,0.241906413393,0.263164028977,0.261564390223
362,0.23337984097,0.241945781404,0.263010638424,0.261663739203
363,0.23339384493,0.241984460615,0.262859320565,0.26176237389
364,0.233434364739,0.242050639713,0.262991315954,0.261523679594
365,0.233389453157,0.242028236026,0.263027089552,0.261555221265
366,0.233428539765,0.242092941486,0.263157554314,0.261320964435
367,0.233383860412,0.242070773596,0.263193611153,0.261351754839
368,0.233360302619,0.241980007592,0.263253490491,0.261406199298
369,0.233336420364,0.241890276146,0.263313014624,0.261460288866
370,0.233374699358,0.24195362856,0.263442719568,0.261228952513
371,0.233330356634,0.241931323755,0.263479183967,0.261259135644
372,0.233286017899,0.241909016405,0.263515648402,0.261289317293
373,0.233301751815,0.241949001598,0.263362449355,0.261386797233
374,0.233316823123,0.241988305064,0.263211302063,0.26148356975
375,0.233354802089,0.242051375278,0.263339249115,0.261254573519
376,0.23336963827,0.242090447906,0.26318982341,0.261350090415
377,0.233406490643,0.242152367014,0.263315809217,0.261125333125
378,0.233421095646,0.242191212671,0.263168068507,0.261219623177
379,0.233398722852,0.242102143691,0.263226581104,0.261272552354
380,0.233376034332,0.242014081249,0.263284748102,0.261325136316
381,0.233412340531,0.242074944357,0.263409501935,0.261103213177
382,0.233369381927,0.242053602484,0.263444828461,0.261132187128
383,0.233346706913,0.241966378601,0.263503055718,0.261183858768
384,0.233361870779,0.242005081502,0.263355144176,0.261277903543
385,0.233376414649,0.24204314655,0.263209152093,0.261371286708
386,0.233353855557,0.241956837994,0.263266170156,0.261423136292
387,0.220074224762,0.228209089836,0.248362091001,0.303354594401
388,0.220047425528,0.228202757959,0.248179866074,0.303569950439
389,0.220020059621,0.228195835143,0.247999432792,0.303784672444
390,0.220185686883,0.228389092477,0.248262705899,0.303162514741
391,0.22034688094,0.228577785335,0.24852111782,0.302554215904
392,0.220503794078,0.228762070415,0.2487748358,0.301959299707
393,0.220478444839,0.228757281913,0.248596831663,0.302167441585
394,0.220452547049,0.228751921282,0.248420561132,0.302374970538
395,0.220377565632,0.228695621354,0.248411552923,0.30251526009
396,0.220351238711,0.228689804502,0.248236534688,0.302722422099
397,0.220276366911,0.228633597872,0.248227059024,0.302862976193
398,0.220432835995,0.22881751913,0.248478329244,0.30227131563
399,0.220406906149,0.228812118249,0.248304754523,0.302476221078
400,0.220332756051,0.228756650491,0.248295560108,0.30261503335
401,0.220306411327,0.228750808041,0.248123195282,0.30281958535
402,0.220250627332,0.228631480569,0.248134118413,0.302983773686
403,0.220223918194,0.228625046089,0.247962975997,0.30318805972
404,0.220150013815,0.228569608212,0.247952925569,0.303327452404
405,0.22030668834,0.228753577672,0.248202623146,0.302737110842
406,0.220233387381,0.228698764087,0.248193274334,0.302874574197
407,0.22020717719,0.228692843715,0.248023100439,0.303076878655
408,0.220133979311,0.228638117358,0.248013310665,0.303214592666
409,0.220107373247,0.228631775062,0.247844289469,0.303416562222
410,0.220052520063,0.228513174038,0.247854613144,0.303579692756
411,0.220208572068,0.228696320774,0.24810254254,0.302992564617
412,0.220360662603,0.228875384815,0.248346130651,0.302417821931
413,0.220508920662,0.229050499016,0.248585519047,0.301855061275
414,0.220484265846,0.229046016224,0.248418283667,0.302051434263
415,0.22045912763,0.229041028438,0.248252575446,0.302247268487
416,0.220387989723,0.228988243034,0.248243654699,0.302380112544
417,0.220362473792,0.22898285261,0.248079047438,0.30257562616
418,0.220509782298,0.229157060979,0.248315592317,0.302017564406
419,0.220484534149,0.229151959544,0.248152650901,0.302210855406
420,0.220628919469,0.229323173379,0.248385391916,0.301662515235
421,0.212812194771,0.22121882256,0.274776830602,0.291192152068
422,0.212743246196,0.221086537784,0.274854991005,0.291315225014
423,0.212657105836,0.22101721336,0.274910920209,0.291414760596
424,0.212768525329,0.221153219631,0.275222365177,0.290855889863
425,0.201231924584,0.209181101983,0.260457859223,0.32912911421
426,0.201134604351,0.209023167698,0.260490343265,0.329351884686
427,0.20111499102,0.209021704786,0.260161184953,0.329702119241
428,0.20132766332,0.20926167955,0.260593721382,0.328816935748
429,0.187940486568,0.19536461806,0.243412725098,0.373282170274
430,0.187797050881,0.195233187883,0.243373975463,0.373595785774
431,0.187653636926,0.195101754906,0.243335118228,0.37390948994
432,0.187980616006,0.195459404102,0.243906464095,0.372653515798
433,0.187838371898,0.195329181105,0.243869222644,0.372963224353
434,0.187777574727,0.195283635557,0.243503839214,0.373434950502
435,0.187715851652,0.19523711716,0.24314164137,0.373905389818
436,0.187653221425,0.195189645157,0.242782561917,0.374374571501
437,0.187524762772,0.195002411796,0.242760063903,0.374712761529
438,0.187396100126,0.194816037244,0.242737189832,0.375050672798
439,0.187267239562,0.194630498357,0.242713946984,0.375388315097
440,0.18720417182,0.194582083151,0.242355566387,0.375858178643
441,0.187534858771,0.194942966924,0.242926515335,0.37459565897
442,0.18785799213,0.195296060072,0.243488261786,0.373357686011
443,0.187987152034,0.195447542476,0.243799022535,0.372766282955
444,0.174944472368,0.181903271722,0.22701756176,0.41613469415
445,0.174844485652,0.181815316071,0.226629018439,0.416711179839
446,0.174743689221,0.181726501449,0.226243415233,0.417286394098
447,0.174575328796,0.181567399718,0.226156666286,0.417700605201
448,0.174407000487,0.181408301963,0.22606978197,0.41811491558
449,0.174830021647,0.181864317229,0.226749684371,0.416555976752
450,0.174674395856,0.181653718615,0.226679375303,0.416992510226
451,0.175089889654,0.182101702993,0.227350494786,0.415457912568
452,0.174992325351,0.182016113103,0.226967075949,0.416024485597
453,0.174893968823,0.181929682795,0.226586533645,0.416589814738
454,0.174794835646,0.181842428053,0.226208809637,0.417153926664
455,0.17520706519,0.18228718359,0.226871389401,0.415634361819
456,0.175108982206,0.182201034772,0.226497150367,0.416192832655
457,0.175514423947,0.182638833124,0.227150002284,0.414696740645
458,0.175417368936,0.182553766972,0.226779189806,0.415249674286
459,0.175816197349,0.182984786764,0.227422557296,0.413776458591
460,0.175654986592,0.182832955764,0.227341744824,0.41417031282
461,0.175505292874,0.18262762401,0.227275683973,0.414591399143
462,0.175898533247,0.183052652214,0.227912960527,0.413135854012
463,0.175738634809,0.182902066794,0.227833773009,0.413525525388
464,0.176125109887,0.183320147848,0.228463160538,0.412091581726
465,0.175977910852,0.183117740028,0.228400531647,0.412503817474
466,0.176357864175,0.183528839074,0.2290223322,0.411090964551
467,0.176200458719,0.183380750726,0.228946541042,0.411472249512
468,0.176573977267,0.183785242534,0.229560837624,0.410079942576
469,0.16370457678,0.170404862188,0.212949180028,0.452941381004
470,0.164161941376,0.170895593672,0.213664159933,0.451278305018
471,0.164610693918,0.171377441956,0.214368661061,0.449643203065
472,0.164440189347,0.171153981521,0.21426698931,0.450138839821
473,0.151669707233,0.157875516699,0.19773802725,0.492716748818
474,0.152193327509,0.158434021908,0.198532225297,0.490840425286
475,0.152040208225,0.158288071731,0.198109706634,0.491562013409
476,0.152556521321,0.15883909652,0.198893495816,0.489710886343
477,0.153063786077,0.159380792032,0.199666295514,0.487889126376
478,0.152871391524,0.159137891268,0.199526705853,0.488464011354
479,0.152678915172,0.158895756565,0.199386791145,0.489038537117
480,0.153180303045,0.159430871487,0.200153296731,0.487235528737
481,0.153673010752,0.159957039549,0.200909248082,0.485460701617
482,0.153483393844,0.159718173989,0.200773424635,0.486025007532
483,0.153285430382,0.159525374276,0.200626462461,0.486562732881
484,0.153095804159,0.159287235626,0.200490191708,0.487126768507
485,0.15295002383,0.159148622278,0.200070798649,0.487830555242
486,0.153440322701,0.159671896981,0.200823549871,0.486064230447
487,0.153295745559,0.159534542459,0.200407625488,0.486762086494
488,0.153099437316,0.159343323451,0.200261381804,0.48729585743
489,0.15295431585,0.159205350685,0.199847613099,0.487992720366
490,0.153441196461,0.159725239336,0.200593655223,0.48623990898
491,0.153246375678,0.159535534169,0.200448778535,0.486769311619
492,0.153726335792,0.160048328027,0.201186791055,0.485038545126
493,0.154198216066,0.160552792183,0.201914972258,0.483334019493
494,0.154662193596,0.161049108982,0.202633537368,0.481655160055
495,0.154479823611,0.160817605554,0.202505541211,0.482197029623
496,0.154937409329,0.161307092931,0.203216713089,0.480538784651
497,0.155387415076,0.161788766689,0.203918656379,0.478905161856
498,0.155199163924,0.161605913122,0.203783249075,0.479411673879
499,0.155019427411,0.161377377242,0.20365881828,0.479944377068
500,0.154884463923,0.161249892833,0.203249683546,0.480615959699
501,0.155331267155,0.1617281118,0.203947047896,0.478993573149
502,0.15515281945,0.161501372841,0.203823721718,0.479522085991
503,0.154966056893,0.161319880827,0.203689271511,0.480024790769
504,0.155408049342,0.161792945951,0.204381507774,0.478417496934
505,0.155275924837,0.161668333545,0.203975222032,0.479080519585
506,0.155098806762,0.161443349315,0.203852861751,0.479604982173
507,0.155536511236,0.161911812389,0.204538833733,0.478012842642
508,0.155360573496,0.161688583386,0.2044180795,0.478532763618
509,0.155792455419,0.162150824326,0.205097315676,0.476959404579
510,0.156217402895,0.162605919034,0.20576809343,0.475408584641
511,0.156035648723,0.162429521947,0.205639963028,0.475894866302
512,0.155907944269,0.162309365015,0.20523648404,0.476546206676
513,0.15632882968,0.162760347529,0.205901272314,0.475009550477
514,0.156743034665,0.163204444251,0.206557913063,0.473494608021
515,0.156572021642,0.162986010774,0.206443578343,0.47399838924
516,0.156980864788,0.163424366714,0.207094025004,0.472500743494
517,0.157383284893,0.163856102935,0.20773663387,0.471023978303
518,0.15777941295,0.16428135427,0.208371564751,0.469567668029
519,0.158169376614,0.164700252118,0.208998973405,0.468131397863
520,0.158553300302,0.165112924543,0.209619011657,0.466714763498
521,0.158931305281,0.165519496378,0.210231827508,0.465317370834
522,0.159303509769,0.165920089309,0.210837565252,0.46393883567
523,0.159131765448,0.165754158151,0.210723592537,0.464390483863
524,0.147597441847,0.15375183367,0.195554918644,0.503095805838
525,0.147455256777,0.153615718263,0.195137998019,0.50379102694
526,0.147881698098,0.154072009681,0.195807007859,0.502239284362
527,0.147698973194,0.153843081845,0.195669662083,0.502788282878
528,0.148120409829,0.154294004708,0.19633292674,0.501252658723
529,0.147938780192,0.154066712861,0.196197055787,0.501797451161
530,0.148355300161,0.154512362809,0.196854676224,0.500277660805
531,0.148217149592,0.154380345401,0.196440905767,0.50096159924
532,0.148629181419,0.154821411027,0.197091717819,0.499457689735
533,0.136721222495,0.142428287451,0.181397392378,0.539453097676
534,0.136516308538,0.142225752327,0.181221808799,0.540036130336
535,0.136317768058,0.141983926919,0.181054452386,0.540643852638
536,0.13677795089,0.142474102907,0.181762234671,0.538985711532
537,0.136580548735,0.14223389967,0.181596398619,0.539589152976
538,0.137035716601,0.142718706783,0.182298447985,0.537947128631
539,0.136875932849,0.142563083794,0.181871024434,0.538689958924
540,0.137326499165,0.143043194456,0.182566128327,0.537064178052
541,0.137771112587,0.143517175791,0.183253997923,0.535457713698
542,0.138209872977,0.143985130433,0.183934754099,0.533870242491
543,0.138642878222,0.144447158989,0.184608515367,0.532301447422
544,0.13907022427,0.144903360082,0.185275397923,0.530751017725
545,0.139492005176,0.145353830385,0.185935515693,0.529218648746
546,0.139302338721,0.14512077747,0.185780821483,0.529796062325
547,0.139719701855,0.145566502213,0.186435905796,0.528277890135
548,0.140131673377,0.146006675417,0.187084432434,0.526777218772
549,0.139944092076,0.145776032674,0.186932729419,0.527347145831
550,0.139795182647,0.145631767494,0.186510229593,0.528062820267
551,0.139601315176,0.145440641434,0.186349413686,0.528608629704
552,0.139407546134,0.145249588639,0.186188508825,0.529154356402
553,0.139258273755,0.145104871371,0.18576792474,0.529868930134
554,0.139064682752,0.144913949001,0.185606547335,0.530414820912
555,0.127649123661,0.133028145424,0.170459417804,0.568863313111
556,0.128103595019,0.133511714648,0.171155634714,0.567229055619
557,0.127896138378,0.133305431332,0.170967686928,0.567830743362
558,0.127694209499,0.133062719442,0.170786889392,0.568456181667
559,0.128145191434,0.133542534717,0.171479559582,0.566832714267
560,0.12859078948,0.134016809151,0.172165698298,0.565226703071
561,0.129031083616,0.134485624867,0.172845401906,0.563637889611
562,0.128832187829,0.13424605915,0.172669085467,0.564252667554
563,0.128627987384,0.134043112788,0.17248542441,0.564843475418
564,0.129064972497,0.134508363855,0.173161779805,0.563264883843
565,0.126140175324,0.131469857957,0.169326058267,0.573063908453
566,0.125939040286,0.131228944679,0.169144339408,0.573687675626
567,0.125769796484,0.131062136116,0.168711746606,0.574456320794
568,0.125563763949,0.130856962983,0.168522803778,0.57505646929
569,0.126005380373,0.131326759327,0.169203299175,0.573464561125
570,0.126441921824,0.131791333724,0.169877637316,0.571889107137
571,0.126873460447,0.132250760227,0.170545905065,0.570329874261
572,0.126707651023,0.132087542049,0.170116378957,0.571088427971
573,0.127135485036,0.132543193459,0.170778872967,0.569542448538
574,0.126938525731,0.132306287131,0.170602298398,0.57015288874
575,0.126741613989,0.132070002655,0.170425560054,0.570762823302
576,0.127166429969,0.132522185934,0.171085043491,0.569226340606
577,0.127586435909,0.132969420441,0.17173868763,0.56770545602
578,0.127391410047,0.132735282647,0.171564665406,0.5683086419
579,0.127807583491,0.133178398212,0.172213976652,0.566800041645
580,0.127613511346,0.132945620577,0.172041214294,0.567399653783
581,0.128025905316,0.13338467536,0.172686252516,0.565903166808
582,0.12786612024,0.133227620716,0.172259262071,0.566646996973
583,0.127673089163,0.132996240714,0.172087461125,0.567243208998
584,0.128082938792,0.133432543129,0.172728463753,0.565756054326
585,0.127885819108,0.133236541324,0.172551119899,0.56632651967
586,0.127688830593,0.133040648014,0.172373725668,0.566896795725
587,0.128095796592,0.133474038754,0.173011831583,0.565418333071
588,0.128498247638,0.133902784827,0.173644445684,0.563954521851
589,0.128896245982,0.134326950123,0.174271643203,0.562505160692
590,0.129289852903,0.134746597537,0.17489349822,0.56107005134
591,0.129096321877,0.134554341843,0.174721302329,0.561628033951
592,0.128902914457,0.134362187338,0.17454905108,0.562185847124
593,0.129293826016,0.134779113896,0.17516821669,0.560758843398
594,0.129101357484,0.134587925656,0.174997198594,0.561313518266
595,0.129488797085,0.135001305498,0.175612429064,0.559897468353
596,0.12987200821,0.135410333909,0.176222507188,0.558495150694
597,0.130251048343,0.135815069905,0.176827502612,0.55710637914
598,0.13062597407,0.136215571585,0.177427483916,0.555730970428
599,0.130436829883,0.136027880582,0.177261472745,0.55627381679
600,0.130247800921,0.135840282731,0.177095401186,0.556816515162
601,0.121733861141,0.126969688925,0.165604085715,0.585692364219
602,0.121571636112,0.12680938637,0.165173659516,0.586445318003
603,0.121968343665,0.127232115046,0.165797177907,0.585002363382
604,0.122360991944,0.127650667684,0.166415768665,0.583572571707
605,0.122749631722,0.128065096365,0.16702949287,0.582155779043
606,0.12255398391,0.127869950635,0.166848334844,0.582727730611
607,0.122939414422,0.12828110292,0.16745844795,0.581321034707
608,0.123320932327,0.128688229395,0.168063807916,0.579927030362
609,0.123698586301,0.129091380006,0.168664473387,0.578545560306
610,0.123505313345,0.128898727556,0.168486845265,0.579109113834
611,0.123349262689,0.128744897932,0.168059066066,0.579846773313
612,0.123724877572,0.129146007076,0.168656322404,0.578472792948
613,0.124096716071,0.129543229766,0.169248990924,0.577111063239
614,0.123905145637,0.129352329763,0.169073423676,0.577669100924
615,0.124273979828,0.129746484818,0.169662716696,0.576316818658
616,0.124639126632,0.130136844532,0.170247527281,0.574976501556
617,0.12500063138,0.130523455433,0.17082791013,0.573648003057
618,0.125358538782,0.130906363414,0.171403919208,0.572331178596
619,0.125564464552,0.131130605685,0.171772557295,0.571532372467
620,0.122546164504,0.127987490087,0.167728537801,0.581737807608
621,0.122903205121,0.128369393442,0.168302532962,0.580424868474
622,0.123256792755,0.128747742967,0.168872336325,0.579123127953
623,0.123606968324,0.129122580652,0.169437997179,0.577832453846
624,0.123418207205,0.128934445588,0.169265049895,0.578382297313
625,0.123229578814,0.128746422149,0.169092065726,0.57893193331
626,0.114398924014,0.119528818192,0.157054509538,0.609017748256
627,0.114766313025,0.119921098123,0.157638795027,0.607673793825
628,0.115130371002,0.120309951638,0.158219055076,0.606340622284
629,0.115491134031,0.120695415723,0.158795332748,0.605018117498
630,0.115848637798,0.121077526954,0.159367670646,0.603706164602
631,0.115659267333,0.120849644297,0.159187856835,0.604303231535
632,0.116014218881,0.121228971798,0.159757378259,0.602999431061
633,0.116365979195,0.121605016666,0.160323039707,0.601705964433
634,0.116714582718,0.121977814207,0.160884882366,0.600422720709
635,0.116527296724,0.12175214342,0.160708183672,0.601012376185
636,0.116873440217,0.122122255734,0.16126731475,0.599736989299
637,0.116686892192,0.121897720245,0.161091566749,0.600323820814
638,0.116500421445,0.121673783535,0.160915705737,0.600910089283
639,0.116844787256,0.12204176536,0.161473212484,0.5996402349
640,0.117186090539,0.122406597858,0.162027008944,0.598380302659
641,0.117031729385,0.122253698519,0.161595720032,0.599118852063
642,0.116842388366,0.122064234588,0.16141563701,0.599677740035
643,0.117182169533,0.122427551327,0.16196667257,0.598423606571
644,0.117518948705,0.122787780476,0.162514071443,0.597179199376
645,0.117335401272,0.122566710945,0.162342071459,0.597755816324
646,0.117669851294,0.122924397713,0.162886905281,0.596518845712
647,0.117517984082,0.122774064235,0.16245781648,0.597250135204
648,0.117365741115,0.122623317242,0.162031533544,0.597979408099
649,0.117183110238,0.122403484788,0.161860057703,0.598553347271
650,0.117030604356,0.122252407476,0.161436344527,0.599280643641
651,0.117365364259,0.122610350682,0.161978389063,0.598045895997
652,0.117697205109,0.12296529178,0.162516900736,0.596820602375
653,0.11751164421,0.122779683237,0.162341121387,0.597367551166
654,0.117841190481,0.123132284758,0.162877095827,0.596149428933
655,0.118167876632,0.123481944417,0.163409606662,0.59494057229
656,0.118018550487,0.123334198296,0.162988143735,0.595659107482
657,0.118343257522,0.123681849066,0.163517150887,0.594457742525
658,0.118164158237,0.123465343836,0.163350177975,0.595020319953
659,0.118757755675,0.123173331992,0.163033283945,0.595035628388
660,0.119083885455,0.12351844052,0.163559747552,0.593837926473
661,0.118936423488,0.123372331919,0.163140798472,0.594550446121
662,0.118758395272,0.123157248245,0.162974621245,0.595109735238
663,0.119083195017,0.123500874008,0.163498619198,0.593917311777
