episode,omega1,omega2,omega3,omega4,omega5,omega
1,0.166666666667,0.166666666667,0.166666666667,0.166666666667,0.166666666667,0.166666666667
2,0.166487795056,0.166487795056,0.166487795056,0.166487795056,0.167561024719,0.166487795056
3,0.166308157629,0.166308157629,0.166308157629,0.166308157629,0.168459211855,0.166308157629
4,0.166127753189,0.166127753189,0.166127753189,0.166127753189,0.169361234055,0.166127753189
5,0.165946580561,0.165946580561,0.165946580561,0.165946580561,0.170267097194,0.165946580561
6,0.165764638593,0.165764638593,0.165764638593,0.165764638593,0.171176807036,0.165764638593
7,0.166101443325,0.166101443325,0.166101443325,0.166101443325,0.169492783376,0.166101443325
8,0.166006501323,0.166006501323,0.166006501323,0.166006501323,0.169967493386,0.166006501323
9,0.165911347983,0.165911347983,0.165911347983,0.165911347983,0.170443260087,0.165911347983
10,0.165815983139,0.165815983139,0.165815983139,0.165815983139,0.170920084303,0.165815983139
11,0.16572040663,0.16572040663,0.16572040663,0.16572040663,0.171397966849,0.16572040663
12,0.165974807033,0.165974807033,0.165974807033,0.165974807033,0.170125964835,0.165974807033
13,0.165911347983,0.165911347983,0.165911347983,0.165911347983,0.170443260087,0.165911347983
14,0.165847794931,0.165847794931,0.165847794931,0.165847794931,0.170761025345,0.165847794931
15,0.165784147829,0.165784147829,0.165784147829,0.165784147829,0.171079260853,0.165784147829
16,0.16572040663,0.16572040663,0.16572040663,0.16572040663,0.171397966849,0.16572040663
17,0.165656571285,0.165656571285,0.165656571285,0.165656571285,0.171717143574,0.165656571285
18,0.165863692009,0.165863692009,0.165863692009,0.165863692009,0.170681539954,0.165863692009
19,0.165815983139,0.165815983139,0.165815983139,0.165815983139,0.170920084303,0.165815983139
20,0.165768221353,0.165768221353,0.165768221353,0.165768221353,0.171158893234,0.165768221353
21,0.16572040663,0.16572040663,0.16572040663,0.16572040663,0.171397966849,0.16572040663
22,0.16567253895,0.16567253895,0.16567253895,0.16567253895,0.171637305249,0.16567253895
23,0.165624618293,0.165624618293,0.165624618293,0.165624618293,0.171876908534,0.165624618293
24,0.16557664464,0.16557664464,0.16557664464,0.16557664464,0.172116776802,0.16557664464
25,0.165528617969,0.165528617969,0.165528617969,0.165528617969,0.172356910154,0.165528617969
26,0.165480538262,0.165480538262,0.165480538262,0.165480538262,0.172597308688,0.165480538262
27,0.1654324055,0.1654324055,0.1654324055,0.1654324055,0.172837972501,0.1654324055
28,0.165384219662,0.165384219662,0.165384219662,0.165384219662,0.173078901691,0.165384219662
29,0.165541161605,0.165541161605,0.165541161605,0.165541161605,0.172294191976,0.165541161605
30,0.165500413889,0.165500413889,0.165500413889,0.165500413889,0.172497930554,0.165500413889
31,0.165459628043,0.165459628043,0.165459628043,0.165459628043,0.172701859786,0.165459628043
32,0.165418804054,0.165418804054,0.165418804054,0.165418804054,0.172905979729,0.165418804054
33,0.165377941911,0.165377941911,0.165377941911,0.165377941911,0.173110290445,0.165377941911
34,0.159099472335,0.159099472335,0.196825859638,0.159099472335,0.166776251023,0.159099472335
35,0.159834175752,0.159834175752,0.192877467513,0.159834175752,0.167785829477,0.159834175752
36,0.159625265682,0.159625265682,0.193692957724,0.159625265682,0.167805979548,0.159625265682
37,0.160181269939,0.160181269939,0.190643810781,0.160181269939,0.168631109464,0.160181269939
38,0.159994846183,0.159994846183,0.191345069603,0.159994846183,0.168675545665,0.159994846183
39,0.159808086607,0.159808086607,0.192048243608,0.159808086607,0.168719409964,0.159808086607
40,0.159870259786,0.159870259786,0.193054341891,0.159870259786,0.167464618963,0.159870259786
41,0.159688965444,0.159688965444,0.193770252476,0.159688965444,0.167473885747,0.159688965444
42,0.159507321971,0.159507321971,0.194488141526,0.159507321971,0.167482570588,0.159507321971
43,0.159325329614,0.159325329614,0.195208009636,0.159325329614,0.167490671909,0.159325329614
44,0.159337369705,0.159337369705,0.196169170808,0.159337369705,0.166481350373,0.159337369705
45,0.159158969492,0.159158969492,0.19689946503,0.159158969492,0.166464657003,0.159158969492
46,0.158980209512,0.158980209512,0.197631782436,0.158980209512,0.166447379517,0.158980209512
47,0.159573924302,0.159573924302,0.194464826767,0.159573924302,0.167239476024,0.159573924302
48,0.15941316714,0.15941316714,0.19510583749,0.15941316714,0.167241493948,0.15941316714
49,0.159891332615,0.159891332615,0.192520345363,0.159891332615,0.167914324176,0.159891332615
50,0.159744743859,0.159744743859,0.193089443643,0.159744743859,0.167931580921,0.159744743859
51,0.159768448482,0.159768448482,0.193866699017,0.159768448482,0.167059507056,0.159768448482
52,0.159624679304,0.159624679304,0.194443074543,0.159624679304,0.167058208243,0.159624679304
53,0.159480683681,0.159480683681,0.195020728554,0.159480683681,0.167056536721,0.159480683681
54,0.159336461726,0.159336461726,0.195599661364,0.159336461726,0.167054491731,0.159336461726
55,0.159192013553,0.159192013553,0.196179873271,0.159192013553,0.167052072517,0.159192013553
56,0.15904733928,0.15904733928,0.196761364558,0.15904733928,0.167049278322,0.15904733928
57,0.158902439028,0.158902439028,0.197344135491,0.158902439028,0.167046108396,0.158902439028
58,0.16429331972,0.157712570928,0.196625670648,0.157712570928,0.165943296849,0.157712570928
59,0.164242309361,0.157550571412,0.197185116846,0.157550571412,0.165920859556,0.157550571412
60,0.164190968424,0.157388406237,0.197745737588,0.157388406237,0.165898075278,0.157388406237
61,0.164139296573,0.157226075626,0.198307533053,0.157226075626,0.165874943496,0.157226075626
62,0.163587857783,0.157157421136,0.198989323261,0.157157421136,0.16595055555,0.157157421136
63,0.163099054792,0.157076577318,0.199657925697,0.157076577318,0.166013287558,0.157076577318
64,0.162388068087,0.156296967466,0.199437086467,0.156296967466,0.169283943048,0.156296967466
65,0.163036089694,0.156825484734,0.196415739748,0.156825484734,0.170071716355,0.156825484734
66,0.163198702924,0.156886668976,0.197184686838,0.156886668976,0.168956603311,0.156886668976
67,0.163136819818,0.156732038696,0.197684409666,0.156732038696,0.168982654429,0.156732038696
68,0.163265655332,0.156760658105,0.198417151225,0.156760658105,0.168035219127,0.156760658105
69,0.161758024086,0.155218873351,0.197157886175,0.155218873351,0.175427469685,0.155218873351
70,0.162319192901,0.155662865022,0.194446014969,0.155662865022,0.176246197064,0.155662865022
71,0.161836345256,0.155577003196,0.194966337065,0.155577003196,0.176466308091,0.155577003196
72,0.161759542257,0.15541556979,0.195392981165,0.15541556979,0.176600767208,0.15541556979
73,0.161150081865,0.154742789841,0.195175391799,0.154742789841,0.176153041511,0.158035905143
74,0.161066210966,0.154575126435,0.195593514849,0.154575126435,0.176279170016,0.1579108513
75,0.160982143534,0.154407414317,0.196012241195,0.154407414317,0.176405125637,0.157785660999
76,0.161482438882,0.154800022964,0.193512120581,0.154800022964,0.177172263272,0.158233131336
77,0.161020616465,0.15471143544,0.193977814669,0.15471143544,0.177389859904,0.158188838082
78,0.160939766382,0.154552448002,0.194356034938,0.154552448002,0.177526800627,0.158072502048
79,0.160858748407,0.154393423839,0.194734740273,0.154393423839,0.177663616798,0.157956046845
80,0.160777562659,0.15423436323,0.195113930421,0.15423436323,0.17780030777,0.157839472691
81,0.16034185653,0.15414031679,0.195576142218,0.15414031679,0.178011997564,0.157789370109
82,0.159940156773,0.154039821085,0.196031168648,0.154039821085,0.178216411571,0.157732620837
83,0.160394830712,0.154406051933,0.193677248834,0.154406051933,0.178961936531,0.158153880059
84,0.160785726618,0.154710541578,0.191643196202,0.154710541578,0.179637880109,0.158512113915
85,0.161125359043,0.154965411813,0.189866166766,0.154965411813,0.180257960285,0.158819690279
86,0.16395137209,0.154290547495,0.189496974454,0.154290547495,0.179796262951,0.158174295513
87,0.164263339337,0.154473721405,0.190181260654,0.154473721405,0.178199553843,0.158408403356
88,0.164445950069,0.154534994586,0.190717307313,0.154534994586,0.177249161113,0.158517592333
89,0.163960523724,0.154479140663,0.191109934,0.154479140663,0.177464610103,0.158506650847
90,0.16351160123,0.154416363144,0.191494757856,0.154416363144,0.177672331416,0.158488583211
91,0.16350825024,0.154313935266,0.191831034661,0.154313935266,0.177834572574,0.158198271993
92,0.16387220616,0.154558005113,0.190122700456,0.154558005113,0.178396824527,0.158492258632
93,0.163450527328,0.154495820862,0.190479211936,0.154495820862,0.178606359897,0.158472259116
94,0.163775365334,0.154708086004,0.188940742471,0.154708086004,0.179133892746,0.158733827442
95,0.164067574422,0.154889229744,0.187563824229,0.154889229744,0.179626553714,0.158963588145
96,0.163451286453,0.154212945298,0.187125524061,0.154212945298,0.179124386776,0.161872912114
97,0.163711369593,0.154363762882,0.185864764871,0.154363762882,0.179582415473,0.162113924299
98,0.163810724887,0.154362880179,0.186223594495,0.154362880179,0.179044177954,0.162195742306
99,0.163403873454,0.154305606852,0.186514955411,0.154305606852,0.17925163814,0.162218319292
100,0.163643868507,0.154441927514,0.185343224352,0.154441927514,0.179684549773,0.162444502341
101,0.16386296978,0.15455832877,0.18427530488,0.15455832877,0.180095156024,0.162649911777
102,0.163479833568,0.154502950216,0.184533512845,0.154502950216,0.180306129832,0.162674623323
103,0.15762178751,0.148883302069,0.213760000069,0.148883302069,0.174013845112,0.156837763172
104,0.15758671523,0.148766964485,0.214351710989,0.148766964485,0.174143957138,0.156383687675
105,0.157758950555,0.148846306136,0.21522787545,0.148846306136,0.172777601045,0.156542960677
106,0.15867782322,0.148492039318,0.215478346068,0.148492039318,0.172613651643,0.156246100432
107,0.158589532973,0.148315673301,0.21598695101,0.148315673301,0.172655972609,0.156136196806
108,0.15814064728,0.148202696214,0.216589089317,0.148202696214,0.172771957394,0.156092913581
109,0.158296708802,0.148258992438,0.217441041342,0.148258992438,0.171516341547,0.156227923432
110,0.158427887754,0.148291875276,0.21826185229,0.148291875276,0.170388165713,0.156338343692
111,0.155441651067,0.14540846576,0.214778188863,0.14540846576,0.167288149061,0.171675079488
112,0.154989928101,0.145273698707,0.21534137512,0.145273698707,0.167346213943,0.171775085421
113,0.155425150919,0.145596693821,0.213032232449,0.145596693821,0.16793214067,0.17241708832
114,0.155822453947,0.145883761697,0.210914195363,0.145883761697,0.168477797998,0.173018029299
115,0.15574148426,0.14572293894,0.21137011452,0.14572293894,0.168354131292,0.173088392049
116,0.155636810132,0.145540087483,0.211794704319,0.145540087483,0.168355943093,0.173132367489
117,0.155531989651,0.145357262938,0.212219851324,0.145357262938,0.168357520337,0.173176112813
118,0.155427023038,0.14517446562,0.212645555235,0.14517446562,0.168358862836,0.173219627651
119,0.155516803617,0.14517362692,0.213339171637,0.14517362692,0.167316454357,0.173480316549
120,0.155906996794,0.145453008957,0.211269978506,0.145453008957,0.16784024353,0.174076763255
121,0.150261835183,0.140104631109,0.204140832182,0.140104631109,0.161863284064,0.203524786354
122,0.148354742723,0.138245796618,0.202065252019,0.138245796618,0.159908024297,0.213180387725
123,0.148615841039,0.138408353576,0.200082306637,0.138408353576,0.160288767728,0.214196377445
124,0.148457144989,0.138179940596,0.200356409444,0.138179940596,0.160216874275,0.214609690101
125,0.147960295402,0.13800635855,0.200710083128,0.13800635855,0.160208227379,0.215108676992
126,0.147483353178,0.137829416974,0.201059162311,0.137829416974,0.160195422819,0.215603227743
127,0.147721107942,0.137976861985,0.199157524155,0.137976861985,0.160559834934,0.216607809
128,0.147560468668,0.137752193948,0.199413236971,0.137752193948,0.160491353404,0.217030553061
129,0.147399696173,0.137527604454,0.199668861021,0.137527604454,0.160422565971,0.217453667928
130,0.147618714431,0.137657380193,0.19785994363,0.137657380193,0.160767236282,0.21843934527
131,0.147155729162,0.137484719281,0.198168305113,0.137484719281,0.160758869183,0.218947657981
132,0.147622077445,0.137848317897,0.199251967037,0.137848317897,0.161378044199,0.216051275526
133,0.147467029739,0.137631547504,0.199498907784,0.137631547504,0.161318225202,0.216452742267
134,0.147891814817,0.137955843351,0.200532151146,0.137955843351,0.161892976624,0.213771370711
135,0.148680440831,0.137591648676,0.200566025989,0.137591648676,0.161659952853,0.213910282975
136,0.148721233809,0.137549813859,0.201069725362,0.137549813859,0.160558809425,0.214550603686
137,0.144475066049,0.133545334965,0.195765781422,0.133545334965,0.156063175689,0.236605306911
138,0.144659080457,0.133638106327,0.193946572147,0.133638106327,0.156350623479,0.237767511264
139,0.144483725483,0.133398927196,0.19412649003,0.133398927196,0.156249712732,0.238342217364
140,0.144470908261,0.133309961063,0.194525140136,0.133309961063,0.155196970163,0.239187059313
141,0.143973817734,0.13312174331,0.194779300413,0.13312174331,0.155147435683,0.239855959549
142,0.141544924356,0.130802689045,0.191907146404,0.130802689045,0.168271778303,0.236670772847
143,0.138342814076,0.127772053151,0.187971072278,0.127772053151,0.164666909197,0.253475098148
144,0.138453447169,0.127802673026,0.186178461047,0.127802673026,0.165000874513,0.25476187122
145,0.138484900687,0.127760170972,0.186606843622,0.127760170972,0.163479217944,0.255908695803
146,0.138580519674,0.127776839618,0.18490534934,0.127776839618,0.16378070292,0.257179748829
147,0.138658782922,0.127777455862,0.183299529798,0.127777455862,0.164062130328,0.258424645228
148,0.138450935112,0.127514520617,0.183374985733,0.127514520617,0.164005069878,0.259139968043
149,0.138242925436,0.127251690643,0.183449844485,0.127251690643,0.163947467818,0.259856380976
150,0.138308187693,0.127240519125,0.181906750843,0.127240519125,0.16421397201,0.261090051204
151,0.138101382012,0.126979163753,0.181969086418,0.126979163753,0.164157472808,0.261813731255
152,0.137894412641,0.126717910626,0.182030819069,0.126717910626,0.164100430253,0.262538516786
153,0.134232444545,0.123283719805,0.177522913619,0.123283719805,0.159926696827,0.281750505399
154,0.133687559195,0.123043438933,0.177602434995,0.123043438933,0.159888496814,0.282734631129
155,0.133451182961,0.122759295559,0.177617850671,0.122759295559,0.159792601655,0.283619773595
156,0.132920788287,0.122516767349,0.177692672723,0.122516767349,0.159750170628,0.284602833664
157,0.132908064377,0.122440638033,0.178008746582,0.122440638033,0.158225083614,0.285976829361
158,0.132391420124,0.122196918535,0.178081079735,0.122196918535,0.158169879815,0.286963783256
159,0.125005585162,0.115320941028,0.168464140729,0.115320941028,0.149515248962,0.326373143091
160,0.124711432415,0.114990873835,0.168385400989,0.114990873835,0.149332544591,0.327588874334
161,0.124163110446,0.114694161257,0.168354271063,0.114694161257,0.14919222174,0.328902074237
162,0.122558499391,0.113155805492,0.166495092495,0.113155805492,0.147433268114,0.337201529014
163,0.119394142426,0.110179578261,0.162505277608,0.110179578261,0.14379160727,0.353949816173
164,0.119066972327,0.109823195248,0.162368660193,0.109823195248,0.143562260521,0.355355716462
165,0.118955293681,0.109665801692,0.160708812378,0.109665801692,0.143592319609,0.357411970948
166,0.115591803332,0.106512152881,0.156451467004,0.106512152881,0.13969245081,0.375239973092
167,0.115410646814,0.10629251385,0.156493087173,0.10629251385,0.138176128132,0.377335110182
168,0.115061511281,0.105918435405,0.15630614043,0.105918435405,0.137907607741,0.378887869739
169,0.114866891108,0.105686868365,0.1563282675,0.105686868365,0.136475138423,0.380955966239
170,0.114517529513,0.10531320076,0.156138966622,0.10531320076,0.136199726122,0.382517376222
171,0.114363161761,0.105119109979,0.154505258102,0.105119109979,0.136155755672,0.384737604508
172,0.105824408136,0.0972223354189,0.143222592149,0.0972223354189,0.126119223089,0.430389105788
173,0.105578497009,0.0969483352029,0.141643275437,0.0969483352029,0.125955315803,0.432926241345
174,0.102323508173,0.0939128416254,0.137511141429,0.0939128416254,0.122197419515,0.450142247632
175,0.10397194636,0.0953784836686,0.139965377261,0.0953784836686,0.124293487741,0.441012221301
176,0.104092016489,0.0954412988666,0.140366621331,0.0954412988666,0.124564764094,0.440094000353
177,0.103808947142,0.0951345755903,0.140224270875,0.0951345755903,0.123169700098,0.442527930705
178,0.103014298997,0.0943595345183,0.139388805137,0.0943595345183,0.126104667215,0.442773159614
179,0.10273379329,0.0940559516388,0.139246948717,0.0940559516388,0.124687038716,0.445220315999
180,0.102101978016,0.0936617815463,0.138969379944,0.0936617815463,0.124361307745,0.447243771202
181,0.101695971847,0.0932443809804,0.138655364131,0.0932443809804,0.124003337287,0.449156564775
182,0.101436597518,0.092961741958,0.137093160144,0.092961741958,0.123823419599,0.451723338823
183,0.100815479743,0.0925672122761,0.136804639862,0.0925672122761,0.123493347365,0.453752108477
184,0.100457919253,0.0921956564175,0.13654827276,0.0921956564175,0.122707182551,0.455895312601
185,0.0993320062515,0.091119600695,0.135244516632,0.091119600695,0.121464620882,0.461719654845
186,0.0989938422131,0.0907668157393,0.135010350881,0.0907668157393,0.120455843218,0.464006332209
187,0.0978926776354,0.0897150793324,0.13373267124,0.0897150793324,0.119242355441,0.469702137019
188,0.0972512859367,0.0890854768084,0.13307947862,0.0890854768084,0.120922730092,0.470575551735
189,0.0969433667313,0.0887617738661,0.132880808747,0.0887617738661,0.119594937414,0.473057339375
190,0.0977646758687,0.0882214570375,0.132355692282,0.0882214570375,0.119055594748,0.474381123026
191,0.0901515718613,0.0813073010284,0.122244703278,0.0813073010284,0.109899037143,0.515090085662
192,0.0894887256963,0.080880613618,0.121864455139,0.080880613618,0.109495819819,0.51738977211
193,0.0888373459946,0.0804536158611,0.121481540096,0.0804536158611,0.109090624867,0.51968325732
194,0.08776909573,0.0794451514164,0.120216540655,0.0794451514164,0.10789417998,0.525229880802
195,0.0874331413854,0.0791002100626,0.118677922385,0.0791002100626,0.107596220943,0.528092295162
196,0.0852030976114,0.0770429173573,0.115833245636,0.0770429173573,0.104964117956,0.539913704082
197,0.078638453977,0.071070289341,0.107077148425,0.071070289341,0.096980626233,0.575163192683
198,0.0781173049185,0.0705628558688,0.106535186548,0.0705628558688,0.0970403926693,0.577181404126
199,0.0769818447923,0.0695013104879,0.105152141637,0.0695013104879,0.0957352349523,0.583128157642
200,0.0765909733787,0.0691127301784,0.103698638051,0.0691127301784,0.0953540802643,0.586130847949
201,0.0759408674607,0.0686634381053,0.103234783482,0.0686634381053,0.0948875418515,0.588609930995
202,0.0748327539995,0.0676274435044,0.101884701754,0.0676274435044,0.0936071534899,0.594420503748
203,0.0716738053776,0.0647400387259,0.0977337281326,0.0647400387259,0.0897555767152,0.611356812323
204,0.0709261481299,0.06403244962,0.0968628247059,0.06403244962,0.0889182735235,0.615227854401
205,0.067728097917,0.0611144447957,0.0926374061944,0.0611144447957,0.085003575564,0.632402030733
206,0.0646785343161,0.058333281951,0.0886021845298,0.058333281951,0.0812666117542,0.648786105498
207,0.0642765010811,0.0579414980293,0.0881867302268,0.0579414980293,0.080851462337,0.650802310297
208,0.0637966135897,0.0574799481841,0.0876628107392,0.0574799481841,0.0803372471704,0.653243432132
209,0.062851423647,0.0565998279267,0.086496719537,0.0565998279267,0.0866138858162,0.650838315146
210,0.0628129326788,0.056536681344,0.0865765629705,0.056536681344,0.0866944016065,0.650842740056
211,0.062399167053,0.0561359767831,0.0852435080649,0.0561359767831,0.0862562064469,0.653829164869
212,0.0615394405408,0.0553346650117,0.0841940149694,0.0553346650117,0.0915222257078,0.652074988759
213,0.0611501774411,0.0549569614761,0.0837858255139,0.0549569614761,0.0899103439699,0.655239730123
214,0.0607571295071,0.0545762245066,0.0833710427763,0.0545762245066,0.0883672398602,0.658352138843
215,0.0548398523532,0.0492361139511,0.0753632151341,0.0492361139511,0.0799013544722,0.691423350138
216,0.0541435630018,0.0485864952895,0.074516959781,0.0485864952895,0.0790257303403,0.695140756298
217,0.0537275363962,0.0481888895022,0.0733005846104,0.0481888895022,0.0785565559902,0.698037543999
218,0.0529339210165,0.0474531783485,0.0723217892448,0.0474531783485,0.0775324298733,0.702305503169
219,0.0542004864136,0.0485641369541,0.0741588295659,0.0485641369541,0.0795273178914,0.694985092221
220,0.0537971617174,0.0481784811375,0.0737129227973,0.0481784811375,0.0790744785947,0.697058474616
221,0.0540968491781,0.0484224725679,0.0742302331961,0.0484224725679,0.0796549494099,0.69517302308
222,0.0537688742741,0.0481046639406,0.073886379093,0.0481046639406,0.0793113899752,0.696824028776
223,0.053325097207,0.0476836121405,0.0733820231875,0.0476836121405,0.0787952603406,0.699130394984
224,0.0514811186553,0.0460115343781,0.0709464364953,0.0460115343781,0.0762044330034,0.70934494309
225,0.0527001047222,0.0470772915524,0.0727308520088,0.0470772915524,0.0781461453467,0.702268314818
226,0.0537404314244,0.0479824466866,0.0742733360819,0.0479824466866,0.0798290669016,0.696192272219
227,0.053309312316,0.0475735511785,0.0737835332914,0.0475735511785,0.07924582742,0.698514224616
228,0.0492559117009,0.0439341372869,0.0682714797538,0.0439341372869,0.0733488847689,0.721255449203
229,0.0483296242096,0.043086221422,0.0670840011967,0.043086221422,0.0720958721841,0.726318059566
230,0.0481155510956,0.0428737730847,0.0668829761191,0.0428737730847,0.071902547074,0.727351379542
231,0.0476931506424,0.0424759894054,0.0663912314722,0.0424759894054,0.0713964556849,0.72956718339
232,0.0473156761572,0.0421185868341,0.0659605620394,0.0421185868341,0.0700588161015,0.732427772034
233,0.0470311312994,0.0418442141497,0.065658250731,0.0418442141497,0.0697559216472,0.733866268023
234,0.0461460533847,0.0410360740342,0.0645153462447,0.0410360740342,0.0685595774326,0.73870687487
235,0.0436595312858,0.0388053459406,0.0611268650164,0.0388053459406,0.0649756375055,0.752627274311
236,0.0434116712999,0.0385656136722,0.0608673151727,0.0385656136722,0.0647166306715,0.753873155512
237,0.0405459073358,0.0360016175384,0.0569310572257,0.0360016175384,0.0605472368588,0.769972563503
238,0.0400733935562,0.0355641441537,0.0563485743505,0.0355641441537,0.0618979411735,0.770551802612
239,0.0400325245474,0.0355099833712,0.0563721209914,0.0355099833712,0.06194835382,0.770627033899
240,0.0396442065269,0.0351478261978,0.0559056514323,0.0351478261978,0.0614600954912,0.772694394154
241,0.0393017831069,0.0348266935796,0.0555025354337,0.0348266935796,0.0610411159215,0.774501178379
242,0.0391443185815,0.0346696915245,0.0553597208063,0.0346696915245,0.0609081847659,0.775248392797
243,0.0381619565353,0.033782604022,0.0540480926196,0.033782604022,0.0594886702076,0.780736072594
244,0.0371125203163,0.0328370540979,0.0526374417236,0.0328370540979,0.0579589869488,0.786616942816
245,0.0365225619782,0.0322987879185,0.0518752431921,0.0322987879185,0.0571423742897,0.789862244703
246,0.0364757229585,0.0322411221141,0.0518832777635,0.0322411221141,0.0571738798261,0.789984875224
247,0.0361599912067,0.0319459498955,0.051508202991,0.0319459498955,0.0567830585298,0.791656847482
248,0.034883962016,0.030803108448,0.0497620740305,0.030803108448,0.0548798580474,0.79886788901
249,0.0328033795135,0.0289513339151,0.0468614629178,0.0289513339151,0.0517014200933,0.810731069645
250,0.0324789155722,0.0286505365873,0.0464647237831,0.0286505365873,0.0505943354199,0.81316095205
251,0.0323594352091,0.0285307654052,0.0463604196116,0.0285307654052,0.0504980260669,0.813720588302
252,0.0320336935032,0.0282293420304,0.0454417763168,0.0282293420304,0.050078761414,0.815987084705
253,0.0318175814239,0.0280247762528,0.0451981252238,0.0280247762528,0.0498295334744,0.817105207372
254,0.0315005388096,0.0277315549659,0.0448101308892,0.0277315549659,0.0487761627002,0.819450057669
255,0.0311267930132,0.0273887282747,0.0443401931977,0.0273887282747,0.0482808133815,0.821474743858
256,0.0281973377609,0.0247985818782,0.0402231689484,0.0247985818782,0.0438125830735,0.838169746461
257,0.0288284828938,0.0253408849811,0.0411808150553,0.0253408849811,0.0448707255821,0.834438206506
258,0.0285233636157,0.0250600525799,0.0403522326318,0.0250600525799,0.0444726075982,0.836531690995
259,0.029213520824,0.0256534861236,0.041384430579,0.0256534861236,0.0456274617409,0.832467614609
260,0.0292787143576,0.0256977880115,0.0415328121226,0.0256977880115,0.0458083831117,0.831984514385
261,0.0287619235598,0.0252314911263,0.0408548400721,0.0252314911263,0.0450776679166,0.834842586199
262,0.02825562693,0.0247748587524,0.0401898871826,0.0247748587524,0.0443607634582,0.837644004925
263,0.0271942379258,0.0238322135778,0.0387324513889,0.0238322135778,0.0427682528451,0.843640630685
264,0.0269046065489,0.0235665161134,0.038371695474,0.0235665161134,0.0419211464485,0.845669519302
265,0.0268344345483,0.0234932141551,0.0383233128399,0.0234932141551,0.0418823747328,0.845973449569
266,0.0260545719607,0.0227989676279,0.0372598233071,0.0227989676279,0.0407338197008,0.850353849776
267,0.0258754991344,0.0226308687127,0.0370537218098,0.0226308687127,0.0405221308109,0.85128691082
268,0.0250596414059,0.0219062778226,0.035933887596,0.0219062778226,0.0393106961158,0.855883219237
269,0.0250534618217,0.0218898473551,0.0359735542617,0.0218898473551,0.0393673308782,0.855825958328
270,0.0255126773294,0.0222798506563,0.0366824127915,0.0222798506563,0.0401565696977,0.853088638869
271,0.0251634633708,0.0219638214204,0.0362291816794,0.0219638214204,0.0396737570617,0.855005955047
272,0.0246202106173,0.0214788241705,0.0354949137929,0.0214788241705,0.038882754444,0.858044472805
273,0.0245116734817,0.0213733674259,0.0353861714127,0.0213733674259,0.0387766749114,0.858578745342
274,0.024381779498,0.0211188508204,0.0350296590238,0.0211188508204,0.0383989183148,0.859951941523
275,0.024107308,0.0208701248021,0.0346813245694,0.0208701248021,0.038029870669,0.861441247157
276,0.0239329818147,0.0207083066227,0.0344762656931,0.0207083066227,0.0378177323069,0.86235640694
277,0.0232477192839,0.0201047915847,0.0335336023294,0.0201047915847,0.0367960809872,0.86621301423
278,0.022747176032,0.0196615683522,0.0328551757092,0.0196615683522,0.0360637797699,0.869010731785
279,0.0221556041359,0.0191401665369,0.0320432347334,0.0191401665369,0.0351843790854,0.872336448971
280,0.021527363127,0.0185876462441,0.0311759746611,0.0185876462441,0.0342436202071,0.875877749516
281,0.0212800522431,0.0183644403602,0.0308587508321,0.0183644403602,0.0337396609901,0.877392655214
282,0.0209918652798,0.0181062071728,0.0304812751456,0.0181062071728,0.0333375700349,0.878976875194
283,0.0207463047522,0.0178849880538,0.030164720293,0.0178849880538,0.0330018700228,0.880317128824
284,0.0201571118566,0.0173679137417,0.0293469724276,0.0173679137417,0.0321174449172,0.883642643315
285,0.0194807674114,0.0167763259424,0.028399945598,0.0167763259424,0.0310909239968,0.887475711109
286,0.0193441049816,0.0166498713087,0.0282381692026,0.0166498713087,0.0309236745668,0.888194308632
287,0.0178383582737,0.0153457659202,0.0260746943758,0.0153457659202,0.0285635525888,0.896831862921
288,0.0175373304465,0.0150788638106,0.0256687238917,0.0150788638106,0.0281277964502,0.89850842159
289,0.017048806999,0.0146511115288,0.0249868342745,0.0146511115288,0.0273893108834,0.901272824786
290,0.0158885327852,0.0136468312372,0.0233172583814,0.0136468312372,0.0255673543995,0.90793319196
291,0.015489169596,0.0132968144341,0.0227613634993,0.0132968144341,0.0249657730225,0.910190065014
292,0.0154104391414,0.0132222673458,0.022675747009,0.0132222673458,0.0248797941784,0.91058948498
293,0.0154951673168,0.0132879699078,0.022830704193,0.0132879699078,0.0250577991867,0.910040389488
294,0.0153915335403,0.0131921537839,0.0227081303665,0.0131921537839,0.0249312143834,0.910584814142
295,0.0153288901593,0.0131315493754,0.0226457467781,0.0131315493754,0.0248706501385,0.910891614173
296,0.0145992511789,0.0124999215057,0.0215964796246,0.0124999215057,0.0237258561206,0.915078570064
297,0.0136877073975,0.0117132891529,0.0202749384632,0.0117132891529,0.0222811144925,0.920329661341
298,0.0138822199519,0.0118734935117,0.0205903724263,0.0118734935117,0.0226349742373,0.919145446361
299,0.0135386216321,0.0115735207767,0.0201074121814,0.0115735207767,0.0221111036403,0.921095820993
300,0.013531803302,0.0115616060539,0.0201239789595,0.0115616060539,0.0221363764228,0.921084629208
301,0.0134010603631,0.0114438748809,0.0199560135652,0.0114438748809,0.0219586129723,0.921796563338
302,0.0133450637403,0.0113900606442,0.0198990218222,0.0113900606442,0.0219028827871,0.922072910362
303,0.0130733152521,0.0111522517441,0.0195197053877,0.0111522517441,0.0214922184598,0.923610257412
304,0.0127215425713,0.0108464608358,0.0190197037862,0.0108464608358,0.0209483669984,0.925617464972
305,0.0123801935473,0.0105498712036,0.018533944425,0.0105498712036,0.020419858031,0.92756626159
306,0.0119204949075,0.0101527912384,0.0178694488373,0.0101527912384,0.0196940237055,0.930210450073
307,0.0119114510189,0.0101397508883,0.017879607832,0.0101397508883,0.0197115022906,0.930217937082
308,0.0118746779103,0.0101031290716,0.0178480842363,0.0101031290716,0.0196830220965,0.930387957614
309,0.0118369202975,0.0100657057954,0.0178149636473,0.0100657057954,0.0196527599996,0.930563944465
310,0.0116430449511,0.00989563185106,0.0175464490661,0.00989563185106,0.0193627165188,0.931656525762
311,0.0113846285958,0.00967090838516,0.017179795176,0.00967090838516,0.0189641536721,0.933129605786
312,0.0105583961695,0.00896432930517,0.0159541443395,0.00896432930517,0.0176168168004,0.93794198408
313,0.0105132513496,0.00892130408347,0.015907028521,0.00892130408347,0.0175703906728,0.93816672129
314,0.0104674569811,0.00887777075159,0.0158587752966,0.00887777075159,0.0175226764094,0.93839554981
315,0.010167468466,0.00861880434711,0.015424736147,0.00861880434711,0.0170485314922,0.940121655201
316,0.0100208602456,0.00849005765925,0.0152225133563,0.00849005765925,0.0168303843209,0.940946126759
317,0.0093025959475,0.00787736989331,0.0141501800266,0.00787736989331,0.0156497740522,0.945142710187
318,0.00878837721453,0.00743801785765,0.0133857572665,0.00743801785765,0.0148090598689,0.948140769935
319,0.00867890545111,0.00734150215961,0.0132365761303,0.00734150215961,0.0146486850737,0.948752829026
320,0.00813486848435,0.00687767985633,0.0124233205051,0.00687767985633,0.0137530527004,0.951933398598
321,0.00794374805093,0.00671256227734,0.0121475602997,0.00671256227734,0.013452063793,0.953031503302
322,0.00790204931932,0.0066738132377,0.0120998444398,0.0066738132377,0.0134034956759,0.95324698409
323,0.00791066270028,0.00667757272761,0.0121291220703,0.00667757272761,0.0134402112726,0.953164858502
324,0.0077249970339,0.00651741727438,0.0118601797141,0.00651741727438,0.0131463876904,0.954233601013
325,0.00768315989123,0.00647870974951,0.011811614613,0.00647870974951,0.0130967299095,0.954451076087
326,0.0076751288538,0.00646853264561,0.0118149400235,0.00646853264561,0.0131045937228,0.954468272109
327,0.007526030852,0.0063395369829,0.0116008093367,0.0063395369829,0.0128711919181,0.955322893927
328,0.00729873119478,0.00614483691547,0.0112653869265,0.00614483691547,0.0125030229041,0.956643185144
329,0.00711265431652,0.00598502736298,0.0109927637444,0.00598502736298,0.0122043385139,0.957720188699
330,0.00677874206336,0.005701051888,0.0104906101941,0.005701051888,0.0116505529503,0.959677991016
331,0.006621548941,0.005565919548,0.0102609526404,0.005565919548,0.0113991352932,0.960586524029
332,0.00658526153517,0.00553250487702,0.0102182745247,0.00553250487702,0.0113553422507,0.960776111935
333,0.00651370707213,0.00546951034595,0.0101206687662,0.00546951034595,0.0112504607922,0.961176142677
334,0.00649902390068,0.00545430983621,0.0101112668038,0.00545430983621,0.0112435927395,0.961237496884
335,0.00634853519125,0.00532520889039,0.00989025333724,0.00532520889039,0.0110013349968,0.962109458694
336,0.00598873094104,0.00502075888249,0.00934211341289,0.00502075888249,0.0103949294376,0.964232708444
337,0.0057813008159,0.00484430610052,0.00903051149418,0.00484430610052,0.0100514148314,0.965448160658
338,0.00570133540592,0.0047747874914,0.00891743232432,0.0047747874914,0.00992871641492,0.965902940872
339,0.00560326677781,0.0046901874808,0.00877568407121,0.0046901874808,0.00977400825504,0.966466665934
340,0.00563152104747,0.00471135751092,0.00883164980967,0.00471135751092,0.009839476633,0.966274637488
341,0.00562881106619,0.00470661275496,0.00883912445764,0.00470661275496,0.00985094386982,0.966267895096
342,0.00565934391015,0.00472965353796,0.00889887512068,0.00472965353796,0.00992069607158,0.966061777822
343,0.00563270040501,0.00470491022599,0.00886874416835,0.00470491022599,0.00989025745335,0.966198477521
344,0.00531836389632,0.00444001241799,0.00838494026862,0.00444001241799,0.00935370954437,0.968062961455
345,0.00528746933088,0.00441189779365,0.00834730406485,0.00441189779365,0.00931469368081,0.968226737336
346,0.00529262865072,0.0044138792857,0.00836654679739,0.0044138792857,0.00933914300053,0.96817392298
347,0.00529727689976,0.00441543147938,0.00838501695091,0.00441543147938,0.00936274429816,0.968124098892
348,0.00525257966345,0.00437587158761,0.00832530909353,0.00437587158761,0.00929903797744,0.96837133009
349,0.0051216155439,0.00426452183449,0.00812851370433,0.00426452183449,0.00908211996536,0.969138707117
350,0.00504783336555,0.00420087562771,0.00790755800016,0.00420087562771,0.0089660293268,0.969676828052
351,0.00501736243798,0.00417332046084,0.00786993979666,0.00417332046084,0.00892658829607,0.969839468548
352,0.00493858824789,0.00410563678153,0.0077563485044,0.00410563678153,0.00880091315118,0.970292876533
353,0.00485283641001,0.00403222543443,0.00763147888566,0.00403222543443,0.00866234454754,0.970788889288
354,0.00453037731933,0.00376231344157,0.00713355460169,0.00376231344157,0.00810007542176,0.972711365774
355,0.00443616135461,0.00368213222914,0.00699419134393,0.00368213222914,0.00794468913106,0.973260693712
356,0.00437414605347,0.00362874769357,0.00690529147632,0.00362874769357,0.00784653181569,0.973616535267
357,0.00429887328516,0.00356442583736,0.00679519522934,0.00356442583736,0.00772420852575,0.974052871285
358,0.00420146657753,0.00348182788182,0.00664977219591,0.00348182788182,0.00756162515378,0.974623480309
359,0.00402602561531,0.0033346815432,0.00638029777548,0.0033346815432,0.00725781094119,0.975666502582
360,0.00395711688233,0.00327588129944,0.00627916438218,0.00327588129944,0.00714533971384,0.976066616423
361,0.00392382172382,0.00324660903012,0.00623434456242,0.00324660903012,0.00709689134649,0.976251724307
362,0.00392588296882,0.0032466055035,0.00624564712145,0.0032466055035,0.00711231730581,0.976222941597
363,0.00392444630119,0.00324370991892,0.00625139649148,0.00324370991892,0.00712142740486,0.976215309965
364,0.00391222009585,0.00323190319531,0.00623994114048,0.00323190319531,0.00711093691731,0.976273095456
365,0.00381615689092,0.0031508863011,0.00609455491486,0.0031508863011,0.00694775752694,0.976839758065
366,0.00379633910846,0.00313287419969,0.00607070783493,0.00313287419969,0.00692306352823,0.976944141129
367,0.00372455928051,0.00307202181008,0.00596359008397,0.00307202181008,0.00680335439859,0.977364452617
368,0.00366047868762,0.00301757958423,0.00586853008621,0.00301757958423,0.00669731879738,0.97773851326
369,0.00359752402059,0.00296412148324,0.00577502295754,0.00296412148324,0.0065929787773,0.978106231278
370,0.00352962651497,0.00290664836942,0.0056733205922,0.00290664836942,0.00647920340828,0.978504552746
371,0.00343621302981,0.00282823355051,0.00553028117445,0.00282823355051,0.00631811937556,0.979058919319
372,0.00333032537041,0.00273963875969,0.00536676227042,0.00273963875969,0.00613351312024,0.97969012172
373,0.0033091236908,0.00272076532035,0.00533945895922,0.00272076532035,0.00610450592241,0.979805380787
374,0.00328421210031,0.00269886229408,0.00530608262699,0.00269886229408,0.00606853136962,0.979943449315
375,0.00325936406974,0.00267703376621,0.00527271436494,0.00267703376621,0.00603253935571,0.980081314677
376,0.00324165964582,0.00266109167633,0.00525082260254,0.00266109167633,0.00600965568849,0.980175678711
377,0.00310950479844,0.00255126223024,0.00504324100386,0.00255126223024,0.00577415307646,0.980970576661
378,0.00308223750121,0.00252755965734,0.0050054502722,0.00252755965734,0.00573294859613,0.981124244316
379,0.00301336706097,0.0024697830055,0.00489990485953,0.0024697830055,0.00561408353037,0.981533078538
380,0.00284415286217,0.00232986706384,0.00463070489218,0.00232986706384,0.00530755683616,0.982557851282
381,0.0027755238866,0.00227245150219,0.00452478241265,0.00227245150219,0.00518801919548,0.982966771501
382,0.00273262436492,0.00223615053779,0.00446057890898,0.00223615053779,0.00511624610612,0.983218249544
383,0.00258002694052,0.00211016681016,0.00421690765816,0.00211016681016,0.0048384985749,0.984144233206
384,0.00251814324076,0.00205846944156,0.00412105907882,0.00205846944156,0.00473022384534,0.984513634952
385,0.00252761614433,0.00206512602897,0.00414188551348,0.00206512602897,0.00475584036723,0.984444405917
386,0.00244538617781,0.00199689090765,0.00401229616425,0.00199689090765,0.00460870051089,0.984939835332
387,0.00239587348491,0.00195542973131,0.00393611674011,0.00195542973131,0.00452282517664,0.985234325136
388,0.00232889137968,0.0018997611963,0.00383099762294,0.0018997611963,0.00440362206317,0.985636966542
389,0.00229658435671,0.00187242153814,0.00378271490986,0.00187242153814,0.0043496878724,0.985826169785
390,0.00228844372584,0.00186480278717,0.003774157381,0.00186480278717,0.00434141012288,0.985866383196
391,0.00224219309204,0.00182615286491,0.00370263872348,0.00182615286491,0.00426067564088,0.986142186814
392,0.00223607141661,0.00182020890742,0.00369728184752,0.00182020890742,0.004256043116,0.986170185805
393,0.00212053753768,0.00172525373538,0.00351076219402,0.00172525373538,0.00404279015426,0.986875402643
394,0.00207014166976,0.00168336590013,0.00343173761804,0.00168336590013,0.0039532127534,0.987178176159
395,0.0020210033884,0.00164254375066,0.00335459124751,0.00164254375066,0.00386573471954,0.987473583143
396,0.00198379430635,0.00161145428825,0.0032970669589,0.00161145428825,0.00380081325085,0.987695416907
397,0.00197080117864,0.00160005757731,0.00327968777368,0.00160005757731,0.00378213991714,0.987767255976
398,0.00192410874677,0.00156132695603,0.00320610588418,0.00156132695603,0.00369861628467,0.988048515172
399,0.00187485033906,0.00152055556868,0.00312804802949,0.00152055556868,0.00360986661609,0.988346123878
400,0.00184889236219,0.00149871400349,0.00308870901263,0.00149871400349,0.00356575141829,0.9884992192
401,0.00184512444328,0.00149487281989,0.00308638137113,0.00149487281989,0.00356434704881,0.988514401497
402,0.001738571884,0.00140780557841,0.00291189116394,0.00140780557841,0.00336404548195,0.989169880313
403,0.00172130996806,0.00139309444344,0.00288668988307,0.00139309444344,0.00333613161947,0.989269679643
404,0.00169751335209,0.00137311250301,0.00285044591627,0.00137311250301,0.00329543065599,0.98941038507
405,0.00169109333514,0.00136719967688,0.00284332002666,0.00136719967688,0.00328837579032,0.989442811494
406,0.00168745409727,0.00136353968845,0.00284085255495,0.00136353968845,0.00328670494249,0.989457909028
407,0.00165369416312,0.00133555708504,0.00278760014985,0.00133555708504,0.00322625603087,0.989661335486
408,0.00163900033533,0.00132299362334,0.00276638669966,0.00132299362334,0.00320285711224,0.989745768606
409,0.00162790911627,0.00131334949128,0.00275120251947,0.00131334949128,0.00318642398672,0.989807765395
410,0.00161513889946,0.00130236128743,0.00273313347934,0.00130236128743,0.0031666361856,0.989880368861
411,0.00159261986662,0.00128352749639,0.00269849522449,0.00128352749639,0.00312762955182,0.990014200364
412,0.00158884229821,0.00127980937582,0.00269555922236,0.00127980937582,0.00312535142522,0.990030628303
