episode,omega1,omega2,omega3,omega4,omega5,omega
1,0.166666666667,0.166666666667,0.166666666667,0.166666666667,0.166666666667,0.166666666667
2,0.166541834559,0.166541834559,0.166541834559,0.166541834559,0.167290827205,0.166541834559
3,0.166416629159,0.166416629159,0.166416629159,0.166416629159,0.167916854204,0.166416629159
4,0.166291050057,0.166291050057,0.166291050057,0.166291050057,0.168544749716,0.166291050057
5,0.166416629159,0.166416629159,0.166416629159,0.166416629159,0.167916854204,0.166416629159
6,0.166353886346,0.166353886346,0.166353886346,0.166353886346,0.168230568268,0.166353886346
7,0.166291050057,0.166291050057,0.166291050057,0.166291050057,0.168544749716,0.166291050057
8,0.166374811001,0.166374811001,0.166374811001,0.166374811001,0.168125944994,0.166374811001
9,0.166258275444,0.166258275444,0.166258275444,0.166258275444,0.168708622778,0.166258275444
10,0.166206947112,0.166206947112,0.166206947112,0.166206947112,0.168965264438,0.166206947112
11,0.166155556594,0.166155556594,0.166155556594,0.166155556594,0.169222217032,0.166155556594
12,0.166217217753,0.166217217753,0.166217217753,0.166217217753,0.168913911236,0.166217217753
13,0.166176120265,0.166176120265,0.166176120265,0.166176120265,0.169119398674,0.166176120265
14,0.166134982968,0.166134982968,0.166134982968,0.166134982968,0.169325085161,0.166134982968
15,0.166093805847,0.166093805847,0.166093805847,0.166093805847,0.169530970766,0.166093805847
16,0.166155556594,0.166155556594,0.166155556594,0.166155556594,0.169222217032,0.166155556594
17,0.166121261686,0.166121261686,0.166121261686,0.166121261686,0.169393691568,0.166121261686
18,0.166086939121,0.166086939121,0.166086939121,0.166086939121,0.169565304397,0.166086939121
19,0.166052588888,0.166052588888,0.166052588888,0.166052588888,0.169737055558,0.166052588888
20,0.166111458062,0.166111458062,0.166111458062,0.166111458062,0.169442709692,0.166111458062
21,0.166082033639,0.166082033639,0.166082033639,0.166082033639,0.169589831807,0.166082033639
22,0.166052588888,0.166052588888,0.166052588888,0.166052588888,0.169737055558,0.166052588888
23,0.166023123806,0.166023123806,0.166023123806,0.166023123806,0.169884380969,0.166023123806
24,0.165993638387,0.165993638387,0.165993638387,0.165993638387,0.170031808066,0.165993638387
25,0.165964132625,0.165964132625,0.165964132625,0.165964132625,0.170179336873,0.165964132625
26,0.165934606517,0.165934606517,0.165934606517,0.165934606517,0.170326967415,0.165934606517
27,0.165905060057,0.165905060057,0.165905060057,0.165905060057,0.170474699717,0.165905060057
28,0.16587549324,0.16587549324,0.16587549324,0.16587549324,0.170622533802,0.16587549324
29,0.165845906061,0.165845906061,0.165845906061,0.165845906061,0.170770469696,0.165845906061
30,0.165816298516,0.165816298516,0.165816298516,0.165816298516,0.170918507422,0.165816298516
31,0.165786670599,0.165786670599,0.165786670599,0.165786670599,0.171066647006,0.165786670599
32,0.165757022306,0.165757022306,0.165757022306,0.165757022306,0.17121488847,0.165757022306
33,0.165111800928,0.165111800928,0.165111800928,0.165111800928,0.174440995361,0.165111800928
34,0.16524352759,0.16524352759,0.16524352759,0.16524352759,0.173782362048,0.16524352759
35,0.1653486259,0.1653486259,0.1653486259,0.1653486259,0.173256870498,0.1653486259
36,0.165309243501,0.165309243501,0.165309243501,0.165309243501,0.173453782494,0.165309243501
37,0.165269825744,0.165269825744,0.165269825744,0.165269825744,0.173650871281,0.165269825744
38,0.165230372618,0.165230372618,0.165230372618,0.165230372618,0.173848136909,0.165230372618
39,0.165190884114,0.165190884114,0.165190884114,0.165190884114,0.174045579431,0.165190884114
40,0.16515136022,0.16515136022,0.16515136022,0.16515136022,0.174243198898,0.16515136022
41,0.165111800928,0.165111800928,0.165111800928,0.165111800928,0.174440995361,0.165111800928
42,0.165072206226,0.165072206226,0.165072206226,0.165072206226,0.174638968871,0.165072206226
43,0.165032576104,0.165032576104,0.165032576104,0.165032576104,0.174837119479,0.165032576104
44,0.164992910553,0.164992910553,0.164992910553,0.164992910553,0.175035447235,0.164992910553
45,0.164953209562,0.164953209562,0.164953209562,0.164953209562,0.175233952189,0.164953209562
46,0.164913473122,0.164913473122,0.164913473122,0.164913473122,0.175432634391,0.164913473122
47,0.165039784216,0.165039784216,0.165039784216,0.165039784216,0.174801078921,0.165039784216
48,0.165003731945,0.165003731945,0.165003731945,0.165003731945,0.174981340276,0.165003731945
49,0.164967650387,0.164967650387,0.164967650387,0.164967650387,0.175161748064,0.164967650387
50,0.164931539535,0.164931539535,0.164931539535,0.164931539535,0.175342302323,0.164931539535
51,0.164895399382,0.164895399382,0.164895399382,0.164895399382,0.175523003091,0.164895399382
52,0.165012747758,0.165012747758,0.165012747758,0.165012747758,0.17493626121,0.165012747758
53,0.164979680828,0.164979680828,0.164979680828,0.164979680828,0.175101595862,0.164979680828
54,0.164946589284,0.164946589284,0.164946589284,0.164946589284,0.175267053579,0.164946589284
55,0.164913473122,0.164913473122,0.164913473122,0.164913473122,0.175432634391,0.164913473122
56,0.164880332335,0.164880332335,0.164880332335,0.164880332335,0.175598338327,0.164880332335
57,0.164847166917,0.164847166917,0.164847166917,0.164847166917,0.175764165415,0.164847166917
58,0.164813976863,0.164813976863,0.164813976863,0.164813976863,0.175930115684,0.164813976863
59,0.164780762168,0.164780762168,0.164780762168,0.164780762168,0.176096189161,0.164780762168
60,0.164747522825,0.164747522825,0.164747522825,0.164747522825,0.176262385876,0.164747522825
61,0.164714258829,0.164714258829,0.164714258829,0.164714258829,0.176428705857,0.164714258829
62,0.164836957217,0.164836957217,0.164836957217,0.164836957217,0.175815213915,0.164836957217
63,0.164941859911,0.164941859911,0.164941859911,0.164941859911,0.175290700444,0.164941859911
64,0.164913473122,0.164913473122,0.164913473122,0.164913473122,0.175432634391,0.164913473122
65,0.164885068241,0.164885068241,0.164885068241,0.164885068241,0.175574658797,0.164885068241
66,0.164856645264,0.164856645264,0.164856645264,0.164856645264,0.175716773679,0.164856645264
67,0.164828204189,0.164828204189,0.164828204189,0.164828204189,0.175858979055,0.164828204189
68,0.164799745011,0.164799745011,0.164799745011,0.164799745011,0.176001274943,0.164799745011
69,0.164596991414,0.164596991414,0.164596991414,0.164596991414,0.177015042931,0.164596991414
70,0.16456581581,0.16456581581,0.16456581581,0.16456581581,0.177170920949,0.16456581581
71,0.16467094718,0.16467094718,0.16467094718,0.16467094718,0.176645264102,0.16467094718
72,0.16464176862,0.16464176862,0.16464176862,0.16464176862,0.1767911569,0.16464176862
73,0.164644326977,0.164644326977,0.164644326977,0.164644326977,0.176778365116,0.164644326977
74,0.164615572337,0.164615572337,0.164615572337,0.164615572337,0.176922138314,0.164615572337
75,0.164586799342,0.164586799342,0.164586799342,0.164586799342,0.177066003292,0.164586799342
76,0.164558007987,0.164558007987,0.164558007987,0.164558007987,0.177209960067,0.164558007987
77,0.164529198269,0.164529198269,0.164529198269,0.164529198269,0.177354008657,0.164529198269
78,0.164623561578,0.164623561578,0.164623561578,0.164623561578,0.176882192109,0.164623561578
79,0.16459639238,0.16459639238,0.16459639238,0.16459639238,0.1770180381,0.16459639238
80,0.164569206807,0.164569206807,0.164569206807,0.164569206807,0.177153965967,0.164569206807
81,0.164542004855,0.164542004855,0.164542004855,0.164542004855,0.177289975725,0.164542004855
82,0.164514786522,0.164514786522,0.164514786522,0.164514786522,0.177426067388,0.164514786522
83,0.158366480062,0.158366480062,0.158366480062,0.158366480062,0.1709546211,0.19557945865
84,0.158919664741,0.158919664741,0.158919664741,0.158919664741,0.171711868254,0.192609472781
85,0.158823270258,0.158823270258,0.158823270258,0.158823270258,0.171767857977,0.192939060992
86,0.158726804704,0.158726804704,0.158726804704,0.158726804704,0.171823725729,0.193269055456
87,0.158745221833,0.158745221833,0.158745221833,0.158745221833,0.171279361897,0.193739750773
88,0.158649915959,0.158649915959,0.158649915959,0.158649915959,0.171327860843,0.19407247532
89,0.158554538238,0.158554538238,0.158554538238,0.158554538238,0.171376234017,0.194405613032
90,0.158459088733,0.158459088733,0.158459088733,0.158459088733,0.17142448116,0.194739163909
91,0.15847140846,0.15847140846,0.15847140846,0.15847140846,0.170908399122,0.195205967038
92,0.158376976935,0.158376976935,0.158376976935,0.158376976935,0.170950006068,0.195542086193
93,0.154785534453,0.154785534453,0.154785534453,0.154785534453,0.16721376509,0.213644097096
94,0.15888061848,0.153873544675,0.153873544675,0.153873544675,0.166368153478,0.213130594016
95,0.15878570523,0.153728681273,0.153728681273,0.153728681273,0.166351117571,0.213677133381
96,0.158690552071,0.153583667188,0.153583667188,0.153583667188,0.166333772514,0.214224673851
97,0.158595159002,0.153438502619,0.153438502619,0.153438502619,0.166316117878,0.214773215264
98,0.158601600703,0.153391909534,0.153391909534,0.153391909534,0.165761244053,0.215461426641
99,0.158600154691,0.153337704351,0.153337704351,0.153337704351,0.165245638734,0.216141093524
100,0.158505899309,0.153193819302,0.153193819302,0.153193819302,0.165216619621,0.216696023162
101,0.158141563161,0.153098851979,0.153098851979,0.153098851979,0.165240256996,0.217321623907
102,0.196527126165,0.145964027876,0.145964027876,0.145964027876,0.157659885244,0.207920904964
103,0.194338049225,0.146207039797,0.146207039797,0.146207039797,0.158042936473,0.208997894913
104,0.19517592962,0.146428306466,0.146428306466,0.146428306466,0.158402957155,0.207136193826
105,0.193183143824,0.146641533641,0.146641533641,0.146641533641,0.15875473185,0.208137523403
106,0.193437420926,0.146445886919,0.146445886919,0.146445886919,0.158663964828,0.208560953489
107,0.194794186879,0.147082701684,0.147082701684,0.147082701684,0.159475569558,0.204482138511
108,0.195062397811,0.146895362585,0.146895362585,0.146895362585,0.159394043565,0.204857470869
109,0.192607939753,0.144663055452,0.144663055452,0.144663055452,0.171030487377,0.202372406516
110,0.187207433771,0.140234689971,0.140234689971,0.140234689971,0.16605220759,0.226036288726
111,0.188728898862,0.141000189233,0.141000189233,0.141000189233,0.167217677004,0.221052856434
112,0.18833323054,0.140332145917,0.140332145917,0.140332145917,0.169763654924,0.220906676784
113,0.188758626562,0.140276828948,0.140276828948,0.140276828948,0.168686809352,0.22172407724
114,0.187344287616,0.140316223349,0.140316223349,0.140316223349,0.169012259021,0.222694783316
115,0.185499848891,0.140428936144,0.140428936144,0.140428936144,0.169426781497,0.22378656118
116,0.185082073006,0.140294984185,0.140294984185,0.140294984185,0.16954412103,0.22448885341
117,0.185223743406,0.140064529363,0.140064529363,0.140064529363,0.169544572886,0.225038095619
118,0.183598100511,0.140137391159,0.140137391159,0.140137391159,0.169912327937,0.226077398076
119,0.182094293833,0.140188429316,0.140188429316,0.140188429316,0.170254330539,0.227086087679
120,0.174804408329,0.134278238728,0.134278238728,0.134278238728,0.163345347495,0.259015527992
121,0.175043099243,0.134163899267,0.134163899267,0.134163899267,0.162237525882,0.260227677074
122,0.176330724823,0.134851596607,0.134851596607,0.134851596607,0.163327519344,0.255786966014
123,0.172110661621,0.131332828116,0.131332828116,0.131332828116,0.159317763075,0.274573090955
124,0.172096877361,0.131031567052,0.131031567052,0.131031567052,0.159204180966,0.275604240515
125,0.172280634058,0.130881067462,0.130881067462,0.130881067462,0.158119337713,0.276956825844
126,0.1722662098,0.130580367871,0.130580367871,0.130580367871,0.157996769983,0.277995916603
127,0.169490190501,0.128191662365,0.128191662365,0.128191662365,0.155343205566,0.290591616839
128,0.169622946402,0.128008036689,0.128008036689,0.128008036689,0.154286704346,0.292066239185
129,0.169743492565,0.127815401917,0.127815401917,0.127815401917,0.15328325047,0.293527051214
130,0.169852956169,0.127614666072,0.127614666072,0.127614666072,0.152327271249,0.294975774364
131,0.169803935116,0.127295382805,0.127295382805,0.127295382805,0.152154804951,0.296155111516
132,0.169753685448,0.126975968775,0.126975968775,0.126975968775,0.151981421269,0.297336986957
133,0.168122567622,0.126897390794,0.126897390794,0.126897390794,0.152095934388,0.29908932561
134,0.168058329942,0.126578856028,0.126578856028,0.126578856028,0.151922474494,0.300282627479
135,0.167992876662,0.126260188773,0.126260188773,0.126260188773,0.151748092203,0.301478464816
136,0.167926207111,0.125941392477,0.125941392477,0.125941392477,0.151572789239,0.302676826219
137,0.160551705377,0.120154317105,0.120154317105,0.120154317105,0.14480650696,0.334178836347
138,0.157897877793,0.117916666713,0.117916666713,0.117916666713,0.142304894732,0.346047227336
139,0.157720204666,0.117533231649,0.117533231649,0.117533231649,0.142036927176,0.347643173211
140,0.153674766736,0.114274769157,0.114274769157,0.114274769157,0.138288762303,0.36521216349
141,0.153452759317,0.113866753042,0.113866753042,0.113866753042,0.137984219087,0.366962762471
142,0.140981659079,0.104390095816,0.104390095816,0.104390095816,0.126674070383,0.419173983089
143,0.140631607483,0.103909215185,0.103909215185,0.103909215185,0.126263679346,0.421377067618
144,0.130660183929,0.0963360495902,0.0963360495902,0.0963360495902,0.117222007769,0.463109659531
145,0.130312555826,0.0958751983523,0.0958751983523,0.0958751983523,0.116079165503,0.465982683615
146,0.133732022049,0.0981815464908,0.0981815464908,0.0981815464908,0.119029495427,0.452693843052
147,0.131934470239,0.0966556352265,0.0966556352265,0.0966556352265,0.117335283146,0.460763340935
148,0.131506790157,0.0961372121236,0.0961372121236,0.0961372121236,0.116861025323,0.463220548148
149,0.131065489122,0.0956106219856,0.0956106219856,0.0956106219856,0.116375359137,0.465727285785
150,0.129304137868,0.0952384576106,0.0952384576106,0.0952384576106,0.116076409616,0.468904079684
151,0.128865755717,0.0947209793535,0.0947209793535,0.0947209793535,0.115599116524,0.471372189699
152,0.128034003697,0.0939166743374,0.0939166743374,0.0939166743374,0.114769836499,0.475446136792
153,0.127588951499,0.0933983431303,0.0933983431303,0.0933983431303,0.114288083927,0.477927935184
154,0.127142254273,0.0928805407504,0.0928805407504,0.0928805407504,0.113805496322,0.480410627154
155,0.126693939598,0.0923632897776,0.0923632897776,0.0923632897776,0.11332210088,0.482894090189
156,0.122912963253,0.089423150295,0.089423150295,0.089423150295,0.109860586196,0.498956999666
157,0.121212124848,0.0890169569807,0.0890169569807,0.0890169569807,0.109506881795,0.502230122415
158,0.119365618771,0.0874875971577,0.0874875971577,0.0874875971577,0.10776851033,0.510403079426
159,0.119646361054,0.0875199952066,0.0875199952066,0.0875199952066,0.107951678231,0.509841975095
160,0.119156662542,0.0869894684252,0.0869894684252,0.0869894684252,0.107439879437,0.512435052745
161,0.115688288377,0.0842904355052,0.0842904355052,0.0842904355052,0.104244669147,0.52719573596
162,0.114446288428,0.0832206628184,0.0832206628184,0.0832206628184,0.109388575814,0.526503147303
163,0.112287642538,0.0814895608347,0.0814895608347,0.0814895608347,0.107295200438,0.53594847452
164,0.108775182616,0.0787844286867,0.0787844286867,0.0787844286867,0.103909732935,0.550961798388
165,0.108326515939,0.0783043519957,0.0783043519957,0.0783043519957,0.102582671674,0.5541777564
166,0.107782759711,0.0777572655319,0.0777572655319,0.0777572655319,0.102033845912,0.556911597781
167,0.105790102668,0.0761688282216,0.0761688282216,0.0761688282216,0.100114209606,0.565589203062
168,0.10249141031,0.0736478818258,0.0736478818258,0.0736478818258,0.0969602843779,0.579604659835
169,0.0999056256523,0.0716478711765,0.0716478711765,0.0716478711765,0.0944826536247,0.590668107194
170,0.098300127685,0.0711731964558,0.0711731964558,0.0711731964558,0.0940113812374,0.59416890171
171,0.0967704431877,0.0706931864889,0.0706931864889,0.0706931864889,0.0935312399613,0.597618757384
172,0.0953088190653,0.0702086335314,0.0702086335314,0.0702086335314,0.0930432401376,0.601022040203
173,0.0950555921452,0.0698970475165,0.0698970475165,0.0698970475165,0.0927829780877,0.602470287218
174,0.0945505681161,0.06940152764,0.06940152764,0.06940152764,0.0915070843835,0.60573776458
175,0.0878680394198,0.0643812717542,0.0643812717542,0.0643812717542,0.0850235777862,0.633964567531
176,0.0900254475315,0.065844216122,0.065844216122,0.065844216122,0.0870946731156,0.625347230987
177,0.0879923044363,0.0642422527962,0.0642422527962,0.0642422527962,0.0851116207514,0.634169316424
178,0.0874578154732,0.0637379987578,0.0637379987578,0.0637379987578,0.0838977491302,0.637430439123
179,0.0868643289202,0.0631924210572,0.0631924210572,0.0631924210572,0.0833088587373,0.640249549171
180,0.0846587993819,0.0614779473278,0.0614779473278,0.0614779473278,0.0811745432101,0.649732815425
181,0.084213242497,0.0610451788687,0.0610451788687,0.0610451788687,0.0807283674503,0.651922853447
182,0.0783871644042,0.0567204494138,0.0567204494138,0.0567204494138,0.0751257407132,0.676325746641
183,0.0729395657435,0.0526843480038,0.0526843480038,0.0526843480038,0.0698883871291,0.699119003116
184,0.0725375021559,0.0523003699159,0.0523003699159,0.0523003699159,0.0694868257952,0.701074562301
185,0.071929820347,0.0517696069137,0.0517696069137,0.0517696069137,0.0688885247631,0.703872834149
186,0.0713245496811,0.0512423050845,0.0512423050845,0.0512423050845,0.0682928094728,0.706655725593
187,0.0715162277301,0.051288257673,0.051288257673,0.051288257673,0.0684602643494,0.706158734901
188,0.0706674989339,0.0505890816689,0.0505890816689,0.0505890816689,0.0711432495677,0.706422006492
189,0.0711204231083,0.0508223958048,0.0508223958048,0.0508223958048,0.0716017920092,0.704810597468
190,0.0646885421495,0.0461436446201,0.0461436446201,0.0461436446201,0.0651287145582,0.731751809432
191,0.0634646075792,0.0456718889263,0.0456718889263,0.0456718889263,0.0645805057145,0.734939219927
192,0.0627476145874,0.0450777863957,0.0450777863957,0.0450777863957,0.0638567636542,0.738162262571
193,0.0612644414196,0.0439361325038,0.0439361325038,0.0439361325038,0.0623530932733,0.744574067796
194,0.0612676220208,0.0438623966292,0.0438623966292,0.0438623966292,0.0623620510959,0.744783136996
195,0.060941293645,0.0435532921606,0.0435532921606,0.0435532921606,0.0620355842418,0.746363245631
196,0.058988703075,0.0420848858527,0.0420848858527,0.0420848858527,0.0600534409607,0.754703198406
197,0.0584210212663,0.0416077696617,0.0416077696617,0.0416077696617,0.059480968985,0.757274700763
198,0.057219161121,0.0406812945487,0.0406812945487,0.0406812945487,0.0582626478293,0.762474307404
199,0.0571180340364,0.040539138492,0.040539138492,0.040539138492,0.0581650122169,0.763099538271
200,0.0560062094192,0.0400977774972,0.0400977774972,0.0400977774972,0.0576367475064,0.766063710583
201,0.0538498784869,0.0384892655284,0.0384892655284,0.0384892655284,0.0554256305328,0.775256694395
202,0.0538409815463,0.0384183438533,0.0384183438533,0.0384183438533,0.055424465432,0.775479521462
203,0.0532393989713,0.0379253492699,0.0379253492699,0.0379253492699,0.0548130941053,0.778171459114
204,0.0533666280791,0.0379522023357,0.0379522023357,0.0379522023357,0.054952008012,0.777824756902
205,0.0528303391418,0.0375077828193,0.0375077828193,0.0375077828193,0.0544076329182,0.780238679482
206,0.0536730216025,0.0380421289839,0.0380421289839,0.0380421289839,0.0552834462123,0.776917145234
207,0.0544111705276,0.0375514386912,0.0375514386912,0.0375514386912,0.0546699566891,0.77826455671
208,0.0540934369094,0.0372650094553,0.0372650094553,0.0372650094553,0.0543519637785,0.779759570946
209,0.0531163643723,0.0365260870198,0.0365260870198,0.0365260870198,0.053371450856,0.783933923712
210,0.052618149473,0.0361184019181,0.0361184019181,0.0361184019181,0.0523303126851,0.786696332088
211,0.052560700549,0.0360140737224,0.0360140737224,0.0360140737224,0.0522718061054,0.787125272178
212,0.0524134989797,0.035848616965,0.035848616965,0.035848616965,0.0521240455742,0.787916604551
213,0.0506238457223,0.0345622919515,0.0345622919515,0.0345622919515,0.0503429543782,0.795346324045
214,0.0515172473707,0.0351089788927,0.0351089788927,0.0351089788927,0.0512300543238,0.791925761627
215,0.0521778847218,0.0354952439743,0.0354952439743,0.0354952439743,0.0518856470387,0.789450736317
216,0.0508543892249,0.0345326802587,0.0345326802587,0.0345326802587,0.0505682369634,0.794979333035
217,0.0498201307731,0.0341467990788,0.0341467990788,0.0341467990788,0.0500919545329,0.797647517457
218,0.050987787851,0.0348860495139,0.0348860495139,0.0348860495139,0.0512672739295,0.793086789678
219,0.0505522467872,0.034527614327,0.034527614327,0.034527614327,0.0508306259391,0.795034284293
220,0.050029423577,0.034110814945,0.034110814945,0.034110814945,0.0503061909174,0.797331940671
221,0.0506377485413,0.0344652529895,0.0344652529895,0.0344652529895,0.0509191638832,0.795047328607
222,0.0496357023572,0.0340882188028,0.0340882188028,0.0340882188028,0.0504515548773,0.797648086357
223,0.0486737850572,0.0337129949466,0.0337129949466,0.0337129949466,0.0499848088512,0.800202421252
224,0.0449458624726,0.0310794608028,0.0310794608028,0.0310794608028,0.0461620013554,0.815653753764
225,0.0443597931925,0.0307087917594,0.0307087917594,0.0307087917594,0.0456924385883,0.817821392941
226,0.0444348431585,0.0307102818451,0.0307102818451,0.0307102818451,0.0457757915925,0.817658519714
227,0.0438991343529,0.0302902627864,0.0302902627864,0.0302902627864,0.0469050771076,0.81832500018
228,0.0409351374313,0.0281987768926,0.0281987768926,0.0281987768926,0.0437509436313,0.83071758826
229,0.0409633854642,0.0281719425998,0.0281719425998,0.0281719425998,0.0437939670959,0.830726819641
230,0.0405211957733,0.0278221148774,0.0278221148774,0.0278221148774,0.0433339195032,0.832678540091
231,0.040543160819,0.0277915279641,0.0277915279641,0.0277915279641,0.0433701173614,0.832712137927
232,0.0395105909309,0.0270392897593,0.0270392897593,0.0270392897593,0.0422779374945,0.837093602297
233,0.0393032968692,0.0268533004115,0.0268533004115,0.0268533004115,0.0420684511564,0.83806835074
234,0.0390932076655,0.0266659419395,0.0266659419395,0.0266659419395,0.0418558457156,0.8390531208
235,0.0382922474017,0.0260767469642,0.0260767469642,0.0260767469642,0.0410102998817,0.842467211824
236,0.0373274845066,0.0253780480043,0.0253780480043,0.0253780480043,0.0399887737349,0.846549597746
237,0.037537112356,0.0254787011585,0.0254787011585,0.0254787011585,0.0402251337573,0.845801650411
238,0.034544358303,0.0234088720749,0.0234088720749,0.0234088720749,0.0370289195469,0.858200105926
239,0.0345983345162,0.0234069854968,0.0234069854968,0.0234069854968,0.0370976481388,0.858083060855
240,0.0345603711047,0.0233429437716,0.0233429437716,0.0233429437716,0.0370678037874,0.858342993793
241,0.0343201667926,0.0231426746822,0.0231426746822,0.0231426746822,0.0368209612432,0.859430847917
242,0.0319496863476,0.0215088749036,0.0215088749036,0.0215088749036,0.0342877987813,0.86923589016
243,0.0321873765426,0.0216333416632,0.0216333416632,0.0216333416632,0.0345530079852,0.868359590483
244,0.0316811376373,0.0212581629127,0.0212581629127,0.0212581629127,0.034019531001,0.870524842624
245,0.0315559399494,0.0211394175752,0.0211394175752,0.0211394175752,0.0338950242226,0.871130783102
246,0.0313826913463,0.0209888679963,0.0209888679963,0.0209888679963,0.0337188137179,0.871931890947
247,0.0313351040727,0.020922660408,0.020922660408,0.020922660408,0.0336775521174,0.872219362586
248,0.0307105560062,0.0204720049552,0.0204720049552,0.0204720049552,0.0330159903266,0.874857438802
249,0.0306593338787,0.020404330415,0.020404330415,0.020404330415,0.0329705838748,0.875157091002
250,0.0312581746113,0.0207687414373,0.0207687414373,0.0207687414373,0.0336244206337,0.872811180443
251,0.0313328578655,0.0207842094043,0.0207842094043,0.0207842094043,0.0337146363437,0.872599877578
252,0.0315635093954,0.0209028603487,0.0209028603487,0.0209028603487,0.0339727754999,0.871755134059
253,0.0308852398391,0.0206379164665,0.0206379164665,0.0206379164665,0.0336071357554,0.873593875006
254,0.0301256332566,0.0200981588577,0.0200981588577,0.0200981588577,0.0327915740871,0.876788316083
255,0.0299366105126,0.0199401276693,0.0199401276693,0.0199401276693,0.0325967472022,0.877646259277
256,0.0294532528853,0.0195868136563,0.0195868136563,0.0195868136563,0.0320811894009,0.879705116745
257,0.0294148704146,0.019530019753,0.019530019753,0.019530019753,0.0320501223747,0.879944947952
258,0.0286267655137,0.0189763744504,0.0189763744504,0.0189763744504,0.0312018676889,0.883242243446
259,0.0282672531419,0.0187081044824,0.0187081044824,0.0187081044824,0.0308203435933,0.884788089818
260,0.0266450042215,0.0176062631902,0.0176062631902,0.0176062631902,0.0290613121242,0.891474894084
261,0.0249013651078,0.016427813738,0.016427813738,0.016427813738,0.0271686550135,0.898646538665
262,0.0249030619371,0.0164026712454,0.0164026712454,0.0164026712454,0.0271796143017,0.898709310025
263,0.0243593613187,0.0160189094639,0.0160189094639,0.0160189094639,0.0265951225371,0.900988787753
264,0.0241748579673,0.0158721660567,0.0158721660567,0.0158721660567,0.02640253258,0.901806111283
265,0.0235951994198,0.0154668237732,0.0154668237732,0.0154668237732,0.0257780977309,0.90422623153
266,0.0228595322368,0.0149606355084,0.0149606355084,0.0149606355084,0.0249827424425,0.907275818796
267,0.0213854158554,0.0139735135498,0.0139735135498,0.0139735135498,0.0233795435922,0.913314499903
268,0.0212276274805,0.0138482404587,0.0138482404587,0.0138482404587,0.0232148212594,0.914012829884
269,0.021179762258,0.0137949279613,0.0137949279613,0.0137949279613,0.023170239612,0.914265214246
270,0.0211538457192,0.0137560234144,0.0137560234144,0.0137560234144,0.0231496449406,0.914428439097
271,0.0211255765503,0.0137156805631,0.0137156805631,0.0137156805631,0.0231264584017,0.914600923359
272,0.0211974634323,0.0137403534361,0.0137403534361,0.0137403534361,0.023212932673,0.914368543586
273,0.0204315685303,0.0132227240838,0.0132227240838,0.0132227240838,0.0223817161355,0.917518543083
274,0.0204624892033,0.0132215663274,0.0132215663274,0.0132215663274,0.022423102159,0.917449709655
275,0.0192514922201,0.0124192125707,0.0124192125707,0.0124192125707,0.0211031452464,0.922387724821
276,0.0189162560909,0.012183443824,0.012183443824,0.012183443824,0.0207426162373,0.9237907962
277,0.018866557677,0.0121320101675,0.0121320101675,0.0121320101675,0.020695054421,0.924042357399
278,0.0188152244449,0.0120796602362,0.0120796602362,0.0120796602362,0.0206456645253,0.924300130321
279,0.0189648002134,0.0121562271155,0.0121562271155,0.0121562271155,0.0208167675343,0.923749750906
280,0.0185587770465,0.0118769548549,0.0118769548549,0.0118769548549,0.0203779237332,0.925432434656
281,0.0183677507118,0.0117051352913,0.0117051352913,0.0117051352913,0.0201220213037,0.926394822111
282,0.0182472669525,0.0116096581365,0.0116096581365,0.0116096581365,0.0199965437685,0.926927214869
283,0.0182668645258,0.0116034399268,0.0116034399268,0.0116034399268,0.0200245425956,0.926898273098
284,0.0180333759496,0.0114367053291,0.0114367053291,0.0114367053291,0.019775028489,0.927881479574
285,0.0178086607808,0.0112760320304,0.0112760320304,0.0112760320304,0.0195349735291,0.928828269599
286,0.0172659987155,0.0109148529248,0.0109148529248,0.0109148529248,0.0189458787758,0.931043563734
287,0.0166974272408,0.0105384536072,0.0105384536072,0.0105384536072,0.0183279585496,0.933359253388
288,0.0166819671136,0.010511767184,0.010511767184,0.010511767184,0.0183169550383,0.933465776296
289,0.0157139669395,0.0098858826849,0.0098858826849,0.0098858826849,0.0172597037921,0.937368681214
290,0.0154921941951,0.00973069127754,0.00973069127754,0.00973069127754,0.017963323985,0.937352407987
291,0.0156193580795,0.00979478906472,0.00979478906472,0.00979478906472,0.0181200483674,0.936876226359
292,0.0151470690263,0.0094833472942,0.0094833472942,0.0094833472942,0.0175811458323,0.938821743259
293,0.0151004778296,0.00943897607682,0.00943897607682,0.00943897607682,0.0175360454508,0.939046548489
294,0.0146074899787,0.00911613896493,0.00911613896493,0.00911613896493,0.0169722324045,0.941071860722
295,0.0145453353341,0.00906275464282,0.00906275464282,0.00906275464282,0.016908672469,0.941357728268
296,0.0145692752989,0.00906307509693,0.00906307509693,0.00906307509693,0.0169451775584,0.941296321852
297,0.0136196876328,0.00845874476098,0.00845874476098,0.00845874476098,0.0158488487895,0.945155229295
298,0.0128405247973,0.0079620095055,0.0079620095055,0.0079620095055,0.0149498126184,0.948323634068
299,0.0127034276021,0.00786433453253,0.00786433453253,0.00786433453253,0.0147977706793,0.948905798121
300,0.0119313708621,0.00737449952402,0.00737449952402,0.00737449952402,0.0139055484182,0.952039582148
301,0.0112968371477,0.00697108245212,0.00697108245212,0.00697108245212,0.0131727680662,0.95461714743
302,0.010843466753,0.00668055660386,0.00668055660386,0.00668055660386,0.0126505885219,0.956464274913
303,0.0107748665279,0.00662761907899,0.00662761907899,0.00662761907899,0.0125769946856,0.95676528155
304,0.0104039743983,0.00638919377283,0.00638919377283,0.00638919377283,0.0121502902806,0.958278154003
305,0.0101464825183,0.00622104640383,0.00622104640383,0.00622104640383,0.0118556478503,0.95933473042
306,0.0100098553058,0.00612740904907,0.00612740904907,0.00612740904907,0.0117019969288,0.959905920618
307,0.0100012943048,0.00611232482453,0.00611232482453,0.00611232482453,0.0116979776687,0.959963753553
308,0.00998189262796,0.00609065860326,0.00609065860326,0.00609065860326,0.0116812649686,0.960064866594
309,0.00966612432157,0.00588850277359,0.00588850277359,0.00588850277359,0.0113175327105,0.961350834647
310,0.00962610870945,0.00585469686567,0.00585469686567,0.00585469686567,0.0112764537855,0.961533346908
311,0.00952450934347,0.00578358880738,0.00578358880738,0.00578358880738,0.0111631508939,0.961961573341
312,0.00947311233535,0.0057431297526,0.0057431297526,0.0057431297526,0.0111085985175,0.962188899889
313,0.00942144022642,0.00570261933894,0.00570261933894,0.00570261933894,0.011053664565,0.962417037192
314,0.00933400532344,0.00564061261259,0.00564061261259,0.00564061261259,0.0109566913825,0.962787465456
315,0.00912331571816,0.00550442652001,0.00550442652001,0.00550442652001,0.0107148597189,0.963648545003
316,0.00906172768179,0.00545847751653,0.00545847751653,0.00545847751653,0.0106479791686,0.9639148606
317,0.00903076535626,0.00543108027141,0.00543108027141,0.00543108027141,0.0106170324525,0.964058961377
318,0.00892043572693,0.00535610246076,0.00535610246076,0.00535610246076,0.0104926951576,0.964518561733
319,0.00884795207308,0.00530403906393,0.00530403906393,0.00530403906393,0.0104127669687,0.964827163766
320,0.00883375244798,0.00528701231037,0.00528701231037,0.00528701231037,0.0104013811974,0.964903829424
321,0.00872504095254,0.00521355207175,0.00521355207175,0.00521355207175,0.0102786401762,0.965355662656
322,0.00845230872566,0.00504246320107,0.00504246320107,0.00504246320107,0.00996244509787,0.966457856573
323,0.00838280268391,0.00499295640635,0.00499295640635,0.00499295640635,0.00988558179477,0.966752746302
324,0.0081773378934,0.00486274637135,0.00486274637135,0.00486274637135,0.00964822303081,0.967586199962
325,0.0081098348862,0.00481485077434,0.00481485077434,0.00481485077434,0.00957347931989,0.967872133471
326,0.00807078034964,0.00478395947308,0.00478395947308,0.00478395947308,0.00953225649344,0.968045084738
327,0.00785627354166,0.0047091926591,0.0047091926591,0.0047091926591,0.0094032058235,0.968612942658
328,0.00774712982486,0.00463648528245,0.00463648528245,0.00463648528245,0.00927768505418,0.969065729274
329,0.00773915965142,0.00462444956462,0.00462444956462,0.00462444956462,0.00927325160659,0.969114240048
330,0.00772368879409,0.00460796527786,0.00460796527786,0.00460796527786,0.00925981798647,0.969192597386
331,0.0076380062829,0.00454969865222,0.00454969865222,0.00454969865222,0.00916214457706,0.969550753183
332,0.00750691777517,0.00446459912405,0.00446459912405,0.00446459912405,0.00900986397064,0.970089420882
333,0.00729087571443,0.00432931010904,0.00432931010904,0.00432931010904,0.00875539443394,0.970965799524
334,0.00715361181648,0.00424113952545,0.00424113952545,0.00424113952545,0.00859529598959,0.971527673618
335,0.00716177302853,0.0042393173958,0.0042393173958,0.0042393173958,0.00860984763307,0.971510427151
336,0.00712482233043,0.00421082903357,0.00421082903357,0.00421082903357,0.00857014949095,0.971672541078
337,0.00695055304343,0.00410139050406,0.00410139050406,0.00410139050406,0.00836513908781,0.972380136357
338,0.00694078417823,0.00408920129489,0.00408920129489,0.00408920129489,0.00835798891041,0.972433623027
339,0.00674201897493,0.00396586667126,0.00396586667126,0.00396586667126,0.00812311621412,0.973237264797
340,0.00661514527121,0.0038851314265,0.0038851314265,0.0038851314265,0.00797464809885,0.97375481235
341,0.00646684114149,0.00379207319181,0.00379207319181,0.00379207319181,0.00780016483429,0.974356774449
342,0.00628243292717,0.00367815959236,0.00367815959236,0.00367815959236,0.00758191470281,0.975101173593
343,0.00604274564612,0.00353228073121,0.00353228073121,0.00353228073121,0.00729667148414,0.976063740676
344,0.00594941632728,0.00347226968618,0.00347226968618,0.00347226968618,0.00718793740194,0.976445837212
345,0.00583819061427,0.00340200970363,0.00340200970363,0.00340200970363,0.00705744726306,0.976898333012
346,0.0057291145528,0.0033332122817,0.0033332122817,0.0033332122817,0.00692941102945,0.977341837573
347,0.00567266524946,0.00329519267277,0.00329519267277,0.00329519267277,0.00686491902589,0.977576837706
348,0.00549951193686,0.00318959833494,0.00318959833494,0.00318959833494,0.00665904358908,0.978272649469
349,0.00529148706995,0.00306413415569,0.00306413415569,0.00306413415569,0.0064106917337,0.979105418729
350,0.00525800125838,0.00303996730053,0.00303996730053,0.00303996730053,0.00637363642441,0.979248460416
351,0.00516017497675,0.002978727978,0.002978727978,0.002978727978,0.00625850314248,0.979645137947
352,0.00510930355145,0.00294473563231,0.00294473563231,0.00294473563231,0.00620022139832,0.979856268153
353,0.00508696829034,0.00292726355801,0.00292726355801,0.00292726355801,0.00617652165477,0.979954719381
354,0.00504268885183,0.00289723122554,0.00289723122554,0.00289723122554,0.00612613489493,0.980139482577
355,0.00491145182081,0.00281740358832,0.00281740358832,0.00281740358832,0.00596999156868,0.980666345846
356,0.00486860199102,0.00278844214005,0.00278844214005,0.00278844214005,0.00592117024171,0.980844901347
357,0.00456270642764,0.0026091441951,0.0026091441951,0.0026091441951,0.00555220186591,0.982057659121
358,0.00439214512455,0.00250767024073,0.00250767024073,0.00250767024073,0.00534759918865,0.982737244965
359,0.00413356666732,0.00235633416766,0.00235633416766,0.00235633416766,0.00503554590516,0.983761884925
360,0.00408799610347,0.00232670111093,0.00232670111093,0.00232670111093,0.00498277792821,0.983949122636
361,0.00406621959741,0.00231067647563,0.00231067647563,0.00231067647563,0.00495896831993,0.984042782656
362,0.00404020369141,0.0022922910812,0.0022922910812,0.0022922910812,0.00492995791214,0.984152965153
363,0.00383146062917,0.00217044637663,0.00217044637663,0.00217044637663,0.00467782277098,0.98497937747
364,0.00380288611731,0.00215088010818,0.00215088010818,0.00215088010818,0.00464549676833,0.98509897679
365,0.00379296184629,0.00214190175635,0.00214190175635,0.00214190175635,0.00463592885217,0.985145404032
366,0.00376846889001,0.00212473218707,0.00212473218707,0.00212473218707,0.00460853264604,0.985248801903
367,0.00372160587614,0.0020950183494,0.0020950183494,0.0020950183494,0.00455373295384,0.985439606122
368,0.00368014636111,0.0020684295484,0.0020684295484,0.0020684295484,0.00450548674897,0.985609078245
369,0.00368130933121,0.00206583743754,0.00206583743754,0.00206583743754,0.00450939608164,0.985611782275
370,0.00360738026121,0.00202117513232,0.00202117513232,0.00202117513232,0.004421274118,0.985907820224
371,0.00357570002911,0.00200028228814,0.00200028228814,0.00200028228814,0.00438486312427,0.986038589982
372,0.00338109288508,0.00188845005381,0.00188845005381,0.00188845005381,0.00414850397764,0.986805052976
373,0.00334338286425,0.00186445842315,0.00186445842315,0.00186445842315,0.00410449723184,0.986958744634
374,0.00333094861381,0.0018546104973,0.0018546104973,0.0018546104973,0.00409148754651,0.987013732348
375,0.00326428965596,0.00181464492829,0.00181464492829,0.00181464492829,0.00401181996527,0.987279955594
376,0.00326000433631,0.00180941979822,0.00180941979822,0.00180941979822,0.00400876289688,0.987302973372
377,0.00317690960159,0.00176053315061,0.00176053315061,0.00176053315061,0.00390873741065,0.987632753536
378,0.00315885978833,0.00174778452242,0.00174778452242,0.00174778452242,0.00388867307865,0.987709113566
379,0.00315671981584,0.00174386060177,0.00174386060177,0.00174386060177,0.00388818183003,0.987723516549
380,0.00310834284173,0.00171444214252,0.00171444214252,0.00171444214252,0.0038307066009,0.98791762413
381,0.0030903803154,0.00170186081106,0.00170186081106,0.00170186081106,0.00381067008348,0.987993367168
382,0.00308325446344,0.00169527308751,0.00169527308751,0.00169527308751,0.00380398010023,0.988026946174
383,0.00288452386019,0.00158351661382,0.00158351661382,0.00158351661382,0.00356075792067,0.988804168378
384,0.00279959975761,0.00153448492255,0.00153448492255,0.00153448492255,0.00345783054539,0.989139114929
385,0.00276453848296,0.00151289054195,0.00151289054195,0.00151289054195,0.00341640890182,0.989280380989
386,0.0027429184454,0.00149870429812,0.00149870429812,0.00149870429812,0.00339156032259,0.989369408338
387,0.00273195340977,0.00149037149725,0.00149037149725,0.00149037149725,0.00337986524551,0.989417066853
388,0.00267748696278,0.00145836691151,0.00145836691151,0.00145836691151,0.00331430832257,0.98963310398
389,0.00251617635733,0.00136835475085,0.00136835475085,0.00136835475085,0.00311634883717,0.990262410553
390,0.00245274133191,0.00133176490608,0.00133176490608,0.00133176490608,0.00303945826065,0.990512505689
391,0.0023223407273,0.00125898322979,0.00125898322979,0.00125898322979,0.00287945183639,0.991021257747
392,0.00231698800897,0.00125411101573,0.00125411101573,0.00125411101573,0.00287439939072,0.991046279553
393,0.00229890699498,0.00124237238033,0.00124237238033,0.00124237238033,0.00285354137177,0.991120434492
394,0.00227842849309,0.00122937387259,0.00122937387259,0.00122937387259,0.00282968192524,0.991203767964
395,0.00227628354381,0.00122628982385,0.00122628982385,0.00122628982385,0.00282857710751,0.991216269877
396,0.00219992583634,0.00118329490785,0.00118329490785,0.00118329490785,0.00273520038866,0.991514989051
397,0.00206872758614,0.00111098053751,0.00111098053751,0.00111098053751,0.00257349815304,0.992024832648
398,0.00204801208993,0.00109813023951,0.00109813023951,0.00109813023951,0.00254913312837,0.992108464063
399,0.00200765933191,0.0010748046743,0.0010748046743,0.0010748046743,0.00250028473083,0.992267641914
400,0.00199191428531,0.00106470271294,0.00106470271294,0.00106470271294,0.00248204435904,0.992331933217
401,0.00198375295227,0.00105867702991,0.00105867702991,0.00105867702991,0.00247323808006,0.992366977878
402,0.0019446527762,0.00103618228212,0.00103618228212,0.00103618228212,0.00242582714976,0.992520973228
403,0.00193124995933,0.0010274265195,0.0010274265195,0.0010274265195,0.00241043662684,0.992576033855
404,0.00190945939143,0.00101424038701,0.00101424038701,0.00101424038701,0.00238455367569,0.992663265772
405,0.00185813012728,0.00098542775043,0.00098542775043,0.00098542775043,0.00232173285348,0.992863853768
406,0.00182448560319,0.000966067103478,0.000966067103478,0.000966067103478,0.00228095127722,0.992996361809
407,0.00179420043319,0.000948540764724,0.000948540764724,0.000948540764724,0.00224432615571,0.993115851117
408,0.00178660985369,0.000943046174032,0.000943046174032,0.000943046174032,0.00223606376703,0.993148187857
409,0.00175144462049,0.000923034283718,0.000923034283718,0.000923034283718,0.00219326099451,0.993286191534
