episode,omega2,omega3,omega4,omega
1,0.25,0.25,0.25,0.25
2,0.25,0.25,0.25,0.25
3,0.25,0.25,0.25,0.25
4,0.25,0.25,0.25,0.25
5,0.25,0.25,0.25,0.25
6,0.25,0.25,0.25,0.25
7,0.25,0.25,0.25,0.25
8,0.25,0.25,0.25,0.25
9,0.25,0.25,0.25,0.25
10,0.25,0.25,0.25,0.25
11,0.25,0.25,0.25,0.25
12,0.25,0.25,0.25,0.25
13,0.25,0.25,0.25,0.25
14,0.25,0.25,0.25,0.25
15,0.25,0.25,0.25,0.25
16,0.25,0.25,0.25,0.25
17,0.25,0.25,0.25,0.25
18,0.25,0.25,0.25,0.25
19,0.25,0.25,0.25,0.25
20,0.25,0.25,0.25,0.25
21,0.25,0.25,0.25,0.25
22,0.25,0.25,0.25,0.25
23,0.25,0.25,0.25,0.25
24,0.25,0.25,0.25,0.25
25,0.25,0.25,0.25,0.25
26,0.25,0.25,0.25,0.25
27,0.25,0.25,0.25,0.25
28,0.25,0.25,0.25,0.25
29,0.25,0.25,0.25,0.25
30,0.25,0.25,0.25,0.25
31,0.25,0.25,0.25,0.25
32,0.25,0.25,0.25,0.25
33,0.25,0.25,0.25,0.25
34,0.25,0.25,0.25,0.25
35,0.25,0.25,0.25,0.25
36,0.25,0.25,0.25,0.25
37,0.25,0.25,0.25,0.25
38,0.25,0.25,0.25,0.25
39,0.25,0.25,0.25,0.25
40,0.25,0.25,0.25,0.25
41,0.25,0.25,0.25,0.25
42,0.25,0.25,0.25,0.25
43,0.25,0.25,0.25,0.25
44,0.25,0.25,0.25,0.25
45,0.25,0.25,0.25,0.25
46,0.25,0.25,0.25,0.25
47,0.25,0.25,0.25,0.25
48,0.25,0.25,0.25,0.25
49,0.25,0.25,0.25,0.25
50,0.25,0.25,0.25,0.25
51,0.25,0.25,0.25,0.25
52,0.25,0.25,0.25,0.25
53,0.25,0.25,0.25,0.25
54,0.25,0.25,0.25,0.25
55,0.25,0.25,0.25,0.25
56,0.25,0.25,0.25,0.25
57,0.25,0.25,0.25,0.25
58,0.25,0.25,0.25,0.25
59,0.25,0.25,0.25,0.25
60,0.25,0.25,0.25,0.25
61,0.25,0.25,0.25,0.25
62,0.25,0.25,0.25,0.25
63,0.25,0.25,0.25,0.25
64,0.25,0.25,0.25,0.25
65,0.25,0.25,0.25,0.25
66,0.25,0.25,0.25,0.25
67,0.25,0.25,0.25,0.25
68,0.25,0.25,0.25,0.25
69,0.25,0.25,0.25,0.25
70,0.25,0.25,0.25,0.25
71,0.28432134252,0.238559552493,0.238559552493,0.238559552493
72,0.284831738087,0.238389420638,0.238389420638,0.238389420638
73,0.285342684581,0.23821910514,0.23821910514,0.23821910514
74,0.283891963561,0.238702678813,0.238702678813,0.238702678813
75,0.284375042404,0.238541652532,0.238541652532,0.238541652532
76,0.284858616279,0.23838046124,0.23838046124,0.23838046124
77,0.283505857313,0.238831380896,0.238831380896,0.238831380896
78,0.283964393806,0.238678535398,0.238678535398,0.238678535398
79,0.284423377525,0.238525540825,0.238525540825,0.238525540825
80,0.284882807957,0.238372397348,0.238372397348,0.238372397348
81,0.283593163093,0.238802278969,0.238802278969,0.238802278969
82,0.282423824559,0.23919205848,0.23919205848,0.23919205848
83,0.282839694549,0.23905343515,0.23905343515,0.23905343515
84,0.283255935183,0.238914688272,0.238914688272,0.238914688272
85,0.283672546078,0.238775817974,0.238775817974,0.238775817974
86,0.282550354428,0.239149881857,0.239149881857,0.239149881857
87,0.282948243345,0.239017252218,0.239017252218,0.239017252218
88,0.283346471285,0.238884509572,0.238884509572,0.238884509572
89,0.283745037915,0.238751654028,0.238751654028,0.238751654028
90,0.284143942898,0.238618685701,0.238618685701,0.238618685701
91,0.283047768559,0.238984077147,0.238984077147,0.238984077147
92,0.283429478081,0.23885684064,0.23885684064,0.23885684064
93,0.282407197474,0.239197600842,0.239197600842,0.239197600842
94,0.282773130434,0.239075623189,0.239075623189,0.239075623189
95,0.283139350467,0.238953549844,0.238953549844,0.238953549844
96,0.282168088954,0.239277303682,0.239277303682,0.239277303682
97,0.28251976164,0.239160079453,0.239160079453,0.239160079453
98,0.282871699906,0.239042766698,0.239042766698,0.239042766698
99,0.283223903522,0.238925365493,0.238925365493,0.238925365493
100,0.283576372259,0.238807875914,0.238807875914,0.238807875914
101,0.283929105883,0.238690298039,0.238690298039,0.238690298039
102,0.282962986484,0.239012337839,0.239012337839,0.239012337839
103,0.279081115693,0.235339759378,0.235339759378,0.250239365551
104,0.278139367008,0.235597955178,0.235597955178,0.250664722635
105,0.278549481203,0.235565397458,0.235565397458,0.250319723881
106,0.278832699882,0.235425192711,0.235425192711,0.250316914695
107,0.277932353327,0.235671313664,0.235671313664,0.250725019346
108,0.278203995957,0.235534865974,0.235534865974,0.250726272095
109,0.278475786147,0.235398397592,0.235398397592,0.250727418668
110,0.276521628847,0.233383093842,0.233383093842,0.256712183469
111,0.264328438168,0.222745223051,0.267701141167,0.245225197615
112,0.264456077541,0.222506285685,0.267861281554,0.245176355221
113,0.265057004477,0.222665145224,0.266711900641,0.245565949658
114,0.265189278676,0.222429886174,0.266859830399,0.245521004751
115,0.265769658284,0.222570088455,0.265769658284,0.245890594978
116,0.264743548518,0.222690396281,0.266327409542,0.24623864566
117,0.263775133134,0.222792786965,0.266864791976,0.246567287925
118,0.262858860178,0.222878984456,0.267383775563,0.246878379803
119,0.263151826536,0.222812968957,0.267720836909,0.246314367599
120,0.263437609217,0.222740623019,0.268050681439,0.245771086324
121,0.263987109231,0.222890701451,0.266982075526,0.246140113792
122,0.264101340303,0.22267292439,0.267122713701,0.246103021606
123,0.264387998442,0.222600492822,0.267437792024,0.245573716711
124,0.264925423306,0.222738657812,0.266411871665,0.245924047217
125,0.265044830289,0.222525033988,0.266544073143,0.245886062579
126,0.265164203543,0.222311541645,0.266676252176,0.245848002637
127,0.265688682566,0.22243736794,0.265688682566,0.246185266929
128,0.265811585519,0.222226668206,0.265811585519,0.246150160755
129,0.26593446068,0.222016097388,0.26593446068,0.246114981252
130,0.266231535163,0.221950904579,0.266231535163,0.245586025095
131,0.265271633921,0.222069230676,0.266749361259,0.245909774144
132,0.264361297915,0.222172198397,0.267249644156,0.246216859532
133,0.26486704685,0.222301999075,0.266276918329,0.246554035746
134,0.26514805185,0.222242687975,0.2665701399,0.246039120276
135,0.265640864831,0.222360441607,0.265640864831,0.246357828732
136,0.265920801231,0.222299535311,0.265920801231,0.245858862228
137,0.266401793978,0.222406251845,0.265031458414,0.246160495763
138,0.266867517957,0.222499563977,0.264185322593,0.246447595472
139,0.265966852259,0.222616432502,0.26465561732,0.246761097919
140,0.266412715554,0.222702311646,0.26384441781,0.247040554989
141,0.266845603497,0.222776767411,0.263070018579,0.247307610513
142,0.267130493651,0.222727264446,0.263324073845,0.246818168058
143,0.267409890243,0.222672944704,0.263572659936,0.246344505117
144,0.267684173966,0.222614143173,0.263816153709,0.245885529152
145,0.266797248177,0.222736397843,0.264274675511,0.246191678468
146,0.267060161203,0.222676597551,0.264517651297,0.24574558995
147,0.267177003657,0.222494955481,0.264615923492,0.24571211737
148,0.267293832985,0.222313408146,0.26471416857,0.245678590299
149,0.26772942612,0.222396756369,0.263935978312,0.245937839198
150,0.266859904773,0.222517160589,0.264384601244,0.246238333394
151,0.266031129688,0.222624908552,0.264818854188,0.246525107572
152,0.265239878005,0.222721001312,0.265239878005,0.246799242678
153,0.265648696468,0.222806337192,0.264483257617,0.247061708723
154,0.265898888871,0.22275828801,0.264724694778,0.246618128341
155,0.266144571824,0.222706278567,0.264961628344,0.246187521265
156,0.266248348124,0.222535483224,0.265057276152,0.2461588925
157,0.265471257754,0.222631753692,0.265471257754,0.2464257308
158,0.265873502952,0.222717692792,0.264727435018,0.246681369238
159,0.266264876846,0.222794058647,0.264014438601,0.246926625906
160,0.266366945984,0.222628169695,0.264101457089,0.246903427233
161,0.266750173458,0.222697097388,0.263412044999,0.247140684155
162,0.266998069516,0.222652732228,0.263636088207,0.246713110049
163,0.267241766712,0.222604686481,0.263855948854,0.246297597953
164,0.266470013415,0.222708184987,0.264255796339,0.246566005259
165,0.266570220139,0.222546862877,0.264341638103,0.24654127888
166,0.266805787273,0.222498507892,0.264561692283,0.246134012553
167,0.266906828172,0.222337927362,0.26464833533,0.246106909136
168,0.267007857801,0.222177421508,0.26473495764,0.246079763052
169,0.267392039709,0.222252351769,0.264042192518,0.246313416004
170,0.267494931595,0.22209330138,0.264123974368,0.246287792657
171,0.267871485437,0.222161295644,0.263453240607,0.246513978311
172,0.268239177598,0.222221530165,0.262807559272,0.246731732964
173,0.268345561891,0.222065122162,0.262880338724,0.246708977223
174,0.267562570055,0.222178568669,0.263272774752,0.246986086523
175,0.267663584803,0.222023777686,0.263347565154,0.246965072357
176,0.266908146578,0.222128562162,0.26373043943,0.247232851831
177,0.266183316608,0.222223855427,0.264102531731,0.247490296234
178,0.265486995621,0.222310308542,0.264464583964,0.247738111872
179,0.26583420228,0.222377940777,0.263822705238,0.247965151705
180,0.266063756796,0.222346893366,0.264039255612,0.247550094226
181,0.265386912845,0.22243006168,0.264391741232,0.247791284243
182,0.265608609123,0.222397598838,0.264607083268,0.247386708771
183,0.265826530962,0.222361828528,0.264818656073,0.246992984437
184,0.265167567701,0.222441131487,0.265167567701,0.247223733112
185,0.265249292379,0.222296157422,0.265249292379,0.24720525782
186,0.26559128799,0.222369171402,0.264610307462,0.247429233147
187,0.265925285687,0.222435150616,0.263994011069,0.247645552629
188,0.266010038109,0.222292515448,0.264067799483,0.247629646959
189,0.266337959845,0.222352959748,0.263469082749,0.247839997659
190,0.266424130342,0.222211450336,0.263539143082,0.24782527624
191,0.266644356136,0.222181709479,0.263741790501,0.247432143884
192,0.266968897106,0.22223865839,0.263156626054,0.24763581845
193,0.267187885581,0.222207510376,0.263352655561,0.247251948483
194,0.267276864685,0.222068198604,0.263420520494,0.247234416217
195,0.267598203608,0.222121821522,0.262848268148,0.247431706721
196,0.267913039573,0.222169744367,0.262294428936,0.247622787124
197,0.267236213233,0.222265484694,0.262630973134,0.247867328939
198,0.267323702285,0.22212932812,0.262693655411,0.247853314184
199,0.267411185804,0.221993226583,0.262756319067,0.247839268547
200,0.266751222391,0.222083562255,0.263087143494,0.24807807186
201,0.267056044985,0.222132681824,0.262540275003,0.248270998189
202,0.266416673018,0.222218031352,0.262860717565,0.248504578066
203,0.26663050957,0.222195770128,0.263054113725,0.248119606577
204,0.266840910491,0.222170507741,0.263244093531,0.247744488237
205,0.267140970546,0.222219692556,0.262706969319,0.247932367579
206,0.267435274624,0.222263824078,0.26218616508,0.248114736219
207,0.267646432015,0.222238654776,0.262367806704,0.247747106504
208,0.267854454805,0.222210749563,0.262546338269,0.247388457364
209,0.26794041408,0.222081541896,0.262605199861,0.247372844163
210,0.26823423109,0.222124513309,0.26209222057,0.247549035032
211,0.268522773992,0.222162862926,0.261594174441,0.24772018864
212,0.267877979389,0.222257795377,0.261909647266,0.247954577968
213,0.267255472706,0.222345810242,0.262217294639,0.248181422414
214,0.267336494607,0.222220293304,0.262273243506,0.248169968583
215,0.266731638875,0.222302757415,0.262574779191,0.248390824519
216,0.26693239146,0.222280737334,0.26275311694,0.248033754265
217,0.267130178931,0.222256126705,0.262928508619,0.247685185745
218,0.267409981541,0.222299576665,0.262432560584,0.24785788121
219,0.267489859269,0.222176734339,0.262488223095,0.247845183298
220,0.267687152644,0.22215138238,0.262659084184,0.247502380793
221,0.267088028518,0.222235072391,0.262959076698,0.247717822393
222,0.266508342849,0.222312732119,0.263252233733,0.247926691298
223,0.26594702405,0.22238469407,0.263538933231,0.248129348649
224,0.266018162879,0.222265006188,0.263598627249,0.248118203684
225,0.266205067838,0.2222420145,0.263773024427,0.247779893236
226,0.266478091406,0.222290754086,0.263276544055,0.247954610453
227,0.265926597648,0.222361326439,0.263558271746,0.248153804167
228,0.26599637894,0.222243663289,0.263616996524,0.248142961247
229,0.266263233261,0.222290574059,0.263130301539,0.248315891141
230,0.265723641216,0.222358485189,0.263405472679,0.248512400916
231,0.265906810458,0.222338711199,0.263576958479,0.248177519864
232,0.265381004164,0.222402921274,0.263848188514,0.248367886048
233,0.265559232497,0.222382136076,0.264018766691,0.248039864736
234,0.26321902612,0.22931366841,0.261685573252,0.245781732218
235,0.26346776875,0.229394568316,0.261196026721,0.245941636212
236,0.262944174964,0.22948966417,0.26144932275,0.246116838116
237,0.26243539797,0.229580059879,0.261697461799,0.246287080352
238,0.262596960472,0.229591237878,0.261855445655,0.245956355995
239,0.262100210071,0.22967837864,0.262100210071,0.246121201219
240,0.250871645806,0.219716852373,0.250871645806,0.278539856016
241,0.240255272786,0.210302174223,0.240255272786,0.309187280205
242,0.240365721985,0.210282152587,0.239697424065,0.309654701363
243,0.240359298278,0.209980410484,0.239688249146,0.309972042093
244,0.240351318708,0.209683459148,0.239677522906,0.310287699238
245,0.239787645405,0.209664414281,0.239787645405,0.310760294909
246,0.240206482783,0.209915111146,0.240206482783,0.309671923287
247,0.240315741392,0.209895078433,0.239655023126,0.310134157049
248,0.228535965997,0.199496669793,0.227905084096,0.344062280114
249,0.227942500607,0.199421905997,0.227942500607,0.344693092789
250,0.227976016265,0.199343753917,0.227361085798,0.34531914402
251,0.227392944487,0.199266416878,0.227392944487,0.345947694148
252,0.227321747991,0.198936170396,0.227321747991,0.346420333622
253,0.227876328407,0.199315555357,0.227876328407,0.34493178783
254,0.22790906221,0.199238282343,0.227303352842,0.345549302605
255,0.227938177854,0.199157873862,0.226741527319,0.346162420965
256,0.228486853297,0.1995312117,0.22728261218,0.344699322822
257,0.227910903605,0.199458889761,0.227316287874,0.345313918759
258,0.228446098728,0.199823159971,0.227847761561,0.34388297974
259,0.227881746904,0.199750930237,0.227881746904,0.344485575956
260,0.215740132127,0.189011585465,0.215740132127,0.379508150281
261,0.215147166361,0.188881626532,0.215701922083,0.380269285024
262,0.214564421723,0.188748910766,0.215660466811,0.381026200701
263,0.213991447494,0.188613557884,0.215615898253,0.381779096369
264,0.214646251301,0.189099573383,0.216281915605,0.379972259711
265,0.21528474389,0.189570713915,0.216931535239,0.378213006956
266,0.215907583868,0.190027580279,0.217565419396,0.376499416458
267,0.215878840706,0.189910758357,0.216970350378,0.377240050559
268,0.216491051245,0.190357586612,0.217589781809,0.375561580334
269,0.217088728798,0.190791167828,0.218194629632,0.373925473741
270,0.248608332945,0.182864927978,0.209234692203,0.359292046873
271,0.249377003744,0.183221014913,0.209747138181,0.357654843162
272,0.250131140208,0.183565384669,0.210246624759,0.356056850363
273,0.250140158093,0.183206423693,0.210119480296,0.356533937918
274,0.250884076027,0.18354102727,0.210609338064,0.354965558639
275,0.251614457682,0.18386473376,0.211087125787,0.353433682771
276,0.240628958812,0.219207159845,0.201741699362,0.338422181981
277,0.239664431514,0.219348685189,0.201811007838,0.33917587546
278,0.239868886347,0.218381084656,0.201857403237,0.33989262576
279,0.239943356057,0.218374882765,0.201255537894,0.340426223284
280,0.240140150433,0.217432205022,0.201293248897,0.341134395648
281,0.240780673224,0.21793455161,0.201702544109,0.339582231057
282,0.239825649481,0.218070081719,0.201772195943,0.340332072857
283,0.227306923344,0.206617045599,0.191122284976,0.374953746081
284,0.227312756503,0.206552434736,0.190505354214,0.375629454548
285,0.227315435981,0.206484979253,0.189898424944,0.376301159822
286,0.227428404331,0.205542112218,0.189872519186,0.377156964265
287,0.228187867695,0.206155284537,0.190385965921,0.375270881846
288,0.22893247997,0.206754583256,0.190886303469,0.373426633304
289,0.227960860827,0.206822818554,0.190896179649,0.37432014097
290,0.228689547707,0.207413842461,0.191388431965,0.372508177867
291,0.227736316572,0.207481270035,0.191397388305,0.373385025087
292,0.227744270352,0.207421882232,0.190798631497,0.374035215919
293,0.227861118821,0.206492750442,0.190780444157,0.374865686579
294,0.227970555532,0.205587749845,0.190756006545,0.375685688078
295,0.228698842758,0.206171800405,0.191249040862,0.373880315975
296,0.21656709365,0.195166190656,0.18099375965,0.407272956044
297,0.216516231289,0.195051546022,0.18038223347,0.40804998922
298,0.217339156199,0.195723843348,0.180956164826,0.405980835627
299,0.216370483405,0.195728318789,0.18091250986,0.406988687946
300,0.217176750693,0.196391577918,0.181477621052,0.404954050337
301,0.217968085683,0.197040870014,0.182029518157,0.402961526146
302,0.217925848106,0.196936415648,0.181428220312,0.403709515934
303,0.216970855224,0.196946607835,0.181388175893,0.404694361049
304,0.217019589767,0.19603741467,0.181321340012,0.405621655552
305,0.216080195895,0.196040300048,0.181277316562,0.406602187495
306,0.247736412661,0.187900839995,0.173706063476,0.390656683868
307,0.247790833653,0.18777184382,0.173110880922,0.391326441605
308,0.247944259713,0.186886660436,0.173015162635,0.392153917216
309,0.248932627692,0.187458936041,0.173501369909,0.390107066358
310,0.249085506603,0.186593522407,0.173404562634,0.390916408356
311,0.250064357255,0.187151755856,0.173882082984,0.388901803904
312,0.251027930802,0.187697360246,0.174347636202,0.386927072751
313,0.2496897946,0.187817120108,0.174417495697,0.388075589596
314,0.248379857387,0.187929027236,0.17448002148,0.389211093898
315,0.24709701501,0.188033382235,0.174535497784,0.390334104971
316,0.248035822125,0.188583658095,0.17500475042,0.388375769361
317,0.248095654807,0.188465124469,0.174416387874,0.38902283285
318,0.246831736601,0.188568638598,0.174469409287,0.390130215514
319,0.246978958827,0.187711505978,0.174382504504,0.390927030691
320,0.246264957529,0.187007408099,0.173688168888,0.393039465484
321,0.247196148165,0.187552624942,0.174154211509,0.391097015384
322,0.248113303107,0.18808612218,0.174609149092,0.389191425621
323,0.249016850427,0.188608253027,0.175053317105,0.387321579442
324,0.249907201679,0.18911935703,0.175487038026,0.385486403264
325,0.248648046498,0.189232431758,0.17555129613,0.386568225614
326,0.249522488165,0.189737945779,0.175979497441,0.384760068615
327,0.249591653801,0.189630654364,0.175397784119,0.385379907716
328,0.249752880885,0.188782803064,0.17532126408,0.386143051972
329,0.249907776033,0.187954216314,0.175240264316,0.386897743337
330,0.250056631248,0.187143967298,0.175155003945,0.387644397509
331,0.25012431367,0.187029798031,0.174579537321,0.388266350978
332,0.250189182925,0.186913583042,0.174012332854,0.388884901179
333,0.246756486385,0.184186735541,0.171436652432,0.397620125642
334,0.24688186562,0.183388168811,0.171335710756,0.398394254813
335,0.246927854939,0.18325864273,0.1707720102,0.399041492131
336,0.247849257346,0.183778313838,0.171220092634,0.397152336181
337,0.247974766568,0.182994365763,0.17111776322,0.397913104449
338,0.248022999102,0.182864505452,0.170561444375,0.398551051071
339,0.248941190516,0.183375561248,0.171002770665,0.396680477571
340,0.247651852647,0.183477522165,0.171062493843,0.397808131346
341,0.247773517375,0.182706253038,0.170959839597,0.39856038999
342,0.247890061461,0.181950535626,0.170853676451,0.399305726461
343,0.248802553454,0.182454759936,0.171295535554,0.397447151056
344,0.247528008099,0.18255188301,0.171355094025,0.398565014867
345,0.248424868642,0.183050746895,0.171791655208,0.396732729255
346,0.249309536484,0.18353960557,0.172218661371,0.394932196575
347,0.249432124417,0.182795591098,0.172118687709,0.395653596776
348,0.250309758744,0.183274050318,0.172539186032,0.393877004905
349,0.250432341852,0.182543906635,0.172438684334,0.39458506718
350,0.250550298396,0.181827675597,0.172335017614,0.395287008393
351,0.250663814496,0.181124765633,0.172228324062,0.395983095808
352,0.250773065707,0.180434618802,0.172118734048,0.396673581443
353,0.251657821215,0.180901477148,0.172540880049,0.394899821588
354,0.252531039552,0.181359016087,0.172954021948,0.393155922413
355,0.251246931494,0.181466785012,0.173033534404,0.394252749091
356,0.252105734201,0.181919787401,0.173442167643,0.392532310755
357,0.252175943383,0.181803277086,0.172889128104,0.393131651428
358,0.252243522735,0.181684933103,0.172343772383,0.393727771778
359,0.253099377107,0.182133907026,0.172744120412,0.392022595456
360,0.253219265489,0.181451160248,0.172641646431,0.392687927833
361,0.251943086609,0.181561527547,0.172722708998,0.393772676845
362,0.252055089608,0.180889812191,0.172618381995,0.394436716205
363,0.25080024952,0.180992368704,0.172693857214,0.395513524562
364,0.250862404141,0.180874162143,0.172153753812,0.396109679905
365,0.249628264794,0.18097093577,0.172222416275,0.397178383162
366,0.248417621313,0.181061387165,0.172285041073,0.398235950449
367,0.248515112314,0.180397274521,0.172179934175,0.398907678991
368,0.249365177042,0.180855973226,0.172595751715,0.397183098018
369,0.250204422853,0.18130589153,0.173003082227,0.395486603391
370,0.251033133302,0.181747256597,0.173402145667,0.393817464434
371,0.25185158257,0.182180288054,0.173793154689,0.392174974687
372,0.252660035828,0.182605198287,0.174176314934,0.390558450952
373,0.252731848791,0.182497298717,0.173642501127,0.391128351365
374,0.251523216579,0.182602088231,0.173718978281,0.392155716909
375,0.25033719959,0.182700745807,0.173789599028,0.393172455575
376,0.250445081561,0.182043041324,0.173694912231,0.393816964884
377,0.249277595982,0.182134756212,0.173760668412,0.394826979394
378,0.248131295195,0.182220737997,0.173820936585,0.395827030223
379,0.2482288993,0.181572314894,0.173725215722,0.396473570084
380,0.249028402126,0.182006502632,0.174120287264,0.394844807979
381,0.247896988346,0.18208981437,0.174179630534,0.39583356675
382,0.248684287703,0.182519871998,0.174570601654,0.394225238645
383,0.248782898874,0.18188062842,0.174477702434,0.394858770272
384,0.249564488964,0.182302490051,0.174863370885,0.393269650101
385,0.248445185945,0.182386963706,0.174925368203,0.394242482146
386,0.248540972782,0.181757027706,0.174832991002,0.39486900851
387,0.248602617733,0.181654395484,0.174300823107,0.395442163677
388,0.248695242884,0.181033849311,0.174205443122,0.396065464682
389,0.248754675871,0.180928594797,0.173679960783,0.396636768549
390,0.249538849455,0.181350089796,0.174066224831,0.395044835918
391,0.250313722209,0.181764017919,0.174445143354,0.393477116519
392,0.249197244324,0.181849974623,0.174509247868,0.394443533185
393,0.24996063124,0.182260128954,0.174884414915,0.392894824891
394,0.250024839494,0.182160105356,0.174365657084,0.393449398067
395,0.250782643874,0.182565049583,0.174733829407,0.391918477135
396,0.25084779089,0.182465387905,0.174222057828,0.392464763377
397,0.249740177156,0.182554515262,0.17428675935,0.393418548232
398,0.249838758281,0.181938222629,0.174197246929,0.394025772161
399,0.249934055312,0.181331792519,0.174105465656,0.394628686513
400,0.250026181024,0.180734865782,0.174011500289,0.395227452904
401,0.250086812321,0.18063171382,0.173504241585,0.395777232275
402,0.250850538007,0.181036025471,0.17387509905,0.394238337472
403,0.251605539149,0.18143326899,0.174239092244,0.392722099617
404,0.251701741435,0.180844161105,0.174146467914,0.393307629546
405,0.252451624405,0.18123420135,0.174505720377,0.391808453868
406,0.252548207819,0.180653761241,0.174412994105,0.392385036835
407,0.252641873495,0.180081975489,0.174318278424,0.392957872592
408,0.253390067522,0.180464733631,0.174674790246,0.391470408601
409,0.254130019839,0.180840863695,0.175024828912,0.390004287554
410,0.253009205823,0.180937631928,0.175104454772,0.390948707476
411,0.2537386637,0.181310609833,0.175451350391,0.389499376076
412,0.252634910428,0.181405446887,0.175529058452,0.390430584233
413,0.252729714773,0.180839871931,0.175439421895,0.390990991401
414,0.253452092658,0.181209492587,0.17578506841,0.389553346345
415,0.254166718161,0.181572855487,0.17612459312,0.388135833232
416,0.254873768515,0.181930101559,0.176458134059,0.386737995868
417,0.255573415823,0.182281367635,0.176785825251,0.385359391292
418,0.255677872301,0.181723016782,0.176701455496,0.385897655422
419,0.256373298663,0.182068154672,0.177025159842,0.384533386822
420,0.256460626975,0.181981107449,0.17652064879,0.385037616786
421,0.244099268126,0.173067884866,0.16786266756,0.414970179448
422,0.24413509807,0.172951619773,0.167357506301,0.415555775856
423,0.244894589382,0.17334766991,0.167727646362,0.414030094346
424,0.235436375467,0.166516313035,0.199512105844,0.398535205654
425,0.236117790981,0.166861575305,0.200011245539,0.397009388175
426,0.236265757877,0.166829487753,0.199159419664,0.397745334706
427,0.236409152327,0.166794114944,0.198321950538,0.398474782191
428,0.237090579981,0.167137976999,0.198811593249,0.396959849771
429,0.237764660474,0.167475989282,0.199294640099,0.395464710145
430,0.238431549766,0.167808275138,0.199771229653,0.393988945443
431,0.237313682934,0.167863746844,0.199918499995,0.394904070228
432,0.237460835739,0.167832644324,0.199089316417,0.39561720352
433,0.238121793107,0.168164337796,0.199561845399,0.394152023697
434,0.237017939128,0.1682187568,0.199705543622,0.395057760451
435,0.235932733495,0.168268601504,0.199843891744,0.395954773256
436,0.236073733994,0.168238094445,0.19902383341,0.396664338151
437,0.229817081863,0.163651791003,0.19367308958,0.412858037554
438,0.228745484909,0.163677170162,0.193777968149,0.41379937678
439,0.229426613903,0.164038855701,0.194281206977,0.412253323419
440,0.230100570302,0.164394767006,0.194777964344,0.410726698348
441,0.229042103143,0.164421559719,0.194884980111,0.411651357027
442,0.229064681189,0.163861797784,0.194832667152,0.412240853875
443,0.229084849219,0.163309985667,0.194778317239,0.412826847874
444,0.229195938582,0.163264118758,0.19396220598,0.413577736681
445,0.229214103141,0.162719401863,0.193904504867,0.414161990129
446,0.229321444914,0.162670025057,0.19310011648,0.414908413549
447,0.229337652143,0.162132192206,0.193039172951,0.415490982701
448,0.228282280942,0.16215367403,0.193140294092,0.416423750936
449,0.215159438682,0.152715344508,0.1819695299,0.450155686911
450,0.215203558478,0.152629824746,0.181176092599,0.450990524177
451,0.214163871511,0.152606704176,0.181217833935,0.452011590379
452,0.214202192934,0.15251911142,0.180435161677,0.452843533969
453,0.213176570116,0.152492819396,0.180471304018,0.453859306471
454,0.213923014768,0.152913402977,0.181036511083,0.452127071173
455,0.21291117118,0.152886415446,0.181072030651,0.453130382723
456,0.212945362021,0.152799463646,0.180297417901,0.453957756432
457,0.211946853596,0.152769462101,0.18032758965,0.454956094652
458,0.211906599057,0.152231630463,0.180229474017,0.455632296464
459,0.20647040873,0.148219015797,0.175543713444,0.469766862029
460,0.206409812102,0.147687459518,0.175430027714,0.470472700667
461,0.207175101164,0.148126954687,0.176018081415,0.468679862734
462,0.207185780397,0.14802658965,0.175251067186,0.469536562767
463,0.206194980662,0.147979873973,0.17525993179,0.470565213574
464,0.206954010309,0.148417994479,0.175843205331,0.468784789882
465,0.207705302319,0.148849864668,0.176419474665,0.467025358348
466,0.195191716782,0.139781724151,0.165732438731,0.499294120336
467,0.183433317406,0.131266945,0.155693884233,0.529605853361
468,0.184265592429,0.131767878508,0.156345280828,0.527621248235
469,0.185089996473,0.132262400757,0.156989523855,0.525658078916
470,0.185018133108,0.132116146299,0.156238474793,0.5266272458
471,0.185838263965,0.132606523964,0.156874471866,0.524680740205
472,0.185767121283,0.132460610016,0.156132884633,0.525639384068
473,0.186583037192,0.132946897288,0.156760791508,0.523709274013
474,0.187391405508,0.133427044127,0.157381874964,0.521799675402
475,0.188192343217,0.133901146192,0.157996240504,0.519910270087
476,0.188985965309,0.134369297469,0.158603991805,0.518040745418
477,0.188873550015,0.133842413172,0.158451173718,0.518832863094
478,0.188813162554,0.133702843438,0.157714762697,0.519769231311
479,0.189605698419,0.134166942904,0.158317020705,0.517910337971
480,0.19039110421,0.134625259393,0.158912850673,0.516070785724
481,0.217392589905,0.129893903312,0.153381017242,0.499332489541
482,0.21611278719,0.12986473394,0.153399681259,0.500622797611
483,0.217030943377,0.130278446429,0.153941664831,0.498748945363
484,0.216971004865,0.129766787254,0.153789522761,0.499472685119
485,0.205022048562,0.122489885894,0.145216560308,0.527271505236
486,0.203771240035,0.122429479872,0.145195995523,0.528603284571
487,0.204716092555,0.122868031355,0.145767348156,0.526648527935
488,0.203481486198,0.122806948781,0.145746123762,0.52796544126
489,0.204415463537,0.123242776595,0.146314802362,0.526026957506
490,0.205342080899,0.12367313642,0.146877369031,0.524107413649
491,0.196504426662,0.118227754816,0.140459678741,0.544808139781
492,0.195294279591,0.118148380324,0.140414746316,0.546142593769
493,0.194102703865,0.118065849603,0.140366012536,0.547465433996
494,0.195035793887,0.118513602017,0.140947891336,0.545502712761
495,0.195961816087,0.118956039165,0.141523838425,0.543558306323
496,0.195895249126,0.118795532109,0.140812211627,0.544497007138
497,0.194713185842,0.118715396831,0.140765566746,0.54580585058
498,0.193548883541,0.11863222986,0.140715277165,0.547103609435
499,0.192401857809,0.118546121019,0.140661445728,0.548390575444
500,0.193314795664,0.118992845012,0.141240013148,0.546452346176
501,0.192181511374,0.118906422035,0.14118591877,0.547726147821
502,0.19205977494,0.118403756778,0.141009494284,0.548526973998
503,0.180011801787,0.110869156183,0.132082438388,0.577036603643
504,0.179856310957,0.110379132532,0.131886984905,0.577877571606
505,0.180788281298,0.11084344707,0.132488655896,0.575879615737
506,0.180634176052,0.110358786324,0.132294107301,0.576712930324
507,0.18156225855,0.110817620646,0.132891839729,0.574728281074
508,0.180453664959,0.110707965843,0.132808010742,0.576030358455
509,0.181371958982,0.111164160743,0.133403155435,0.57406072484
510,0.180276191694,0.111054376091,0.133319259677,0.575350172538
511,0.179196053573,0.110942174116,0.133232383468,0.576629388843
512,0.180101650405,0.111398059692,0.133827898848,0.574672391055
513,0.179950273132,0.110917386552,0.133637729225,0.575494611091
514,0.178881058515,0.110804973424,0.133550887558,0.576763080502
515,0.179779899736,0.111257824502,0.134145513944,0.574816761818
516,0.180672440798,0.111705838645,0.134734721449,0.572886999107
517,0.180523682354,0.111229796996,0.134547117564,0.573699403086
518,0.179462216168,0.111119424786,0.134463192692,0.574955166354
519,0.180348165963,0.111564497354,0.135051567151,0.573035769532
520,0.181227960723,0.112004845512,0.135634636288,0.571132557477
521,0.180175424623,0.111896605674,0.135553547928,0.572374421776
522,0.181046263212,0.112334480254,0.136134198104,0.57048505843
523,0.180953486179,0.112174108267,0.13542220399,0.571450201564
524,0.179911125566,0.112065927994,0.135340427315,0.572682519125
525,0.179814442809,0.111904372403,0.134637837601,0.573643347187
526,0.180682628546,0.112342943186,0.135213218966,0.571761209302
527,0.181544870201,0.112776936314,0.135783478286,0.569894715198
528,0.182401235016,0.113206404787,0.136348673759,0.568043686438
529,0.183251789599,0.113631401038,0.136908862989,0.566207946375
530,0.18221113222,0.113529709914,0.136834627114,0.567424530751
531,0.183053199299,0.113952417113,0.137392589562,0.565601794026
532,0.182023943107,0.113850594483,0.137318279284,0.566807183126
533,0.181008478859,0.113746572326,0.137241245576,0.568003703238
534,0.181839574309,0.114169094459,0.137799668125,0.566191663107
535,0.181754241051,0.114015909152,0.13709662986,0.567133219937
536,0.180748258675,0.113911944346,0.137018912662,0.568320884316
537,0.181574129215,0.114333720893,0.137573731468,0.566518418424
538,0.181487908429,0.11418085417,0.136878493983,0.567452743418
539,0.181399341563,0.114026691362,0.13619283703,0.568381130045
540,0.181264481697,0.113550877541,0.136019099661,0.5691655411
541,0.180265263643,0.113446938816,0.135940121762,0.570347675778
542,0.181091194887,0.113869030973,0.136491614145,0.568548159995
543,0.177674802653,0.111625055836,0.133846650061,0.576853491449
544,0.17849798668,0.112046095273,0.134396517445,0.575059400601
545,0.178401596456,0.111889593912,0.133720311319,0.575988498313
546,0.177413381868,0.111781812558,0.13363527829,0.577169527284
547,0.176437979011,0.111672048028,0.133547803507,0.578342169454
548,0.177253542676,0.112094294254,0.13409669339,0.57655546968
549,0.178063842811,0.112512429167,0.134641008758,0.574782719264
550,0.177096028009,0.112404588435,0.134556037379,0.575943346176
551,0.177898673876,0.112820578369,0.135098262737,0.574182485019
552,0.177761282709,0.112349668892,0.134926394293,0.574962654107
553,0.178561017741,0.112761184911,0.135465616364,0.573212180984
554,0.177599637493,0.112655077341,0.135383128348,0.574362156818
555,0.176650392567,0.112547074911,0.135298292628,0.575504239893
556,0.177440280928,0.112958372769,0.135837869094,0.573763477209
557,0.178225139578,0.113365727769,0.136373046254,0.572036086399
558,0.17900502132,0.113769182213,0.136903870452,0.570321926015
559,0.178918891008,0.113621946765,0.136224487393,0.571234674834
560,0.179696492373,0.114022939825,0.136749704455,0.569530863346
561,0.179610777451,0.11387585028,0.136078246862,0.570435125407
562,0.178661728137,0.113773631979,0.13599934997,0.571565289914
563,0.179434762651,0.114174026734,0.136521378926,0.569869831689
564,0.180202968839,0.114570634224,0.137039196268,0.568187200668
565,0.180966397158,0.114963494801,0.137552846105,0.566517261935
566,0.181725097605,0.115352648412,0.138062372118,0.564859881865
567,0.182479119718,0.115738134598,0.138567817559,0.563214928125
568,0.18235856791,0.115267783997,0.138408943026,0.563964705067
569,0.183110074169,0.115649205802,0.138911754687,0.562328965341
570,0.183856992457,0.116027039972,0.139410565802,0.560705401768
571,0.183785711059,0.115888261876,0.138738577075,0.56158744999
572,0.184530631238,0.116263881744,0.139232212511,0.559973274507
573,0.184459649556,0.116125173467,0.138568025784,0.560847151193
574,0.179609144105,0.11298013386,0.134856813523,0.572553908512
575,0.180357589482,0.113359183459,0.135351063555,0.570932163505
576,0.181101651145,0.113734793053,0.135841497472,0.56932205833
577,0.18097852081,0.113270799592,0.135681265287,0.57006941431
578,0.181720278306,0.113642560649,0.136169249548,0.568467911496
579,0.181597888442,0.113183601016,0.136009500358,0.569209010184
580,0.182337362133,0.113551569894,0.136495055199,0.567616012775
581,0.18137340795,0.113460208694,0.136428590182,0.568737793174
582,0.18210629993,0.113826577131,0.136912634476,0.567154488463
583,0.182834973306,0.114189644277,0.137393000617,0.565582381799
584,0.183559469972,0.114549443503,0.137869725121,0.564021361404
585,0.184279831447,0.114906007852,0.138342844158,0.562471316543
586,0.184996098881,0.115259370043,0.138812393551,0.560932137525
587,0.184032973395,0.115174627462,0.138754429155,0.562037969987
588,0.183919014999,0.114718189538,0.138601696498,0.562761098965
589,0.184630929403,0.115069674388,0.139071158148,0.561228238061
590,0.185338828795,0.115418019766,0.139537112434,0.559706039004
591,0.185275786187,0.115286019793,0.138871651864,0.560566542155
592,0.185982080484,0.115632484921,0.139332948092,0.559052486502
593,0.185919186147,0.11550046771,0.138675200558,0.559905145585
594,0.184957831483,0.115418843945,0.138620010325,0.561003314247
595,0.184891498707,0.115285737476,0.13797031241,0.561852451408
596,0.18559629403,0.115633210412,0.138428011113,0.560342484445
597,0.184643500659,0.115551403398,0.138371914622,0.56143318132
598,0.185342194739,0.115897470894,0.138828302928,0.559932031439
599,0.184399050844,0.115815379979,0.138771928062,0.561013641115
600,0.185091731618,0.116160050875,0.139227014202,0.559521203304
601,0.185780585981,0.116501716312,0.139678759555,0.558038938151
602,0.186465651282,0.116840406023,0.140127196627,0.556566746069
603,0.185527777128,0.116761278449,0.140074650576,0.557636293846
604,0.184601334156,0.116680264109,0.140019795747,0.558698605988
605,0.185278499689,0.117019215706,0.140469018992,0.557233265614
606,0.18436121752,0.116937943519,0.140413915011,0.55828692395
607,0.185032662232,0.117275550911,0.140861889056,0.556829897801
608,0.184973929625,0.117150138671,0.140209847682,0.557666084022
609,0.18564391585,0.117486023449,0.14065347768,0.556216583021
610,0.185542337087,0.117028837712,0.140512362615,0.556916462585
611,0.184629835482,0.116948788273,0.140458421679,0.557962954567
612,0.185296006924,0.117282931345,0.140902040643,0.556519021088
613,0.185238232473,0.117158630887,0.140255360483,0.557347776157
614,0.185135983083,0.116706124579,0.140114239238,0.558043653101
615,0.185032461084,0.116258898726,0.139972254594,0.558736385596
616,0.184927700415,0.115816810324,0.139829433464,0.559426055798
617,0.184867476196,0.115691029879,0.139190126149,0.560251367776
618,0.185539726769,0.116023411656,0.139631931095,0.55880493048
619,0.186208376972,0.11635297117,0.140070591226,0.557368060632
620,0.186150421343,0.116228285306,0.139437343075,0.558183950277
621,0.185236261839,0.116150788214,0.1393853607,0.559227589247
622,0.185162445317,0.116017130344,0.139265920782,0.559554503556
623,0.184258237839,0.115938068841,0.139211954801,0.56059173852
624,0.184744039473,0.116157193389,0.139516095492,0.559582671646
625,0.184683480766,0.116032660913,0.138888646984,0.560395211337
626,0.183787113155,0.115953149034,0.138833470976,0.561426266836
627,0.184444994246,0.116282487257,0.139267918684,0.560004599814
628,0.18509941134,0.11660909507,0.139699334195,0.558592159395
629,0.184998407287,0.116169439755,0.139560454368,0.559271698589
630,0.184938791007,0.116045991222,0.138937979571,0.5600772382
631,0.184877247054,0.11592145314,0.138323268176,0.56087803163
632,0.184774802973,0.115486614017,0.138182976244,0.561555606766
633,0.185433300549,0.115811891953,0.138611588863,0.560143218636
634,0.185331376368,0.11538154341,0.138471623167,0.560815457054
635,0.185269746265,0.115256854057,0.137862923326,0.561610476352
636,0.185928542281,0.115580130512,0.138288665302,0.560202661905
637,0.186583939728,0.115900747452,0.1387114539,0.558803858919
638,0.187235969749,0.116218729587,0.1391313161,0.557413984563
639,0.18788466322,0.116534101397,0.139548278636,0.556032956747
640,0.186978991432,0.116462863702,0.139502374332,0.557055770534
641,0.187622441529,0.116777096769,0.139918290726,0.555682170975
642,0.1867254931,0.116705540339,0.139872060731,0.556696905831
643,0.187363770702,0.117018640715,0.140286936428,0.555330652154
644,0.187998808421,0.117329197435,0.140698985081,0.553973009062
645,0.187947065999,0.117210933856,0.140089879227,0.554752120918
646,0.187853359211,0.116782274009,0.139956152425,0.555408214355
647,0.188488782331,0.117090970535,0.140365493394,0.554054753741
648,0.188395531326,0.116666703057,0.1402320438,0.554705721816
649,0.18834364499,0.11654821432,0.139628825783,0.555479314907
650,0.188979446385,0.116855067436,0.140035487337,0.554129998843
651,0.189469112063,0.11707110644,0.14033350568,0.553126275817
652,0.190098824992,0.11737323122,0.14073489942,0.551793044368
653,0.190725423599,0.117672922968,0.141133588009,0.550468065424
654,0.189821729634,0.117609078726,0.141096351604,0.551472840035
655,0.190443359444,0.117907755194,0.141494123116,0.550154762246
656,0.191061933408,0.11820404018,0.141889234833,0.548844791579
657,0.191677479093,0.118497955457,0.142281710582,0.547542854868
658,0.190778774797,0.11843649015,0.142247566087,0.548537168966
659,0.190693041981,0.118014066256,0.142120129374,0.549172762389
660,0.190538645161,0.117908808876,0.141941626927,0.549610919035
661,0.191151964471,0.118202225189,0.142334909704,0.548310900636
662,0.191762302175,0.118493309392,0.142725593642,0.547018794791
663,0.190868618025,0.118432737694,0.142692796301,0.548005847981
664,0.190288721432,0.118326076133,0.142604422523,0.548780779912
665,0.190893692225,0.1186172312,0.142995563975,0.5474935126
666,0.190809385496,0.118199595451,0.142870235436,0.548120783617
667,0.191412949123,0.118488121503,0.143259813913,0.546839115461
668,0.192013606866,0.118774373384,0.143646852509,0.545565167241
669,0.191131493621,0.11871459653,0.143615490407,0.546538419442
670,0.191727504924,0.118999918721,0.144001702812,0.545270873543
671,0.19232066367,0.119283004687,0.144385416937,0.544010914706
672,0.192910995158,0.119563874414,0.144766654749,0.54275847568
673,0.193498524462,0.119842547693,0.145145438011,0.541513489834
