episode,omega2,omega3,omega4,omega
1,0.25,0.25,0.25,0.25
2,0.25,0.25,0.25,0.25
3,0.25,0.25,0.25,0.25
4,0.25,0.25,0.25,0.25
5,0.25,0.25,0.25,0.25
6,0.25,0.25,0.25,0.25
7,0.25,0.25,0.25,0.25
8,0.25,0.25,0.25,0.25
9,0.25,0.25,0.25,0.25
10,0.25,0.25,0.25,0.25
11,0.25,0.25,0.25,0.25
12,0.25,0.25,0.25,0.25
13,0.25,0.25,0.25,0.25
14,0.25,0.25,0.25,0.25
15,0.25,0.25,0.25,0.25
16,0.25,0.25,0.25,0.25
17,0.25,0.25,0.25,0.25
18,0.25,0.25,0.25,0.25
19,0.25,0.25,0.25,0.25
20,0.25,0.25,0.25,0.25
21,0.25,0.25,0.25,0.25
22,0.25,0.25,0.25,0.25
23,0.25,0.25,0.25,0.25
24,0.25,0.25,0.25,0.25
25,0.25,0.25,0.25,0.25
26,0.247378107995,0.257865676015,0.247378107995,0.247378107995
27,0.24727212027,0.25818363919,0.24727212027,0.24727212027
28,0.247166047378,0.258501857867,0.247166047378,0.247166047378
29,0.247059889362,0.258820331914,0.247059889362,0.247059889362
30,0.246953646267,0.259139061199,0.246953646267,0.246953646267
31,0.246847318137,0.259458045588,0.246847318137,0.246847318137
32,0.247289790806,0.258130627581,0.247289790806,0.247289790806
33,0.247201414469,0.258395756594,0.247201414469,0.247201414469
34,0.247112979007,0.258661062978,0.247112979007,0.247112979007
35,0.247024484448,0.258926546656,0.247024484448,0.247024484448
36,0.246935930816,0.259192207552,0.246935930816,0.246935930816
37,0.246847318137,0.259458045588,0.246847318137,0.246847318137
38,0.246758646438,0.259724060687,0.246758646438,0.246758646438
39,0.246669915743,0.259990252771,0.246669915743,0.246669915743
40,0.247075060003,0.258774819992,0.247075060003,0.247075060003
41,0.247378107995,0.257865676015,0.247378107995,0.247378107995
42,0.24731187565,0.258064373051,0.24731187565,0.24731187565
43,0.247245610029,0.258263169912,0.247245610029,0.247245610029
44,0.247495772194,0.257512683418,0.247495772194,0.247495772194
45,0.247436953248,0.257689140256,0.247436953248,0.247436953248
46,0.247642704418,0.257071886747,0.247642704418,0.247642704418
47,0.247589827771,0.257230516688,0.247589827771,0.247589827771
48,0.2475369298,0.257389210601,0.2475369298,0.2475369298
49,0.24748401051,0.257547968471,0.24748401051,0.24748401051
50,0.247431069906,0.257706790281,0.247431069906,0.247431069906
51,0.247378107995,0.257865676015,0.247378107995,0.247378107995
52,0.247325124781,0.258024625657,0.247325124781,0.247325124781
53,0.24727212027,0.25818363919,0.24727212027,0.24727212027
54,0.247474386531,0.257576840408,0.247474386531,0.247474386531
55,0.247426256068,0.257721231797,0.247426256068,0.247426256068
56,0.247378107995,0.257865676015,0.247378107995,0.247378107995
57,0.247329942317,0.258010173049,0.247329942317,0.247329942317
58,0.247281759038,0.258154722887,0.247281759038,0.247281759038
59,0.247233558161,0.258299325518,0.247233558161,0.247233558161
60,0.247185339691,0.258443980928,0.247185339691,0.247185339691
61,0.247137103632,0.258588689105,0.247137103632,0.247137103632
62,0.247088849987,0.258733450038,0.247088849987,0.247088849987
63,0.247289790806,0.258130627581,0.247289790806,0.247289790806
64,0.247459579033,0.2576212629,0.247459579033,0.247459579033
65,0.247418849818,0.257743450546,0.247418849818,0.247418849818
66,0.247567159823,0.257298520532,0.247567159823,0.247567159823
67,0.247529371206,0.257411886381,0.247529371206,0.247529371206
68,0.247660325227,0.257019024319,0.247660325227,0.247660325227
69,0.247625081238,0.257124756285,0.247625081238,0.247625081238
70,0.247741790637,0.256774628089,0.247741790637,0.247741790637
71,0.247708770231,0.256873689307,0.247708770231,0.247708770231
72,0.247813629763,0.256559110712,0.247813629763,0.247813629763
73,0.247906767604,0.256279697187,0.247906767604,0.247906767604
74,0.247877453603,0.25636763919,0.247877453603,0.247877453603
75,0.247848133012,0.256455600964,0.247848133012,0.247848133012
76,0.247818805831,0.256543582506,0.247818805831,0.247818805831
77,0.247789472062,0.256631583814,0.247789472062,0.247789472062
78,0.24787899661,0.25636301017,0.24787899661,0.24787899661
79,0.247959516195,0.256121451415,0.247959516195,0.247959516195
80,0.238465401084,0.246417117425,0.238465401084,0.276652080406
81,0.238316932358,0.246365969955,0.238316932358,0.277000165329
82,0.2381684052,0.246314677074,0.2381684052,0.277348512527
83,0.238114813418,0.245962422502,0.238114813418,0.277807950661
84,0.237967247556,0.245907214772,0.237967247556,0.278158290116
85,0.257156047885,0.239614630054,0.231786165893,0.271443156168
86,0.256400735029,0.239757666151,0.231832835527,0.272008763293
87,0.256922156551,0.24005562798,0.232029177694,0.270993037775
88,0.256211625466,0.24019126311,0.232068491227,0.271528620196
89,0.255545269597,0.240312346398,0.232093683237,0.272048700769
90,0.255701716559,0.239907494869,0.231981881576,0.272408906996
91,0.25506753977,0.240014648722,0.231997908503,0.272919903005
92,0.25446886416,0.240110092233,0.23200257536,0.273418468248
93,0.254512854213,0.239998371697,0.231807112214,0.273681661876
94,0.253939128837,0.240085335158,0.231803593951,0.274171942054
95,0.254430365371,0.240404709504,0.23202435452,0.273140570605
96,0.254567942113,0.240015153378,0.231922260421,0.273494644089
97,0.255040600295,0.240311838563,0.2321251178,0.272522443342
98,0.255088587774,0.240208166268,0.231941219625,0.272762026333
99,0.255543374228,0.240487361538,0.232126981406,0.271842282829
100,0.255977862248,0.240747028079,0.232293735826,0.270981373847
101,0.256394134317,0.240989159163,0.232443425975,0.270173280546
102,0.256548401054,0.240618907606,0.232355301847,0.270477389493
103,0.256609679261,0.240523676267,0.232182990198,0.270683654274
104,0.256758824963,0.240168160385,0.232090218556,0.270982796097
105,0.256172450574,0.240279824748,0.232121011448,0.27142671323
106,0.255616567618,0.240381441603,0.232142055171,0.271859935609
107,0.25508826982,0.240473958625,0.232154274308,0.272283497247
108,0.255132260417,0.240381599307,0.231988038831,0.272498101445
109,0.255176174078,0.240289195868,0.231821845599,0.272712784455
110,0.255305347089,0.239942697655,0.231733151971,0.273018803285
111,0.255721809998,0.240197303038,0.231904965913,0.272175921051
112,0.28356094876,0.231139813682,0.223088904479,0.26221033308
113,0.284249744917,0.231274993281,0.223148092689,0.261327169113
114,0.284563698008,0.231104469504,0.222912353444,0.261419479045
115,0.28524027851,0.23122775137,0.222960042423,0.260571927697
116,0.270319380646,0.218729088424,0.264205958743,0.246745572187
117,0.270576441252,0.218234624965,0.264404606552,0.246784327231
118,0.269287391258,0.218410845815,0.265056254028,0.247245508899
119,0.269766647868,0.218408309068,0.265492041012,0.246333002052
120,0.268529989025,0.218571390213,0.266130199033,0.24676842173
121,0.267351606907,0.218716471824,0.266747790143,0.247184131126
122,0.26819849121,0.219042478826,0.264953915237,0.247805114727
123,0.267066969891,0.219180552098,0.265538198277,0.248214279735
124,0.267860121203,0.219475714231,0.263862063787,0.248802100779
125,0.268083960347,0.219005125059,0.264050276205,0.248860638389
126,0.268841990098,0.21926653372,0.262476871668,0.249414604514
127,0.25800257229,0.210083085555,0.251845808417,0.280068533739
128,0.258126559913,0.209569213388,0.251918543233,0.280385683466
129,0.25824656161,0.209067291689,0.251987351598,0.280698795103
130,0.258839480216,0.209201733876,0.250432222474,0.281526563434
131,0.258960665466,0.208712110728,0.250485347282,0.281841876523
132,0.259525654695,0.208820667818,0.249012864266,0.282640813221
133,0.260281019412,0.209081217964,0.249658812022,0.280978950602
134,0.260409869002,0.208605508322,0.249703570197,0.281281052479
135,0.26096188347,0.20869935788,0.248298002923,0.282040755727
136,0.261706682096,0.208946234,0.248914236808,0.280432847097
137,0.262243229112,0.209025717116,0.247579375669,0.281151678103
138,0.26238328188,0.208564033357,0.247606813248,0.281445871515
139,0.261112002112,0.208661348537,0.248032818512,0.282193830839
140,0.259894587528,0.208742736578,0.248440546577,0.282922129317
141,0.260616289534,0.208992597881,0.249049671152,0.281341441434
142,0.260739840732,0.208544497384,0.24908695616,0.281628705724
143,0.251876608941,0.201136631328,0.240541825066,0.306444934665
144,0.252754592306,0.201518250846,0.241302040011,0.304425116837
145,0.253599767113,0.201872041752,0.242030424916,0.302497766219
146,0.254414595283,0.202200089184,0.242729359339,0.300655956193
147,0.243167086337,0.192955031095,0.231923231008,0.331954651559
148,0.244154605222,0.193431959543,0.232789590519,0.329623844716
149,0.242837256964,0.19338763817,0.233029666417,0.330745438449
150,0.243785889487,0.193844642684,0.233874830619,0.32849463721
151,0.24251385416,0.193796607138,0.234111653131,0.329577885572
152,0.241287245963,0.193736007342,0.234333503957,0.330643242738
153,0.242196347705,0.194183481664,0.235170858185,0.328449312446
154,0.242537774494,0.194174769,0.233715268446,0.32957218806
155,0.230706459279,0.184434379118,0.222260492727,0.362598668875
156,0.231785827776,0.18502811195,0.223246273615,0.359939786659
157,0.231670071154,0.184466160048,0.22308074899,0.360783019808
158,0.232721803226,0.185033146072,0.224039222484,0.358205828218
159,0.232941481467,0.184937497817,0.222590823422,0.359530197294
160,0.233972084385,0.185484606368,0.223511324898,0.357031984349
161,0.23496916035,0.186003183804,0.224399259661,0.354628396185
162,0.235934728687,0.186494947154,0.225256583513,0.352313740645
163,0.236173732432,0.186411403015,0.223864814356,0.353550050196
164,0.237122358469,0.186886991311,0.224689749351,0.351300900869
165,0.237051341318,0.186356805146,0.224548251984,0.352043601552
166,0.23797963072,0.186812291567,0.225353109779,0.349854967934
167,0.238880966787,0.187244914723,0.226131896466,0.347742222023
168,0.237579863164,0.187182232622,0.226313312703,0.348924591512
169,0.237830161695,0.187112110064,0.224960707791,0.350097020449
170,0.238061396075,0.187026829347,0.223666902736,0.351244871842
171,0.236792067343,0.186958270213,0.223821727834,0.352427934611
172,0.237684379291,0.187402124969,0.224590728725,0.350322767016
173,0.236454679583,0.18733044228,0.224742610988,0.351472267149
174,0.235264704102,0.187248104991,0.224881767042,0.352605423866
175,0.235190062472,0.18673918065,0.224751773148,0.35331898373
176,0.236059270012,0.187181004641,0.225523555398,0.35123616995
177,0.236277834775,0.187106092514,0.224255492588,0.352360580123
178,0.237133288049,0.187534727877,0.225000646826,0.350331337248
179,0.237965468097,0.187943518001,0.225723263262,0.348367750641
180,0.23877559166,0.188333498772,0.226424515556,0.346466394012
181,0.239564793326,0.188705636078,0.227105498106,0.34462407249
182,0.239806611843,0.188645853254,0.225877990547,0.345669544356
183,0.240585342246,0.189007704197,0.226536585759,0.343870367798
184,0.240820367627,0.18894168772,0.225355457086,0.344882487568
185,0.241040461782,0.188863815258,0.224219891326,0.345875831635
186,0.241817983672,0.189222003382,0.224854738711,0.344105274235
187,0.240618442971,0.189191008995,0.225027673906,0.345162874128
188,0.240827662937,0.189110877265,0.223927681713,0.346133778085
189,0.241023917124,0.189020468531,0.222867134713,0.347088479632
190,0.241208129537,0.188920546324,0.221843114994,0.348028209144
191,0.241989021356,0.189287298035,0.22246278519,0.346260895419
192,0.242751541029,0.18963843439,0.223064981038,0.344545043543
193,0.243496563495,0.189974696289,0.223650528986,0.342878211229
194,0.243693493734,0.189882706683,0.222656003878,0.343767795705
195,0.242500994622,0.189870141819,0.222825021085,0.344803842474
196,0.242681502066,0.189771988878,0.221859405432,0.345687103624
197,0.243421625685,0.190110838638,0.222433676474,0.344033859203
198,0.24225883329,0.19009624652,0.222594859658,0.345050060532
199,0.242431248426,0.189997536395,0.221655101883,0.345916113295
200,0.242594135865,0.189891323641,0.220743995249,0.346770545245
201,0.243329138896,0.19023235912,0.221307805776,0.345130696208
202,0.238332501394,0.186096839269,0.216660577897,0.358910081441
203,0.239099022428,0.186465709387,0.21725432935,0.357180938836
204,0.239849037373,0.186820533696,0.217832478045,0.355497950886
205,0.239817379303,0.186341446889,0.217700445631,0.356140728177
206,0.238645882442,0.186310326105,0.217830108319,0.357213683134
207,0.238606023742,0.185839748305,0.217696786778,0.357857441175
208,0.238738650609,0.185717587372,0.2167822121,0.358761549919
209,0.237592638862,0.185678864434,0.216899013901,0.359829482802
210,0.236480546824,0.185631112676,0.217005314383,0.360883026117
211,0.236428694036,0.185168437306,0.216868533795,0.361534334863
212,0.2371776281,0.185538953799,0.217466063356,0.359817354745
213,0.237128442938,0.18508594252,0.217331577356,0.360454037186
214,0.237866398965,0.185445068107,0.217918294632,0.358770238297
215,0.236772392114,0.185400269437,0.218030761353,0.359796577097
216,0.236721135809,0.184956540396,0.217899580221,0.360422743574
217,0.23744613604,0.185310194276,0.218482729364,0.35876094032
218,0.237397514058,0.184875169443,0.218353833453,0.359373483046
219,0.2381122016,0.185218182837,0.218926811896,0.357742803667
220,0.238812352918,0.185548866814,0.21948595658,0.356152823687
221,0.239498559513,0.185867721371,0.220031826648,0.354601892469
222,0.239461610589,0.185445055062,0.219913122925,0.355180211425
223,0.239614708859,0.185349097674,0.218994338553,0.356041854914
224,0.238524380786,0.185319214897,0.219123613084,0.357032791232
225,0.238664220689,0.18521811337,0.218228802603,0.357888863339
226,0.23879577652,0.185110581769,0.217359221654,0.358734420057
227,0.238919529053,0.184997014301,0.216513335114,0.359570121531
228,0.237847159732,0.184963695832,0.216625074825,0.360564069611
229,0.236804452548,0.184922515062,0.216727650619,0.361545381771
230,0.235789772154,0.1848739033,0.216821549107,0.36251477544
231,0.236482688328,0.185220328804,0.217379098657,0.360917884211
232,0.235492799414,0.18516950862,0.217470777671,0.361866914295
233,0.235439554793,0.184755217475,0.217346684759,0.362458542973
234,0.236121161726,0.185096578245,0.217900798051,0.360881461978
235,0.236789356163,0.185426521335,0.21844213039,0.359341992113
236,0.237444656433,0.185745486663,0.218971172784,0.357838684121
237,0.236471161948,0.185701769899,0.219072991923,0.358754076229
238,0.236591401618,0.18560602074,0.218231588924,0.359570988718
239,0.236545435542,0.185203105587,0.218114836147,0.360136622725
240,0.235589373305,0.185154272224,0.218207239045,0.361049115426
241,0.235699325965,0.185054066168,0.217383169483,0.361863438384
242,0.22424713469,0.175885260145,0.206751225966,0.393116379199
243,0.224273427858,0.175728667162,0.205918578868,0.394079326113
244,0.219001886023,0.194276689464,0.201007533121,0.385713891392
245,0.219004233697,0.194183017885,0.200195228963,0.386617519455
246,0.219722917191,0.194724227088,0.200778283929,0.384774571792
247,0.219725327263,0.19463038815,0.199984534993,0.385659749594
248,0.219722315397,0.194531794083,0.199208465128,0.386537425391
249,0.21971953615,0.193736041566,0.199126913615,0.38741750867
250,0.218733538969,0.193706252476,0.199118330501,0.388441878054
251,0.209039527953,0.185031104328,0.190221852436,0.415707515283
252,0.208970082218,0.184879391781,0.189436794708,0.416713731293
253,0.207981059773,0.184790546726,0.189364130578,0.417864262923
254,0.207907647178,0.183990595781,0.189226860385,0.418874896656
255,0.208719150037,0.184619545545,0.189894771056,0.416766533362
256,0.208646191639,0.18383935952,0.189757766224,0.417756682618
257,0.20857572881,0.183686073067,0.188984054751,0.418754143372
258,0.207599130409,0.1835946647,0.188910991513,0.419895213378
259,0.208405271907,0.184219491612,0.189574966786,0.417800269695
260,0.208330297214,0.183455094924,0.189437219832,0.41877738803
261,0.20825028478,0.182708162766,0.189294969253,0.419746583201
262,0.207288606314,0.182613928737,0.189223111588,0.420874353361
263,0.208089305551,0.183230320849,0.189887676339,0.418792697261
264,0.208020894412,0.183081159173,0.189123838706,0.419774107709
265,0.208811431071,0.183687700233,0.189773828775,0.41772703992
266,0.209586543874,0.184280047729,0.190409310829,0.415724097569
267,0.210346752017,0.184858678164,0.191030771876,0.413763797943
268,0.211092552443,0.185424047594,0.191638678034,0.411844721928
269,0.211041719187,0.185289399887,0.190891370156,0.412777510771
270,0.210981970072,0.184557242748,0.190765881168,0.413694906012
271,0.210927063028,0.184417452046,0.190031659858,0.414623825068
272,0.211674602237,0.184978999497,0.190631474608,0.412714923657
273,0.211620716697,0.184839939014,0.189911616935,0.413627727354
274,0.211561956533,0.18412172248,0.189783349267,0.414532971721
275,0.212305932851,0.184675203671,0.190374968307,0.41264389517
276,0.203040809622,0.176526046256,0.18199448653,0.438438657593
277,0.203836543994,0.177127709526,0.182635048228,0.436400698253
278,0.203739268736,0.176953111711,0.181910447452,0.437397172101
279,0.20363677564,0.176234071045,0.181744564805,0.438384588511
280,0.204428854628,0.176827610782,0.182376860911,0.436366673678
281,0.205207047634,0.177408481039,0.182996226328,0.434388244999
282,0.205971777288,0.177977066251,0.183603053323,0.432448103138
283,0.204982191158,0.177887741389,0.183531230224,0.433598837228
284,0.204894121344,0.177721943635,0.182818402695,0.434565532326
285,0.205649629074,0.178287605762,0.1834186096,0.432644155564
286,0.206392343141,0.178841568514,0.184006897336,0.430759191009
287,0.207122642621,0.17938417739,0.184583617824,0.428909562164
288,0.206148694713,0.179304268821,0.184519826639,0.430027209826
289,0.19856092397,0.172620635123,0.21355688285,0.415261558058
290,0.199206155732,0.173097408049,0.214305014682,0.413391421538
291,0.199249548848,0.173050971653,0.21317217607,0.41452730343
292,0.199285616091,0.172998179979,0.212065196855,0.415651007076
293,0.199314682837,0.172939324626,0.210982887224,0.416763105313
294,0.199337054779,0.172874679563,0.209924129625,0.417864136034
295,0.199993127964,0.17335936559,0.210652249463,0.415995256983
296,0.199903391379,0.172655963715,0.210594921695,0.416845723211
297,0.199925343216,0.172589173171,0.209554162036,0.417931321577
298,0.199832191602,0.171899470887,0.209489812038,0.418778525473
299,0.199848439988,0.171826316317,0.208468052055,0.41985719164
300,0.199858712781,0.171748056633,0.207467182502,0.420926048085
301,0.199863254591,0.171664909731,0.206486311441,0.421985524237
302,0.198891472179,0.171574438453,0.206504580302,0.423029509066
303,0.199564420386,0.172070480247,0.207229146958,0.42113595241
304,0.199470736361,0.171391064672,0.20715771541,0.421980483557
305,0.199472994833,0.171307205941,0.206189715238,0.423030083987
306,0.200143651616,0.171797120657,0.206905493701,0.421153734026
307,0.199185622573,0.171709606978,0.206926213034,0.422178557414
308,0.199090534241,0.171042077621,0.206853200072,0.423014188065
309,0.199090615509,0.170957566527,0.205897734966,0.424054082999
310,0.199757656707,0.171445527297,0.206610134174,0.422186681822
311,0.198814255071,0.171356881846,0.20662802717,0.423200835914
312,0.199468832617,0.171838654568,0.207334111706,0.42135840111
313,0.198543969301,0.171749225323,0.207351366533,0.422355438843
314,0.199186436784,0.172224942498,0.20805127508,0.420537345638
315,0.199818249316,0.172690972176,0.208740243663,0.418750534846
316,0.198910111019,0.172604600679,0.208761850284,0.419723438017
317,0.198020269339,0.17251384059,0.208778095741,0.42068779433
318,0.198639520579,0.172977829573,0.20946605341,0.418916596438
319,0.199248624399,0.173432548222,0.210143533312,0.417175294067
320,0.198374352372,0.173344821029,0.210164091216,0.418116735383
321,0.188732659853,0.164849938679,0.199985566008,0.44643183546
322,0.177961440388,0.155376030477,0.188606259406,0.478056269729
323,0.178679541926,0.155937052359,0.189401589256,0.475981816459
324,0.179386501333,0.156487852337,0.190185387955,0.473940258375
325,0.180082589569,0.157028679333,0.190957936488,0.47193079461
326,0.180002940975,0.156892878942,0.189977358296,0.473126821788
327,0.180693260497,0.157427995729,0.190737579242,0.471141164533
328,0.181373174885,0.157953570499,0.191487061931,0.469186192685
329,0.182042932369,0.158469831142,0.192226063069,0.46726117342
330,0.181892102269,0.157791510196,0.192098670748,0.468217716787
331,0.181007235145,0.157641277025,0.192030569359,0.469320918471
332,0.180851666521,0.156975098929,0.191899901279,0.47027333327
333,0.179981581162,0.156820595047,0.191827408762,0.47137041503
334,0.180647084837,0.157335163769,0.192573682986,0.469444068409
335,0.181302766517,0.157840727639,0.193309764256,0.467546741588
336,0.181948855148,0.158337496821,0.194035890773,0.465677757258
337,0.181799633967,0.157683423627,0.193913983159,0.466602959246
338,0.172451173188,0.149511720876,0.183977899982,0.494059205955
339,0.173136060803,0.15004193969,0.184744031923,0.492077967585
340,0.168491243248,0.145954847418,0.20519497579,0.480358933544
341,0.168458404734,0.14586460585,0.203925162913,0.481751826503
342,0.169093218272,0.146352275662,0.204808688947,0.479745817119
343,0.168906677344,0.145711280771,0.204697745599,0.480684296286
344,0.168872856567,0.145619193963,0.203447974712,0.482059974758
345,0.168013444616,0.145440122396,0.203395998392,0.483150434597
346,0.167169347774,0.145258128898,0.203339636826,0.484232886503
347,0.167126346348,0.14516163727,0.20210898892,0.485603027463
348,0.167763328913,0.145655576237,0.202990775496,0.483590319355
349,0.168391014642,0.146141020508,0.203862214854,0.481605749995
350,0.168351928665,0.14604761172,0.202650358127,0.482950101487
351,0.167517993518,0.145869900769,0.202593825489,0.484018280225
352,0.167471689086,0.145771936553,0.201402752785,0.485353621576
353,0.167419839217,0.145669201999,0.200234469197,0.486676489588
354,0.167234919076,0.145035131343,0.200115032617,0.487614916964
355,0.167870218482,0.14552737001,0.200977405124,0.485625006383
356,0.16704590152,0.145350251242,0.20091593975,0.486687907488
357,0.166860695982,0.144726796749,0.200797579907,0.487614927363
358,0.166049302244,0.144546540111,0.200732036189,0.488672121456
359,0.166677039835,0.145036634946,0.201597976733,0.486688348486
360,0.159897766225,0.139083503869,0.232725911446,0.46829281846
361,0.1604484815,0.13950832616,0.233771734917,0.466271457424
362,0.159662588563,0.139323460307,0.233796970518,0.467216980613
363,0.159712748911,0.139314634641,0.232216692095,0.468755924352
364,0.159755140587,0.139299021874,0.230668815706,0.470277021832
365,0.15956427848,0.138694884377,0.230626498115,0.471114339029
366,0.15937145989,0.138100834344,0.230581027705,0.471946678061
367,0.159407226391,0.138077624506,0.229056428187,0.473458720915
368,0.15257809106,0.132110406391,0.219460722572,0.495850779977
369,0.153172668293,0.132573181732,0.220534253804,0.493719896171
370,0.153758425762,0.133027942906,0.221596986088,0.491616645244
371,0.153758442995,0.132975757829,0.220098109363,0.493167689813
372,0.15297804217,0.132776731951,0.220068195759,0.49417703012
373,0.152210286542,0.132575656267,0.220034389788,0.495179667403
374,0.15279090242,0.133031975673,0.221092641441,0.493084480466
375,0.153362992929,0.133480517932,0.222140426016,0.491016063123
376,0.148597959029,0.12928523082,0.215451787834,0.506665022318
377,0.149180338134,0.129743742367,0.216510557169,0.50456536233
378,0.148423634661,0.129536231741,0.216458869477,0.50558126412
379,0.139740051872,0.121913640885,0.203998934008,0.534347373235
380,0.139498895517,0.121328949465,0.203850810067,0.53532134495
381,0.140109364385,0.12181504216,0.204947917602,0.533127675854
382,0.140711621692,0.122293623776,0.2060349943,0.530959760231
383,0.140655042344,0.122199446972,0.204546105128,0.532599405557
384,0.141254011394,0.122674646006,0.20561862322,0.53045271938
385,0.141196169315,0.122579268879,0.204154055881,0.532070505925
386,0.141132505435,0.122478893022,0.202717478934,0.533671122608
387,0.141732858249,0.122954615315,0.203771371667,0.531541154769
388,0.140985475202,0.12273468804,0.203673274659,0.5326065621
389,0.14157710798,0.123205590202,0.204722476222,0.530494825596
390,0.142161016238,0.123669419553,0.205762308771,0.528407255438
391,0.142737331539,0.124126297915,0.206792933507,0.52634343704
392,0.142512337399,0.123549247182,0.206663318832,0.527275096588
393,0.142460447788,0.123459168036,0.205230687132,0.528849697044
394,0.143036203851,0.123912870309,0.206252123598,0.526798802242
395,0.142812336788,0.123344427994,0.206121188457,0.527722046761
396,0.143383099679,0.123791332037,0.207137789074,0.525687779209
397,0.14394658872,0.124231609005,0.208145587228,0.523676215047
398,0.144502925615,0.124665371095,0.209144731982,0.521686971308
399,0.144463195306,0.124584746321,0.207719291385,0.523232766988
400,0.144417811128,0.124499290199,0.206320339533,0.52476255914
401,0.144975777506,0.124933821684,0.207302722624,0.522787678186
402,0.136477252033,0.117566424235,0.195325121313,0.550631202418
403,0.137056144002,0.118021195755,0.196329073107,0.548593587136
404,0.137628180562,0.118469711663,0.197324835611,0.546577272163
405,0.137395727998,0.117911911122,0.197167751857,0.547524609023
406,0.136653525256,0.117694640415,0.197055046416,0.548596787913
407,0.136574243188,0.117582987638,0.195679396412,0.550163372762
408,0.137144852723,0.118030716182,0.19667107001,0.548153361085
409,0.137708786107,0.11847235501,0.197654765111,0.546164093772
410,0.137632592782,0.118363147255,0.196295913996,0.547708345967
411,0.137403167252,0.11781300016,0.196138886077,0.548644946511
412,0.137966712648,0.118251825258,0.19711436253,0.546667099564
413,0.137889698375,0.118141484239,0.195773520553,0.548195296833
414,0.138450681875,0.118577629664,0.196737296564,0.546234391897
415,0.138372795197,0.118466469027,0.195416320657,0.547744415119
416,0.138290258285,0.118351395342,0.19411837679,0.549239969583
417,0.138203228123,0.118232547351,0.192842718227,0.550721506299
418,0.138111855005,0.118110057874,0.19158863045,0.55218945667
419,0.137371079361,0.117901262887,0.191471924942,0.55325573281
420,0.137939832807,0.118346125797,0.19241746448,0.551296576916
421,0.138502209659,0.118785178861,0.193355483926,0.549357127554
422,0.139058303974,0.119218508903,0.194286095066,0.547437092057
423,0.139608208286,0.119646201321,0.195209407946,0.545536182446
424,0.140152013627,0.120068340105,0.196125530888,0.543654115381
425,0.140689809542,0.120485007853,0.197034570503,0.541790612102
426,0.141221684108,0.120896285793,0.197936631717,0.539945398383
427,0.140485382418,0.12069995568,0.197844564659,0.540970097244
428,0.139760566165,0.120502012455,0.197749370016,0.541988051364
429,0.140284631018,0.120911872183,0.198652278298,0.5401512185
430,0.140802944338,0.121316477263,0.199548373038,0.53833220536
431,0.132988543766,0.114543773928,0.188626924597,0.563840757708
432,0.132890175386,0.114419312767,0.187370908517,0.565319603331
433,0.133427101973,0.114841727457,0.188277981874,0.563453188696
434,0.132717480619,0.114632324611,0.188149863578,0.564500331192
435,0.132617794876,0.114507476057,0.186909277917,0.565965451151
436,0.133151527089,0.114929432091,0.187809948642,0.564109092178
437,0.133679761795,0.115346346002,0.188704166903,0.5622697253
438,0.132978184604,0.115139432195,0.188578444044,0.563303939157
439,0.132757314992,0.11459772056,0.18841578098,0.564229183469
440,0.132659766858,0.114475064872,0.18718492461,0.56568024366
441,0.131967685239,0.114267053369,0.187054201712,0.56671105968
442,0.132493779291,0.114685038868,0.187948850982,0.56487233086
443,0.133014505516,0.115098093741,0.188837181176,0.563050219567
444,0.132330707098,0.114892340261,0.188710872686,0.564066079955
445,0.132845230661,0.11530227547,0.189596447032,0.562256046837
446,0.132170413568,0.115097015976,0.189471044742,0.563261525715
447,0.132678846239,0.115503863801,0.190353894759,0.561463395201
448,0.132588448569,0.115389296564,0.189123610168,0.562898644698
449,0.133094918699,0.115794071057,0.189996933641,0.561114076603
450,0.133596290891,0.116194148931,0.190864242689,0.559345317489
451,0.134092631497,0.116589592138,0.19172561628,0.557592160085
452,0.134584005937,0.116980461741,0.192581132327,0.555854399995
453,0.13507047871,0.11736681793,0.193430867689,0.554131835671
454,0.135552113396,0.117748720029,0.194274898186,0.552424268388
455,0.135476687122,0.117646627142,0.193044781784,0.553831903952
456,0.135956653277,0.118026733795,0.193879868359,0.552136744569
457,0.1364318971,0.118402494551,0.194709401148,0.550456207201
458,0.136902479427,0.118773966128,0.195533452604,0.548790101841
459,0.136227550547,0.118584584263,0.195434749647,0.549753115543
460,0.136692684475,0.11895344906,0.196256627573,0.548097238892
461,0.136026622283,0.118764376219,0.196158542639,0.549050458859
462,0.135369962896,0.118574039134,0.196057919438,0.549998078532
463,0.135828969859,0.118941910854,0.196880828517,0.548348290769
464,0.135762784144,0.118849795903,0.195648291221,0.549739128732
465,0.136220303185,0.119216055267,0.196462615064,0.548101026484
466,0.13615312619,0.119123027548,0.195246935243,0.549476911019
467,0.136082083927,0.11902666262,0.194050784187,0.550840469265
468,0.136541044941,0.119393787014,0.194853580567,0.549211587478
469,0.136347986613,0.118853658556,0.194726301623,0.550072053208
470,0.13627617828,0.118756213946,0.193544223319,0.551423384455
471,0.136735295825,0.119121349431,0.19434159571,0.549801759034
472,0.136662675678,0.119023155968,0.193175086072,0.551139082282
473,0.137120279788,0.119386660789,0.193964386266,0.549528673157
474,0.137573570446,0.119746187587,0.19474863633,0.547931605637
475,0.137502989449,0.119649640852,0.193594433727,0.549252935971
476,0.137313820024,0.119116271792,0.193467685735,0.550102222449
477,0.137123349529,0.118591282212,0.193338819324,0.550946548935
478,0.137578438664,0.118948577234,0.194120538217,0.549352445885
479,0.137507255058,0.118850773303,0.192977715506,0.550664256133
480,0.136848724216,0.118671157904,0.192881562843,0.551598555037
481,0.136773425952,0.118570577197,0.191754279974,0.552901716877
482,0.136694770954,0.118467136703,0.190643911875,0.554194180468
483,0.137152989609,0.118828892804,0.191415311042,0.552602806544
484,0.137607005193,0.119186782737,0.192181816314,0.551024395756
485,0.13695484769,0.119009240414,0.192085443184,0.551950468712
486,0.13676752056,0.118490539052,0.191956828546,0.552785111841
487,0.136593396507,0.118304687742,0.191846483976,0.553255431776
488,0.135949840992,0.118126116293,0.191747546644,0.554176496071
489,0.127503434096,0.110755111748,0.179961527076,0.581779927079
490,0.12796835837,0.111126893079,0.180745320525,0.580159428025
491,0.128429269948,0.111494967058,0.181524459889,0.578551303105
492,0.128886213251,0.111859375352,0.182298997025,0.576955414372
493,0.129339232201,0.112220159145,0.183068983243,0.575371625411
494,0.129788370216,0.112577359144,0.183834469304,0.573799801335
495,0.129693577848,0.112462679088,0.18273169409,0.575112048974
496,0.130141374334,0.112818421377,0.183489917624,0.573550286665
497,0.130585370612,0.113170655605,0.18424374415,0.572000229633
498,0.129953320419,0.112986168768,0.184124225492,0.572936285321
499,0.130392725358,0.113336293828,0.184876363093,0.571394617721
500,0.130828414313,0.113682983844,0.185624192738,0.569864409105
501,0.12352261611,0.107304419581,0.175381368837,0.593791595472
502,0.123967109607,0.107660240667,0.176135916544,0.592236733182
503,0.124408035624,0.10801275561,0.176886364021,0.590692844745
504,0.124845430466,0.108361998629,0.177632753246,0.589159817658
505,0.124739505934,0.108239584699,0.176542298847,0.59047861052
506,0.116808961001,0.101329523619,0.165432264281,0.616429251099
507,0.116594343554,0.100836798448,0.16524214725,0.617326710748
508,0.117042688246,0.10119550769,0.165991913547,0.615769890518
509,0.117487674004,0.101551099483,0.166737868094,0.614223358418
510,0.11792933176,0.10190360315,0.167480045921,0.612687019169
511,0.117802841412,0.101765096083,0.166417693797,0.614014368708
512,0.117591280514,0.10127828155,0.166231397721,0.614899040214
513,0.117462321375,0.10113765001,0.165183700303,0.616216328311
514,0.1173309196,0.100994989462,0.164151252673,0.617522838266
515,0.117776939227,0.101349285699,0.16488314508,0.615990629994
516,0.118219688556,0.101700552922,0.165611344272,0.61446841425
517,0.118659197293,0.102048819238,0.166335883741,0.612956099728
518,0.110928560094,0.0953724695741,0.155600931265,0.638098039067
519,0.111372241949,0.095725951021,0.15632558076,0.636576226271
520,0.111812874275,0.096076597395,0.157046829292,0.635063699038
521,0.111595746942,0.0956045320406,0.156844493733,0.635955227284
522,0.112034502648,0.0959518727992,0.157564253512,0.634449371041
523,0.112470258118,0.0962964297289,0.158280666341,0.632952645812
524,0.112254755322,0.0958301786417,0.158080826557,0.633834239479
525,0.112688670304,0.0961715116078,0.15879578743,0.632344030658
526,0.112083649786,0.0959743767678,0.158622017791,0.633319955655
527,0.111868747019,0.0955144799369,0.158422644284,0.63419412876
528,0.111729920603,0.0953672892386,0.157402916571,0.635499873587
529,0.112162878111,0.0957080790086,0.158115652651,0.634013390229
530,0.11202376346,0.0955606554599,0.15710782307,0.63530775801
531,0.112455697812,0.0959002926604,0.157814457739,0.633829551789
532,0.111856614548,0.0957050594044,0.157641266704,0.634797059344
533,0.111265662204,0.0955091279514,0.157466459327,0.635758750517
534,0.111692664058,0.0958481462448,0.158173987926,0.634285201771
535,0.111554755414,0.0957023278831,0.157173282485,0.635569634219
536,0.111980750175,0.0960402167086,0.157874805647,0.634104227469
537,0.11231152451,0.0962962614137,0.158442833379,0.632949380697
538,0.112731960853,0.0966290056756,0.159138096981,0.631500936491
539,0.112144985854,0.0964364949612,0.15896867086,0.632449848325
540,0.112010038972,0.0962934366113,0.157973408254,0.633723116163
541,0.111873002853,0.0961486553367,0.15699217453,0.63498616728
542,0.104790312829,0.0900362166819,0.147145285329,0.65802818516
543,0.104224612518,0.0898364693263,0.146952206965,0.658986711191
544,0.104647828947,0.0901765410283,0.147642480782,0.657533149242
545,0.105068420962,0.0905141587116,0.148329865882,0.656087554444
546,0.105486406946,0.0908493401475,0.149014381941,0.654649870966
547,0.105335690824,0.0906946750735,0.148061771909,0.655907862194
548,0.105752731474,0.0910287960385,0.148740695378,0.654477777109
549,0.105190338408,0.0908323016652,0.148552916848,0.655424443079
550,0.105039406195,0.0906776839804,0.147610239117,0.656672670707
551,0.104886746491,0.0905216516886,0.14668052055,0.657911081271
552,0.104674656543,0.090075732005,0.146473208362,0.658776403091
553,0.105092293907,0.0904104718324,0.147147315416,0.657349918844
554,0.105507393945,0.0907428402312,0.14781863547,0.655931130353
555,0.105919974169,0.0910728541217,0.148487187255,0.654519984454
556,0.106330052047,0.091400530369,0.149152989493,0.65311642809
557,0.106121228109,0.0909587438709,0.148950863327,0.653969164693
558,0.106529763713,0.091283592357,0.149615484296,0.652571159635
559,0.106935832391,0.0916061404363,0.15027739385,0.651180633323
560,0.101715164485,0.087109718329,0.143027954515,0.668147162671
561,0.102119919925,0.0874321064223,0.143684694548,0.666763279104
562,0.102522350721,0.0877523193089,0.144338909723,0.665386420248
563,0.102922471679,0.0880703713937,0.144990615579,0.664016541348
564,0.102771316289,0.0879166460618,0.144067523929,0.66524451372
565,0.103170631014,0.0882337732479,0.144714089971,0.663881505768
566,0.103567668532,0.0885487708479,0.145358184101,0.66252537652
567,0.103417837984,0.0883961528071,0.144442507066,0.663743502143
568,0.103814088798,0.0887102449294,0.145081560939,0.662394105334
569,0.104208094497,0.0890222381459,0.1457181797,0.661051487657
570,0.103651123029,0.0888332405736,0.145535023749,0.661980612649
571,0.10310144839,0.0886437316009,0.145350601524,0.662904218486
572,0.103491220982,0.0889552649171,0.145988029983,0.661565484118
573,0.0981460177275,0.0843384688783,0.138531357636,0.678984155758
574,0.0985339123732,0.0846493523412,0.139162686812,0.677654048474
575,0.0983251093305,0.0842259603717,0.138951482973,0.678497447325
576,0.0981159350256,0.0838083542531,0.13873944902,0.679336261701
577,0.0985033063811,0.0841161770652,0.139371154355,0.678009362199
578,0.0979701140084,0.0839254384652,0.139177075705,0.678927371822
579,0.0983544016431,0.0842320443995,0.139808040078,0.677605513879
580,0.0987366366652,0.0845367224633,0.140436801459,0.676289839413
581,0.0985847953504,0.0843840861098,0.139533544438,0.677497574102
582,0.0989663295612,0.0846879482276,0.140157476357,0.676188245854
583,0.0987602666714,0.0842743988065,0.139949444156,0.677015890366
584,0.0938490227785,0.0800616989977,0.133069583384,0.693019694839
585,0.0942283186444,0.080363367581,0.133687438676,0.691720875099
586,0.0946057084483,0.0806632406521,0.134303280679,0.69042777022
587,0.0949812018412,0.0809613278364,0.13491711885,0.689140351473
588,0.0953548085028,0.0812576387741,0.135528962708,0.687858590015
589,0.0894489707939,0.0762041434665,0.127211092509,0.707135793231
590,0.0892842254674,0.0760430647333,0.126353050549,0.70831965925
591,0.0896551214572,0.0763381476623,0.126952759446,0.707053971435
592,0.090024282969,0.0766315876798,0.127550674252,0.705793455099
593,0.0895159966972,0.0764419873724,0.127344828353,0.706697187577
594,0.0890142181666,0.0762521475222,0.127138133099,0.707595501212
595,0.0893795359889,0.0765451113284,0.127736677943,0.70633867474
596,0.0837305907357,0.0716886140315,0.119735449811,0.724845345422
597,0.0840906823929,0.0719781319647,0.120322693372,0.723608492271
598,0.0838819588249,0.0715980069264,0.120096210782,0.724423823467
599,0.0834003171144,0.0714082150948,0.119881677546,0.725309790245
600,0.0832321471865,0.0712457286608,0.119051989053,0.7264701351
601,0.0835910840744,0.0715344018215,0.119636864748,0.725237649356
602,0.0839484698548,0.0718215932836,0.120220175795,0.724009761066
603,0.0843043098342,0.0721073086801,0.120801926392,0.722786455094
604,0.0846586093898,0.0723915536991,0.121382120851,0.72156771606
605,0.0850113739663,0.0726743340811,0.121960763594,0.720353528359
606,0.0845307873974,0.0724870874205,0.121750842118,0.721231283064
607,0.0848809900989,0.072768904117,0.122328995246,0.720021110538
608,0.0794724704726,0.0681148451821,0.11460342527,0.737809259075
609,0.0793033540841,0.0679526313138,0.113797130194,0.738946884408
610,0.0746640641041,0.0639611127417,0.107203592636,0.754171230518
611,0.0697257311995,0.0597155070968,0.10017255512,0.770386206584
612,0.0700582851057,0.0599850758144,0.100710125404,0.769246513676
613,0.0648368676591,0.0555003085416,0.0932596153572,0.786403208442
614,0.0648698596693,0.0555144437868,0.0933625087239,0.78625318782
615,0.0646690055978,0.055186893901,0.093128733677,0.787015366824
616,0.0649903547333,0.0554468049489,0.0936471106331,0.785915729685
617,0.0653107148321,0.0557057345154,0.0941646447142,0.784818905938
618,0.0624528082218,0.0532543746268,0.0900976298746,0.794195187277
619,0.0627661315034,0.0535077303539,0.090603446353,0.79312269179
620,0.0630785433494,0.0537601749042,0.091108515642,0.792052766104
621,0.0633079263711,0.0539417405232,0.091494157842,0.791256175264
622,0.0636183801703,0.0541922676012,0.0919974612162,0.790191891012
623,0.0639279222839,0.0544418853058,0.092500011212,0.789130181198
624,0.0642365521528,0.0546905938147,0.0930018051634,0.788071048869
625,0.0640393271095,0.0543699716139,0.0927713498747,0.788819351402
626,0.0643472366381,0.0546170607817,0.0932727920257,0.787762910554
627,0.064654238083,0.0548632460284,0.0937734802221,0.786709035666
628,0.064960331096,0.0551085277177,0.0942734121028,0.785657729084
629,0.0652655154215,0.0553529062921,0.0947725854382,0.784608992848
630,0.0655697908949,0.055596382271,0.0952709981271,0.783562828707
631,0.0653996569744,0.0554375822625,0.0945446524207,0.784618108342
632,0.0657035396558,0.0556805678436,0.0950395413982,0.783576351102
633,0.0660065197124,0.0559226574194,0.0955336707958,0.782537152072
634,0.0663085971588,0.0561638516563,0.0960270388119,0.781500512373
635,0.0658915627784,0.0559887266987,0.0958087628666,0.782310947656
636,0.0615281728753,0.0522676821159,0.0895170725275,0.796687072481
637,0.0618202963599,0.0525023502582,0.0899952034849,0.795682149897
638,0.0621116240053,0.0527362186944,0.0904727087735,0.794679448527
639,0.0624021551151,0.0529692874025,0.0909495857883,0.793678971694
640,0.0580193411495,0.0492363413792,0.0846116876872,0.808132629784
641,0.0583003278999,0.049462084895,0.0850716762875,0.807165910918
642,0.0547750029888,0.046459258148,0.0799747389352,0.818790999928
