episode,omega1,omega2,omega3,omega4,omega5,omega
1,0.166666666667,0.166666666667,0.166666666667,0.166666666667,0.166666666667,0.166666666667
2,0.166666666667,0.166666666667,0.166666666667,0.166666666667,0.166666666667,0.166666666667
3,0.166666666667,0.166666666667,0.166666666667,0.166666666667,0.166666666667,0.166666666667
4,0.166666666667,0.166666666667,0.166666666667,0.166666666667,0.166666666667,0.166666666667
5,0.166666666667,0.166666666667,0.166666666667,0.166666666667,0.166666666667,0.166666666667
6,0.166666666667,0.166666666667,0.166666666667,0.166666666667,0.166666666667,0.166666666667
7,0.16718594326,0.166562811348,0.166562811348,0.166562811348,0.166562811348,0.166562811348
8,0.167272614967,0.166545477007,0.166545477007,0.166545477007,0.166545477007,0.166545477007
9,0.167359322575,0.166528135485,0.166528135485,0.166528135485,0.166528135485,0.166528135485
10,0.167446066092,0.166510786782,0.166510786782,0.166510786782,0.166510786782,0.166510786782
11,0.167532845523,0.166493430895,0.166493430895,0.166493430895,0.166493430895,0.166493430895
12,0.167301513513,0.166539697297,0.166539697297,0.166539697297,0.166539697297,0.166539697297
13,0.16718594326,0.166562811348,0.166562811348,0.166562811348,0.166562811348,0.166562811348
14,0.162047747557,0.161393536605,0.161393536605,0.161393536605,0.161393536605,0.192378106024
15,0.161544316692,0.160842079778,0.160842079778,0.160842079778,0.161601134932,0.194328309041
16,0.161025651621,0.160425480218,0.160425480218,0.160425480218,0.161236783643,0.196461124082
17,0.160621411783,0.1599829155,0.1599829155,0.1599829155,0.160846063724,0.198583777994
18,0.160118734201,0.159555039674,0.159555039674,0.159555039674,0.160469835834,0.200746310943
19,0.159701997857,0.159106759948,0.159106759948,0.159106759948,0.160072808869,0.202904913431
20,0.159281717963,0.15865512972,0.15865512972,0.15865512972,0.159672124688,0.205080768189
21,0.158914572381,0.158256594322,0.158256594322,0.158256594322,0.158967803657,0.207347840996
22,0.161544316692,0.160842079778,0.160842079778,0.160842079778,0.161601134932,0.194328309041
23,0.161283043563,0.160548632766,0.160548632766,0.160548632766,0.16134247166,0.19572858648
24,0.160928113152,0.16027129746,0.16027129746,0.16027129746,0.16109987927,0.197158115199
25,0.160659773213,0.159975603932,0.159975603932,0.159975603932,0.160838712709,0.198574702282
26,0.160389846064,0.159678430316,0.159678430316,0.159678430316,0.160575932523,0.199998930465
27,0.161973422239,0.161226311261,0.161226311261,0.161226311261,0.162168867467,0.192178776512
28,0.161780969541,0.161006114206,0.161006114206,0.161006114206,0.161983695442,0.193216992399
29,0.16276124023,0.161952889433,0.161952889433,0.161952889433,0.162972753264,0.188407338205
30,0.162613534055,0.161777147668,0.161777147668,0.161777147668,0.162832407399,0.18922261554
31,0.162465254405,0.161600892854,0.161600892854,0.161600892854,0.162691473891,0.190040593142
32,0.162316400763,0.161424124765,0.161424124765,0.161424124765,0.162549952141,0.190861272802
33,0.163054864578,0.162129697276,0.162129697276,0.162129697276,0.163297052314,0.187258991281
34,0.162835454663,0.162001527624,0.162001527624,0.162001527624,0.163204545844,0.187955416621
35,0.163379427948,0.162517427133,0.162517427133,0.162517427133,0.163760987165,0.185307303489
36,0.163277696443,0.162390964116,0.162390964116,0.162390964116,0.163670246888,0.185879164322
37,0.162138302829,0.161232670325,0.161232670325,0.161232670325,0.168896651362,0.185267034835
38,0.162008052809,0.161078083854,0.161078083854,0.161078083854,0.168952518117,0.185805177511
39,0.162427419418,0.16146991825,0.16146991825,0.16146991825,0.169582120583,0.183580705249
40,0.162312258312,0.161330332794,0.161330332794,0.161330332794,0.169654228276,0.184042515029
41,0.162196913498,0.161190604294,0.161190604294,0.161190604294,0.169726088953,0.184505184669
42,0.162540400885,0.161506829919,0.161506829919,0.161506829919,0.17027857033,0.182660539029
43,0.162436676005,0.161378653873,0.161378653873,0.161378653873,0.170363052447,0.18306430993
44,0.162715692378,0.161630702932,0.161630702932,0.161630702932,0.170849380362,0.181542818463
45,0.162517602006,0.161531641706,0.161531641706,0.161531641706,0.170965064852,0.181922408024
46,0.162335997694,0.161429260954,0.161429260954,0.161429260954,0.171077245411,0.182298974033
47,0.161470692631,0.160548804122,0.160548804122,0.160548804122,0.175087692588,0.181795202415
48,0.161282943395,0.160427465384,0.160427465384,0.160427465384,0.175285387504,0.182149272949
49,0.16158980966,0.160714517154,0.160714517154,0.160714517154,0.173297769314,0.182968869563
50,0.161481224669,0.160588347807,0.160588347807,0.160588347807,0.173433877356,0.183319854552
51,0.161735113971,0.160822634235,0.160822634235,0.160822634235,0.173959885779,0.181837097546
52,0.161633987079,0.160703892272,0.160703892272,0.160703892272,0.174104652541,0.182149683565
53,0.161845406829,0.160895888107,0.160895888107,0.160895888107,0.174586623322,0.180880305528
54,0.161750428207,0.160783272116,0.160783272116,0.160783272116,0.174738628107,0.181161127339
55,0.161655366213,0.160670596685,0.160670596685,0.160670596685,0.174890614736,0.181442228997
56,0.161839037926,0.160834949069,0.160834949069,0.160834949069,0.175344667346,0.18031144752
57,0.161749136435,0.160727417077,0.160727417077,0.160727417077,0.175502836915,0.18056577542
58,0.161659160886,0.160619833779,0.160619833779,0.160619833779,0.175661014424,0.180820323353
59,0.161569111386,0.160512199301,0.160512199301,0.160512199301,0.175819199556,0.181075091156
60,0.161403670549,0.160418921595,0.160418921595,0.160418921595,0.175993198606,0.181346366061
61,0.161312231689,0.160311411267,0.160311411267,0.160311411267,0.176151671354,0.181601863157
62,0.161154913442,0.160216418427,0.160216418427,0.160216418427,0.176323983452,0.181871847827
63,0.161062281892,0.160108995595,0.160108995595,0.160108995595,0.176482700905,0.182128030419
64,0.160911396055,0.160012616507,0.160012616507,0.160012616507,0.176653673986,0.182397080439
65,0.160817726363,0.1599052525,0.1599052525,0.1599052525,0.17681260216,0.182653913976
66,0.160723986593,0.159797836646,0.159797836646,0.159797836646,0.176971536114,0.182910967355
67,0.160917554912,0.159976065746,0.159976065746,0.159976065746,0.17744737371,0.18170687414
68,0.161255551285,0.160297832169,0.160297832169,0.160297832169,0.175426890631,0.182424061578
69,0.16117269665,0.160201225792,0.160201225792,0.160201225792,0.175557325561,0.182666300414
70,0.161089782151,0.160104575828,0.160104575828,0.160104575828,0.175687745756,0.182908744607
71,0.161271624978,0.160271056489,0.160271056489,0.160271056489,0.176107329149,0.181807876406
72,0.161192581153,0.160178261287,0.160178261287,0.160178261287,0.176242445644,0.182030189344
73,0.16111348336,0.160085427693,0.160085427693,0.160085427693,0.176377564312,0.182252669249
74,0.161034331668,0.15999255579,0.15999255579,0.15999255579,0.176512684947,0.182475316016
75,0.160895900825,0.15991093243,0.15991093243,0.15991093243,0.17666027631,0.182711025576
76,0.160815865216,0.159818124373,0.159818124373,0.159818124373,0.17679557217,0.182934189495
77,0.16073577658,0.159725277923,0.159725277923,0.159725277923,0.176930869454,0.183157520198
78,0.161022656018,0.159997076577,0.159997076577,0.159997076577,0.175186159054,0.183799955198
79,0.160947306811,0.159908937337,0.159908937337,0.159908937337,0.175296001431,0.184029879748
80,0.160871906407,0.159820760761,0.159820760761,0.159820760761,0.175405818414,0.184259992897
81,0.160796454863,0.159732546915,0.159732546915,0.159732546915,0.175515609815,0.184490294577
82,0.154848062374,0.153810748009,0.153810748009,0.153810748009,0.169207864396,0.214511829203
83,0.154081151989,0.153036275473,0.153036275473,0.153036275473,0.168554276823,0.21825574477
84,0.154584598729,0.153523568112,0.153523568112,0.153523568112,0.169290260678,0.215554436257
85,0.154371375578,0.153365886325,0.153365886325,0.153365886325,0.169315694444,0.216215271002
86,0.150684147613,0.149691029301,0.149691029301,0.149691029301,0.165453420967,0.234789343517
87,0.150426874903,0.149482644597,0.149482644597,0.149482644597,0.165417814372,0.235707376933
88,0.151032743244,0.150073721328,0.150073721328,0.150073721328,0.16626762241,0.232478470361
89,0.150835726102,0.149866981765,0.149866981765,0.149866981765,0.166234256331,0.23332907227
90,0.151211165909,0.150229010364,0.150229010364,0.150229010364,0.166832208665,0.231269594335
91,0.15131670654,0.150322858668,0.150322858668,0.150322858668,0.165176156755,0.232538560701
92,0.151129193238,0.150125584585,0.150125584585,0.150125584585,0.165132187853,0.233361865153
93,0.151654009237,0.150635885688,0.150635885688,0.150635885688,0.165867065511,0.230571268188
94,0.151475132758,0.150447194172,0.150447194172,0.150447194172,0.165832825773,0.231350458952
95,0.151295928601,0.150258204049,0.150258204049,0.150258204049,0.165798002807,0.232131456444
96,0.151364716484,0.150315513847,0.150315513847,0.150315513847,0.164391750538,0.233296991436
97,0.151390869666,0.150330478374,0.150330478374,0.150330478374,0.163215377428,0.234402317783
98,0.151214739312,0.150144587935,0.150144587935,0.150144587935,0.163153253167,0.235198243715
99,0.150987158993,0.14996741198,0.14996741198,0.14996741198,0.16310038019,0.236010224875
100,0.151517432194,0.150483697362,0.150483697362,0.150483697362,0.163802132328,0.233229343391
101,0.1515249895,0.150480796884,0.150480796884,0.150480796884,0.162773246207,0.23425937364
102,0.151310040926,0.150312182074,0.150312182074,0.150312182074,0.162718578366,0.235034834486
103,0.151292709752,0.150285119505,0.150285119505,0.150285119505,0.16181704696,0.236034884773
104,0.151081888706,0.150116509391,0.150116509391,0.150116509391,0.161752698569,0.236815884551
105,0.150913644856,0.149940008669,0.149940008669,0.149940008669,0.161679663377,0.237586665758
106,0.15087727223,0.149894541623,0.149894541623,0.149894541623,0.160870927789,0.238568175113
107,0.150709438986,0.149718483426,0.149718483426,0.149718483426,0.160790160889,0.239344949846
108,0.150541284092,0.149542127048,0.149542127048,0.149542127048,0.16070889186,0.240123442903
109,0.150331920208,0.149372661062,0.149372661062,0.149372661062,0.160634850415,0.240915246191
110,0.150803592132,0.149832442129,0.149832442129,0.149832442129,0.161237782156,0.238461299326
111,0.150641360658,0.149662384332,0.149662384332,0.149662384332,0.16116321403,0.239208272316
112,0.150478833023,0.149492051949,0.149492051949,0.149492051949,0.161088176519,0.239956834611
113,0.150316009595,0.149321445396,0.149321445396,0.149321445396,0.161012669273,0.240706984943
114,0.150152890749,0.149150565095,0.149150565095,0.149150565095,0.160936691951,0.241458722015
115,0.149989476865,0.148979411474,0.148979411474,0.148979411474,0.160860244217,0.242212044495
116,0.149786306902,0.148814891995,0.148814891995,0.148814891995,0.160790788614,0.2429782285
117,0.146936749305,0.145975555518,0.145975555518,0.145975555518,0.175776024699,0.239360559443
118,0.147188698876,0.146217584029,0.146217584029,0.146217584029,0.176349656626,0.237808892411
119,0.147313744318,0.146333524972,0.146333524972,0.146333524972,0.174696801614,0.238988879152
120,0.147135751104,0.14614844711,0.14614844711,0.14614844711,0.174738003044,0.239680904521
121,0.146957542238,0.145963175528,0.145963175528,0.145963175528,0.174778701937,0.240374229239
122,0.146779118345,0.145777710883,0.145777710883,0.145777710883,0.174818897128,0.241068851878
123,0.146600480056,0.145592053835,0.145592053835,0.145592053835,0.174858587455,0.241764770985
124,0.146421628004,0.145406205048,0.145406205048,0.145406205048,0.174897771764,0.242461985088
125,0.141733708361,0.140742832613,0.140742832613,0.140742832613,0.16954292342,0.266494870382
126,0.1380708252,0.137097800139,0.137097800139,0.137097800139,0.165400153978,0.285235620405
127,0.137812247011,0.136833302264,0.136833302264,0.136833302264,0.165329089819,0.286358756377
128,0.136764114577,0.141521974218,0.13578493256,0.13578493256,0.164308901075,0.285835145009
129,0.134480362955,0.139196250007,0.133509977851,0.133509977851,0.161798792941,0.297504638396
130,0.132096000486,0.136765095806,0.131135400918,0.131135400918,0.159159858815,0.309708243056
131,0.132969186019,0.13770622038,0.131994768463,0.131994768463,0.160443585507,0.304891471167
132,0.132921551645,0.137693960955,0.131940018059,0.131940018059,0.158770441779,0.306734009503
133,0.133743822094,0.138583065467,0.132748705753,0.132748705753,0.159969466891,0.302206234042
134,0.133495327586,0.138113209426,0.132494563683,0.132494563683,0.159888986317,0.303513349304
135,0.133243961169,0.137657799325,0.132237599726,0.132237599726,0.159804548106,0.304818491949
136,0.132961589066,0.137399485216,0.131949894655,0.131949894655,0.159682349281,0.306056787128
137,0.132640332336,0.137146719476,0.131667676885,0.131667676885,0.159566135299,0.307311459119
138,0.132356967903,0.136887351841,0.131379280196,0.131379280196,0.159441774616,0.308555345248
139,0.132101914774,0.136439867925,0.131119014989,0.131119014989,0.159350931778,0.309869255547
140,0.131817876075,0.136178382035,0.13083000922,0.13083000922,0.159224534973,0.311119188478
141,0.131533457911,0.135916374095,0.130540657746,0.130540657746,0.159097040734,0.312371811767
142,0.131248663409,0.135653847016,0.130250963729,0.130250963729,0.158968449476,0.313627112641
143,0.131194506804,0.135629624302,0.130190172979,0.130190172979,0.157355007964,0.315440514972
144,0.130936929751,0.135188491867,0.129927536147,0.129927536147,0.157247287356,0.316772218732
145,0.130677164354,0.134757936138,0.129662756004,0.129662756004,0.157136400954,0.318102986547
146,0.130391940779,0.134492522527,0.129372744952,0.129372744952,0.156994320139,0.319375726651
147,0.130295032632,0.134197487745,0.129054393898,0.129054393898,0.156817142967,0.320581548859
148,0.130033614117,0.133773690634,0.128787024852,0.128787024852,0.156701244793,0.321917400752
149,0.13037793298,0.13415378889,0.129119581355,0.129119581355,0.157315689916,0.319913425504
150,0.130097588238,0.133891150428,0.128833499637,0.128833499637,0.157176758603,0.321167503456
151,0.129816882618,0.133628034164,0.12854709751,0.12854709751,0.157036784232,0.322424103966
152,0.129535819264,0.133364443088,0.128260378152,0.128260378152,0.156895767631,0.323683213714
153,0.127604965245,0.131401864969,0.126340256436,0.126340256436,0.154753350499,0.333559306414
154,0.125417848597,0.129174585983,0.12416667966,0.12416667966,0.152294061307,0.344780144794
155,0.125062355276,0.12888531003,0.123856605922,0.123856605922,0.152116620887,0.346222501962
156,0.128155398014,0.128088793747,0.123059360708,0.123059360708,0.151339307863,0.346297778961
157,0.128069001511,0.128002012843,0.122944210514,0.122944210514,0.149749710902,0.348290853717
158,0.126842527309,0.126775754978,0.121734942134,0.121734942134,0.14846437453,0.354447458914
159,0.126537276373,0.126470240567,0.121410195209,0.121410195209,0.148255647487,0.355916445154
160,0.126253352439,0.126013326788,0.12110606746,0.12110606746,0.148071364901,0.357449820953
161,0.126134876482,0.125893569335,0.120960751809,0.120960751809,0.146590569118,0.359459481447
162,0.118352585604,0.11812475291,0.113467986804,0.113467986804,0.137675460469,0.39891122741
163,0.117987938053,0.117759397936,0.113088779975,0.113088779975,0.13738026246,0.400694841602
164,0.117640966986,0.117257568327,0.112726701964,0.112726701964,0.137104989135,0.402543071625
165,0.118019564332,0.117632575967,0.113059882712,0.113059882712,0.137675487484,0.400552606793
166,0.117676298273,0.117141970164,0.112701534673,0.112701534673,0.137404057335,0.402374604882
167,0.117933805894,0.117395070516,0.112918591862,0.112918591862,0.137834144626,0.400999795241
168,0.115288961381,0.114759142651,0.110357327419,0.110357327419,0.134869631487,0.414367609641
169,0.114749655035,0.114405365983,0.109991357179,0.109991357179,0.134583925648,0.416278338976
170,0.113022891326,0.112681767717,0.108308889803,0.108308889803,0.132684554345,0.424993007007
171,0.112638434472,0.112296462664,0.107913260782,0.107913260782,0.132358768057,0.426879813242
172,0.112253636129,0.111910830911,0.107517497242,0.107517497242,0.13203184185,0.428768696625
173,0.113422483045,0.113074085881,0.108609646049,0.108609646049,0.133533295861,0.422750843116
174,0.115421738048,0.112396679041,0.107933703464,0.107933703464,0.132861724064,0.423452451918
175,0.112407248528,0.109444392725,0.105074033058,0.105074033058,0.129497039987,0.438503252645
176,0.112164936578,0.109191703697,0.104806885453,0.104806885453,0.128035067113,0.440994521707
177,0.111777920902,0.108798243327,0.104404770468,0.104404770468,0.127689814516,0.442924480319
178,0.111156525603,0.108433100188,0.104030005432,0.104030005432,0.12737709186,0.444973271484
179,0.110549608073,0.108065703273,0.103653248441,0.103653248441,0.127061044268,0.447017147504
180,0.109955744664,0.107696259944,0.103274699804,0.103274699804,0.126741907568,0.449056688216
181,0.109580740281,0.10717950614,0.102886444153,0.102886444153,0.126409947484,0.451056917788
182,0.108011013,0.105631173007,0.101377103306,0.101377103306,0.124698079754,0.458905527628
183,0.106478289942,0.104119403846,0.0999035261052,0.0999035261052,0.123026168859,0.466569085143
184,0.106086752674,0.103597061147,0.0995013139523,0.0995013139523,0.122671109625,0.46864244865
185,0.105681550794,0.10318797698,0.0990865593304,0.0990865593304,0.122299595648,0.470657757918
186,0.103005628327,0.100562142385,0.0965438107203,0.0965438107203,0.140865012912,0.462479594935
187,0.0970145138735,0.0947008580709,0.09089669738,0.09089669738,0.132896553502,0.493594679793
188,0.0953607250266,0.0930744304857,0.0893159140634,0.0893159140634,0.130852303825,0.502080712536
189,0.0949215474246,0.0926337602448,0.0888734466434,0.0888734466434,0.130470239969,0.504227559075
190,0.0941942557983,0.0919120693515,0.0881616162641,0.0881616162641,0.129689821791,0.507880620531
191,0.0937541900871,0.091470794687,0.0877190099659,0.0877190099659,0.129302518301,0.510034476993
192,0.0940401903463,0.0909570505617,0.0872071127666,0.0872071127666,0.128810742019,0.511777791539
193,0.0934224400519,0.0903437845369,0.0866000391299,0.0866000391299,0.128175545364,0.514858151788
194,0.0870498685059,0.0841665248743,0.0806609763961,0.0806609763961,0.119629275461,0.547832378366
195,0.0863320446995,0.0834579104672,0.0799642476765,0.0799642476765,0.11883839157,0.551443157911
196,0.0858758724312,0.0829005653155,0.0795103132105,0.0795103132105,0.118405339036,0.553797596797
197,0.0830073955833,0.080116982915,0.0768241145095,0.0768241145095,0.114638975577,0.568588416905
198,0.0825350118547,0.0796466446599,0.07635675557,0.07635675557,0.114174498318,0.570930334028
199,0.0754638459053,0.0728097717537,0.0697873418576,0.0697873418576,0.104564728428,0.607586970198
200,0.0748086140139,0.0723366129398,0.0693189797032,0.0693189797032,0.104075290266,0.610141523374
201,0.0746169773223,0.0721391264974,0.0691149306209,0.0691149306209,0.10398106406,0.611032970878
202,0.0742661840394,0.0717878592787,0.0687636632598,0.0687636632598,0.101830402156,0.614588228007
203,0.0737862129145,0.0712262327963,0.0682930937602,0.0682930937602,0.101331294737,0.617070072032
204,0.0675545378175,0.0651993647157,0.0625014027728,0.0625014027728,0.0929190839804,0.649324207941
205,0.0627274622867,0.0605299949944,0.0580131739541,0.0580131739541,0.0864151985942,0.674300996216
206,0.0622994969865,0.0601065142997,0.0575953099816,0.0575953099816,0.0848609555973,0.677542413153
207,0.0611644416208,0.0590010990014,0.0565243095841,0.0565243095841,0.0834405467825,0.683345293427
208,0.0607028073158,0.0585455573928,0.0560762158072,0.0560762158072,0.0829357259541,0.685663477723
209,0.0587493081914,0.0566515776407,0.0542508253998,0.0542508253998,0.0803878436676,0.695709619701
210,0.0584819904796,0.0563839478164,0.0539832975966,0.0539832975966,0.0801428008692,0.697024665642
211,0.0580452889905,0.0559531312333,0.0535596725595,0.0535596725595,0.0796643645854,0.699217870072
212,0.052758783969,0.0508482812371,0.04866305654,0.04866305654,0.0725181379042,0.72654868381
213,0.0522804141031,0.0503784269204,0.0482033583321,0.0482033583321,0.0719690274623,0.72896541485
214,0.0518048502746,0.0499114387819,0.0477465912576,0.0477465912576,0.0714219636131,0.731368564815
215,0.0513351581771,0.0493907625719,0.0472955766022,0.0472955766022,0.0708811925856,0.733801733461
216,0.0470594174975,0.0452688032637,0.043339693762,0.043339693762,0.065075483993,0.755916907722
217,0.0472572109716,0.0454508691508,0.0435051879343,0.0435051879343,0.0654475953764,0.754833948633
218,0.0467984565868,0.0450015295721,0.043066359722,0.043066359722,0.0649100414256,0.757157252971
219,0.0478001552572,0.0459564731093,0.04397133099,0.04397133099,0.0663994392051,0.751901270449
220,0.0486155628437,0.0467319972023,0.0447042994682,0.0447042994682,0.0676340151621,0.747609825855
221,0.0476607885484,0.0458059491616,0.0438095578628,0.0438095578628,0.0664057710978,0.752508375467
222,0.0472096536918,0.0453641854629,0.0433782604993,0.0433782604993,0.0658764463413,0.754793193505
223,0.0467320667907,0.0448971662511,0.0429229910415,0.0429229910415,0.0653084062592,0.757216378616
224,0.0461761422386,0.0444666232025,0.0425027694249,0.0425027694249,0.0647914074424,0.759560288267
225,0.046267364246,0.0445469314776,0.0425709071136,0.0425709071136,0.0650180838835,0.759025806166
226,0.0454513499734,0.0437538579922,0.0418045444361,0.0418045444361,0.0639684509826,0.763217252179
227,0.045015255516,0.0433267204491,0.0413880524624,0.0413880524624,0.063450990665,0.765430928445
228,0.0452677583924,0.0435623818996,0.041604741089,0.041604741089,0.0639038931442,0.764056484386
229,0.0446400882679,0.0429510914986,0.0410126132136,0.0410126132136,0.0631136086574,0.767269985149
230,0.0429757330892,0.0413427142101,0.0394688301744,0.0394688301744,0.06085284705,0.775891045302
231,0.0427878807993,0.0409196148994,0.0390569961334,0.0390569961334,0.0603318389704,0.777846673064
232,0.0426058473152,0.0407376212624,0.0388754114764,0.0388754114764,0.0601649832875,0.778740725182
233,0.041858126231,0.040014918977,0.0381780116571,0.0381780116571,0.0591974752801,0.782573456198
234,0.041444071334,0.0396114071065,0.0377853688577,0.0377853688577,0.058699529714,0.78467425413
235,0.041509904745,0.0396666289029,0.0378303815095,0.0378303815095,0.0588806714416,0.784282031891
236,0.0412664875209,0.0394263669804,0.0375936262651,0.0375936262651,0.058622904154,0.785496988815
237,0.0407895328841,0.0389631164269,0.037144385464,0.037144385464,0.059744833679,0.786213746082
238,0.0407057438291,0.0388755322862,0.0370533835137,0.0370533835137,0.0597186053969,0.78659335146
239,0.0403483626488,0.0385267405137,0.0367135028487,0.0367135028487,0.0582071318328,0.789490759307
240,0.0399794410475,0.0381670654091,0.0363633893242,0.0363633893242,0.0570186905412,0.792108024354
241,0.0408447280095,0.0389855583512,0.037135679665,0.037135679665,0.0583393567849,0.787558997524
242,0.0404475218305,0.0385989390168,0.0367599589108,0.0367599589108,0.0578578982013,0.78957572313
243,0.0398715984366,0.038041952136,0.0362221710095,0.0362221710095,0.0571188543962,0.792523253012
244,0.039562634768,0.0377398399313,0.0359272327382,0.0359272327382,0.0567604925239,0.7940825673
245,0.0395513310522,0.0377217341303,0.0359027235498,0.0359027235498,0.05682862642,0.794092861298
246,0.0391666422537,0.0372988483322,0.0355394222347,0.0355394222347,0.0563595482374,0.796096116707
247,0.0386734826178,0.0368218621727,0.0350780171067,0.0350780171067,0.0557326317953,0.798615989201
248,0.0363067424695,0.0345615438437,0.0329182521908,0.0329182521908,0.0523996830813,0.810895526224
249,0.0358590393726,0.0341285537134,0.0324994390641,0.0324994390641,0.0518304683831,0.813183060403
250,0.0347336053238,0.0330508385255,0.0314669615835,0.0314669615835,0.0502784006441,0.81900323234
251,0.0339777389008,0.0323251445762,0.0307699754848,0.0307699754848,0.0492573644305,0.822899801123
252,0.033621343368,0.0319797045619,0.0304351515229,0.0304351515229,0.0488131534233,0.824715495601
253,0.0307973864185,0.0292877919939,0.0278677559853,0.0278677559853,0.0447796579379,0.839399651679
254,0.0311773559578,0.0296432239246,0.0282003922443,0.0282003922443,0.045399523826,0.837379111803
255,0.029016090622,0.0275828054492,0.0262350863075,0.0262350863075,0.0423151633843,0.84861576793
256,0.0281190450785,0.0267247400316,0.0254139339575,0.0254139339575,0.0410679285623,0.853260418413
257,0.028073309679,0.026675951657,0.0253625359807,0.0253625359807,0.0410620807896,0.853463585913
258,0.0279162710168,0.0265214396628,0.0252106588926,0.0252106588926,0.040893082565,0.85424788897
259,0.0256037493608,0.0243196119225,0.0231130941457,0.0231130941457,0.0375613434698,0.866289106955
260,0.0247550942992,0.0235088314533,0.0223381311729,0.0223381311729,0.0363703300424,0.870689481859
261,0.0244595512296,0.023223534933,0.0220626902181,0.0220626902181,0.0359895360767,0.872201997324
262,0.0244821310676,0.0232403382109,0.0220742995609,0.0220742995609,0.036076308268,0.872052623332
263,0.0241906015334,0.0229590163403,0.0218027920083,0.0218027920083,0.0356997064678,0.873545091642
264,0.0233867125826,0.0221916284055,0.0210698941073,0.0210698941073,0.0345646578712,0.877717212926
265,0.022792364911,0.0216233394846,0.0205262821713,0.0205262821713,0.0337363101318,0.88079542113
266,0.0217636406669,0.0206432612169,0.0195920636404,0.0195920636404,0.0322615214294,0.886147449406
267,0.020987483524,0.0199030903061,0.0188858586517,0.0188858586517,0.0311572251585,0.890180483708
268,0.0205099342758,0.019446336566,0.018448810337,0.018448810337,0.0304935354634,0.892652573021
269,0.020089552476,0.0190439562744,0.0180635077796,0.0180635077796,0.0299129248859,0.894826550805
270,0.0194895502422,0.0184714978796,0.0175170663888,0.0175170663888,0.0290626720982,0.897942147003
271,0.0191714955903,0.0181664335812,0.0172243675205,0.0172243675205,0.028630888502,0.899582447286
272,0.0186963674248,0.0177126809376,0.0167908334783,0.0167908334783,0.0279628332428,0.902046451438
273,0.0182768847111,0.0173118157684,0.0164075948417,0.0164075948417,0.0273760772442,0.904220032593
274,0.0182101104741,0.0172451276685,0.0163411667683,0.0163411667683,0.0273166056141,0.904545822707
275,0.0179476729528,0.0169932076549,0.0160992765056,0.0160992765056,0.0269629499727,0.905897616408
276,0.0179969385014,0.0170364551381,0.0161370660153,0.0161370660153,0.0270771529527,0.905615321377
277,0.0174676254378,0.0165320936221,0.015656242678,0.015656242678,0.0263198459519,0.908367949632
278,0.0169555436066,0.016044237698,0.0151912364169,0.0151912364169,0.0255862298678,0.911031515994
279,0.01686792372,0.0159581440775,0.0151067403082,0.0151067403082,0.0254918476526,0.911468603933
280,0.0170575776856,0.0161343507975,0.0152705339804,0.0152705339804,0.0258167845601,0.910450218996
281,0.0165161605499,0.0156191220046,0.0147799747623,0.0147799747623,0.0250345042379,0.913270263683
282,0.015296288264,0.0144626196476,0.0136829073643,0.0136829073643,0.0232199385325,0.919655338827
283,0.0145901368805,0.0137922034785,0.0130460615851,0.0130460615851,0.0221809161167,0.923344620354
284,0.0145531004211,0.0137544490696,0.0130077839446,0.0130077839446,0.0221574993889,0.923519383231
285,0.01476078604,0.0139479551598,0.0131881842052,0.0131881842052,0.0225071140567,0.922407776333
286,0.0144673683154,0.0136679688216,0.0129209006782,0.0129209006782,0.0220925054838,0.923930356023
287,0.0143906936443,0.0135928196044,0.0128473249397,0.0128473249397,0.0220080856751,0.924313751197
288,0.014075433351,0.013292387217,0.0125608921347,0.0125608921347,0.0215579480824,0.92595244708
289,0.0140170462714,0.0132346085514,0.0125038267961,0.0125038267961,0.021500435696,0.926240255889
290,0.0131250112742,0.0123898960461,0.0117034487593,0.0117034487593,0.0201620898459,0.930916105315
291,0.0127518933677,0.012035275437,0.0113662335631,0.0113662335631,0.0196180410896,0.932862322979
292,0.0118912226847,0.0112207337554,0.0105948825439,0.0105948825439,0.0183211439197,0.937377134552
293,0.0117248389313,0.0110615252443,0.0104424943835,0.0104424943835,0.0180916453744,0.938237001683
294,0.0115606371839,0.010904437938,0.0102921680164,0.0102921680164,0.0178647959182,0.939085792927
295,0.0112868180842,0.0106440381583,0.0100444081496,0.0100444081496,0.0174675871943,0.940512740264
296,0.0108134315775,0.0101955772143,0.00961931382681,0.00961931382681,0.0167598465443,0.94299251701
297,0.0100845266984,0.00950642410996,0.0089673435389,0.0089673435389,0.0156533439528,0.946821018161
298,0.00993887021535,0.00936724909024,0.00883431820223,0.00883431820223,0.0154501867902,0.9475750575
299,0.00976341026024,0.00923030345862,0.00870344712012,0.00870344712012,0.0152499832764,0.948349408765
300,0.00970453299495,0.00917291249687,0.00864762628832,0.00864762628832,0.0151807197054,0.948646582226
301,0.00973081337884,0.00919602032663,0.00866770120234,0.00866770120234,0.0152446253707,0.948493138519
302,0.00956175801881,0.00903455356171,0.0085138315416,0.0085138315416,0.0150022104509,0.949373814885
303,0.00952617802718,0.00899923951934,0.00847888048095,0.00847888048095,0.0149687691328,0.949548052359
304,0.00948984537975,0.00896322757408,0.00844328545553,0.00844328545553,0.0149340095678,0.949726346567
305,0.00949373017103,0.00896520738396,0.00844348499762,0.00844348499762,0.0149624966085,0.949691595841
306,0.0092278061959,0.00871244581462,0.00820381451745,0.00820381451745,0.0145651693213,0.951086949633
307,0.00921163947136,0.00869554339149,0.0081862841642,0.0081862841642,0.014561425647,0.951158823162
308,0.00913879433955,0.00862515419479,0.00811841604454,0.00811841604454,0.0144679087509,0.951531310626
309,0.00908972681322,0.00857722818491,0.00807171365241,0.00807171365241,0.0144117785426,0.951777839154
310,0.00879136607708,0.00829412673286,0.00780375805867,0.00780375805867,0.0139596010157,0.953347390057
311,0.00866501524479,0.00817338210701,0.00768863561168,0.00768863561168,0.01377957631,0.954004755115
312,0.00855777875544,0.00807070912636,0.00759055476715,0.00759055476715,0.0136294232884,0.954560979296
313,0.00827739378921,0.0078048116515,0.00733902887588,0.00733902887588,0.0132026142392,0.956037122568
314,0.00782962363057,0.00738121516681,0.00693934343421,0.00693934343421,0.012507113623,0.958403360711
315,0.00728333463667,0.00686491893129,0.00645268219372,0.00645268219372,0.0116518897202,0.961294492324
316,0.00726293962909,0.00684440582392,0.00643213219747,0.00643213219747,0.0116366622043,0.961391727948
317,0.0072571363344,0.00683764846321,0.00642451467366,0.00642451467366,0.0116447767631,0.961411409092
318,0.00708985507163,0.00667877809385,0.00627400581666,0.00627400581666,0.0113933944934,0.962289960708
319,0.00660004193902,0.00621619344335,0.00583830488292,0.00583830488292,0.010622148402,0.96488500645
320,0.00653079255598,0.00614981262949,0.00577482037892,0.00577482037892,0.010526438332,0.965243315725
321,0.00638168493057,0.00600827113912,0.00564079694148,0.00564079694148,0.0103015081963,0.966026941851
322,0.00602048175524,0.00566713525827,0.0053194761724,0.0053194761724,0.00973299701525,0.967940433626
323,0.005857871187,0.00551302954852,0.00517380381426,0.00517380381426,0.00948429502641,0.96879719661
324,0.00562443220343,0.00529233538244,0.00496570986772,0.00496570986772,0.00911997852816,0.970031834151
325,0.00551981030198,0.00519291237015,0.00487146205232,0.00487146205232,0.0089637384185,0.970580614805
326,0.00538398143614,0.00506417336033,0.00474975535315,0.00474975535315,0.00875625634876,0.971296078148
327,0.0049962696337,0.00469860620331,0.00440601601074,0.00440601601074,0.0081378686103,0.973355223531
328,0.00493021906346,0.00463561720116,0.00434609220249,0.00434609220249,0.00804231194411,0.973699667386
329,0.00467391512511,0.00439380056132,0.00411856625321,0.00411856625321,0.00763563942225,0.975059512385
330,0.00431905957964,0.00405944706512,0.00380440677098,0.00380440677098,0.00706648883167,0.976946190982
331,0.00429339804743,0.00403456773714,0.00378034487235,0.00378034487235,0.00703502310945,0.977076321361
332,0.0041900365631,0.00393669563664,0.00368791239154,0.00368791239154,0.00687594000588,0.977621503011
333,0.00412306156999,0.00387304029683,0.00362756429843,0.00362756429843,0.00677616508876,0.977972604448
334,0.00409836803199,0.00384911883999,0.0036044480464,0.0036044480464,0.00674566866128,0.978097948374
335,0.00411005979734,0.00385937229077,0.00361333702531,0.00361333702531,0.00677504341578,0.978028850445
336,0.00400205386775,0.00375724602055,0.00351702760156,0.00351702760156,0.00660688525265,0.978599759656
337,0.00397745136783,0.00373344493883,0.00349405905467,0.00349405905467,0.00657610296378,0.97872488262
338,0.00385464001324,0.00361748606649,0.00338486774125,0.00338486774125,0.00638259729094,0.979375541147
339,0.00384774405062,0.0036103340417,0.00337750942759,0.00337750942759,0.0063807199763,0.979406183076
340,0.00377061731996,0.00353729954585,0.00330853222211,0.00330853222211,0.00626218452187,0.979812834168
341,0.0036951008462,0.00346580277492,0.00324102008271,0.00324102008271,0.00614595802695,0.980211098187
342,0.0036360942853,0.00340981529806,0.00318803498468,0.00318803498468,0.00605687097806,0.980521149469
343,0.00361324686884,0.00338775131892,0.00316678145813,0.00316678145813,0.00602782608374,0.980637612812
344,0.00356556737928,0.00334241756634,0.00312378850329,0.00312378850329,0.00595719228395,0.980887245764
345,0.00352892871766,0.00330744866722,0.00309049735544,0.00309049735544,0.00590480756185,0.981077820342
346,0.00348749734257,0.00326800175567,0.00305303576335,0.00305303576335,0.00584422112731,0.981294208248
347,0.00348005531857,0.00326041372434,0.00304534619074,0.00304534619074,0.00584048340294,0.981328355173
348,0.00345304676734,0.00323450029236,0.00302054631029,0.00302054631029,0.00580383422322,0.981467526097
349,0.00338990185378,0.00317475362736,0.0029641670729,0.0029641670729,0.00570623371138,0.981800776662
350,0.00336749145933,0.0031531713786,0.00294343583619,0.00294343583619,0.00567699910406,0.981915466386
351,0.00335263147763,0.00313866569304,0.00292931721842,0.00292931721842,0.00566041187044,0.981989656522
352,0.00333394994111,0.00312058837326,0.00291187130523,0.00291187130523,0.00563730044425,0.982084418631
353,0.00333450413593,0.00312051907089,0.0029112324165,0.0029112324165,0.00564668107325,0.982075830887
354,0.0033076612144,0.00309481555261,0.00288668339971,0.00288668339971,0.00560961313957,0.982214543294
355,0.00331287956391,0.003099114108,0.00289012281134,0.00289012281134,0.00562687711637,0.982180883589
356,0.00326784546859,0.00305640991368,0.00284973631744,0.00284973631744,0.00555869936252,0.98241757262
357,0.00323267303109,0.00302294355352,0.00281797711576,0.00281797711576,0.00550710487572,0.982601324308
358,0.00301169876703,0.00281577506113,0.00262433775826,0.00262433775826,0.0051383418035,0.983785508852
359,0.00301146834541,0.00281502916534,0.00262312517969,0.00262312517969,0.00514564301986,0.98378160911
360,0.00299043626224,0.00279484235258,0.00260380094395,0.00260380094395,0.00511735791903,0.983889761578
361,0.00295824481785,0.00276423554475,0.0025747784058,0.0025747784058,0.00506985160431,0.984058111221
362,0.00278068583248,0.00259783179709,0.00241930256476,0.00241930256476,0.00477268697594,0.985010190265
363,0.00278232053571,0.00259886927361,0.00241979145534,0.00241979145534,0.00478264428065,0.984996582999
364,0.00268475751797,0.00250726656761,0.00233404035584,0.00233404035584,0.00462185034033,0.985518044862
365,0.0026840269921,0.00250611208552,0.00233250556505,0.00233250556505,0.0046275123067,0.985517337486
366,0.00266501872142,0.00248789498875,0.00231509378859,0.00231509378859,0.00460162114138,0.985615277571
367,0.00248577582284,0.00232012781148,0.00215855342037,0.00215855342037,0.00429855459646,0.986578434928
368,0.00247369221395,0.00230841443682,0.00214723224108,0.00214723224108,0.0042840649021,0.986639363965
369,0.00235255864891,0.00219496069619,0.00204129763557,0.00204129763557,0.00408038113195,0.987289504252
370,0.00236144418573,0.00220283588834,0.00204821751002,0.00204821751002,0.00410192625975,0.987237358646
371,0.00233290447813,0.00217580306485,0.00202268317564,0.00202268317564,0.00405842021377,0.987387505892
372,0.00231886037526,0.00216229725042,0.00200973141254,0.00200973141254,0.00404002960022,0.987459349949
373,0.0023157431774,0.0021589836784,0.00200625591631,0.00200625591631,0.0040406406899,0.987472120622
374,0.00226535644535,0.00211160986141,0.00196184638933,0.00196184638933,0.00395864245593,0.987740698459
375,0.00227315158941,0.00211847675418,0.0019678381125,0.0019678381125,0.00397821290843,0.987694482523
376,0.00223696564789,0.00208436028013,0.00193576574328,0.00193576574328,0.00392074710745,0.987886395478
377,0.0022371872109,0.00208417398643,0.00193521102276,0.00193521102276,0.00392700754665,0.98788120921
378,0.00220973113328,0.00205820792845,0.00191072396894,0.00191072396894,0.00388462172367,0.988025991277
379,0.00217948793044,0.00202965606023,0.00188384645103,0.00188384645103,0.00383719314814,0.988185969959
380,0.00212788192375,0.00198122443695,0.00183853149618,0.00183853149618,0.00375194626037,0.988461884387
381,0.0021226026474,0.00197593667243,0.00183326297108,0.00183326297108,0.00374824247374,0.988486692264
382,0.00204934149361,0.00190737823551,0.0017693058535,0.0017693058535,0.00362429217622,0.988880376388
383,0.0020009512566,0.00186198924385,0.00172686189379,0.00172686189379,0.00354401269945,0.989139323013
384,0.00200063968908,0.00186134856157,0.0017259272789,0.0017259272789,0.003548767379,0.989137389813
385,0.00197594247194,0.00183802448875,0.00170396403904,0.00170396403904,0.00351020790981,0.989267897051
386,0.00192931808369,0.00179431629576,0.00166311576268,0.00166311576268,0.00343251363672,0.989517620458
387,0.00192419287496,0.00178921255835,0.00165805816976,0.00165805816976,0.00342852192042,0.989541956307
388,0.00189494142069,0.00176168109487,0.00163222289585,0.00163222289585,0.00338145809137,0.989697473601
389,0.00188261651786,0.00174989318169,0.00162098149657,0.00162098149657,0.00336449569714,0.98976103161
390,0.0017865403259,0.00166027744102,0.00153766430243,0.00153766430243,0.00319757564974,0.990280277978
391,0.00177304839905,0.00164742860823,0.001525463481,0.001525463481,0.00317817997709,0.990350416054
392,0.0017649536684,0.0016395984202,0.0015179135917,0.0015179135917,0.00316840797522,0.990391212753
393,0.00174530114537,0.00162103624304,0.0015004330789,0.0015004330789,0.00313782019839,0.990494976255
394,0.00172583126715,0.00160265061068,0.00148312277939,0.00148312277939,0.00310746256523,0.990597809998
395,0.0017086538898,0.0015864003219,0.00146779494597,0.00146779494597,0.00308114093744,0.990688214959
396,0.0016972692343,0.0015755333409,0.0014574529491,0.0014574529491,0.00306519491004,0.990747096617
397,0.0016841181314,0.00156303095757,0.00144560243748,0.00144560243748,0.00304599930762,0.990815646728
398,0.00165587193402,0.00153652610339,0.00142080861393,0.00142080861393,0.00299939653876,0.990966588196
399,0.00160705364737,0.00149094540744,0.0013783887727,0.0013783887727,0.00291532789158,0.991229895508
400,0.00156935717618,0.00145569816204,0.00134553706558,0.00134553706558,0.00285120682864,0.991432663702
401,0.00156700916997,0.00145324635794,0.00134300590453,0.00134300590453,0.00285120441487,0.991442528248
402,0.00148818237078,0.00137988225607,0.00127495558464,0.00127495558464,0.00271183252017,0.991870191684
403,0.00146959037013,0.00136238653071,0.00125854200044,0.00125854200044,0.00268196371872,0.99196897538
404,0.00146501092251,0.00135788526526,0.00125413646254,0.00125413646254,0.0026776102118,0.991991220675
405,0.00142207747019,0.00131784289162,0.00121691348581,0.00121691348581,0.00260303280314,0.992223219863
406,0.00138887933909,0.00128683560587,0.00118804661526,0.00118804661526,0.00254607266652,0.992402119158
407,0.00137941867301,0.00127782923965,0.00117949900965,0.00117949900965,0.00253251641987,0.992451237648
408,0.00131056594822,0.0012138185489,0.00112019305441,0.00112019305441,0.00240971089323,0.992825518501
409,0.00130938725248,0.00121249838259,0.00111875404958,0.00111875404958,0.00241114907108,0.992829457195
410,0.00129126776083,0.00119549437429,0.00110284717707,0.00110284717707,0.00238134409269,0.992926199418
411,0.00127669698828,0.00118178162167,0.00108998212944,0.00108998212944,0.0023579987537,0.993003558377
