episode,omega1,omega2,omega3,omega4,omega5,omega
1,0.166666666667,0.166666666667,0.166666666667,0.166666666667,0.166666666667,0.166666666667
2,0.166666666667,0.166666666667,0.166666666667,0.166666666667,0.166666666667,0.166666666667
3,0.166666666667,0.166666666667,0.166666666667,0.166666666667,0.166666666667,0.166666666667
4,0.166666666667,0.166666666667,0.166666666667,0.166666666667,0.166666666667,0.166666666667
5,0.166666666667,0.166666666667,0.166666666667,0.166666666667,0.166666666667,0.166666666667
6,0.166666666667,0.166666666667,0.166666666667,0.166666666667,0.166666666667,0.166666666667
7,0.166666666667,0.166666666667,0.166666666667,0.166666666667,0.166666666667,0.166666666667
8,0.166666666667,0.166666666667,0.166666666667,0.166666666667,0.166666666667,0.166666666667
9,0.166666666667,0.166666666667,0.166666666667,0.166666666667,0.166666666667,0.166666666667
10,0.166666666667,0.166666666667,0.166666666667,0.166666666667,0.166666666667,0.166666666667
11,0.166666666667,0.166666666667,0.166666666667,0.166666666667,0.166666666667,0.166666666667
12,0.166666666667,0.166666666667,0.166666666667,0.166666666667,0.166666666667,0.166666666667
13,0.166666666667,0.166666666667,0.166666666667,0.166666666667,0.166666666667,0.166666666667
14,0.166666666667,0.166666666667,0.166666666667,0.166666666667,0.166666666667,0.166666666667
15,0.166666666667,0.166666666667,0.166666666667,0.166666666667,0.166666666667,0.166666666667
16,0.166666666667,0.166666666667,0.166666666667,0.166666666667,0.166666666667,0.166666666667
17,0.166666666667,0.166666666667,0.166666666667,0.166666666667,0.166666666667,0.166666666667
18,0.166666666667,0.166666666667,0.166666666667,0.166666666667,0.166666666667,0.166666666667
19,0.166666666667,0.166666666667,0.166666666667,0.166666666667,0.166666666667,0.166666666667
20,0.166666666667,0.166666666667,0.166666666667,0.166666666667,0.166666666667,0.166666666667
21,0.166666666667,0.166666666667,0.166666666667,0.166666666667,0.166666666667,0.166666666667
22,0.166666666667,0.166666666667,0.166666666667,0.166666666667,0.166666666667,0.166666666667
23,0.162558823111,0.162558823111,0.162558823111,0.162558823111,0.187205884444,0.162558823111
24,0.162363155928,0.162363155928,0.162363155928,0.162363155928,0.188184220358,0.162363155928
25,0.162166704176,0.162166704176,0.162166704176,0.162166704176,0.189166479119,0.162166704176
26,0.161969467195,0.161969467195,0.161969467195,0.161969467195,0.190152664023,0.161969467195
27,0.161771444353,0.161771444353,0.161771444353,0.161771444353,0.191142778234,0.161771444353
28,0.161572635045,0.161572635045,0.161572635045,0.161572635045,0.192136824775,0.161572635045
29,0.161373038694,0.161373038694,0.161373038694,0.161373038694,0.193134806532,0.161373038694
30,0.16117265475,0.16117265475,0.16117265475,0.16117265475,0.194136726252,0.16117265475
31,0.160971482692,0.160971482692,0.160971482692,0.160971482692,0.195142586541,0.160971482692
32,0.160769522028,0.160769522028,0.160769522028,0.160769522028,0.196152389861,0.160769522028
33,0.161850747833,0.161850747833,0.161850747833,0.161850747833,0.190746260836,0.161850747833
34,0.161692015039,0.161692015039,0.161692015039,0.161692015039,0.191539924806,0.161692015039
35,0.161532778756,0.161532778756,0.161532778756,0.161532778756,0.192336106219,0.161532778756
36,0.161373038694,0.161373038694,0.161373038694,0.161373038694,0.193134806532,0.161373038694
37,0.161212794571,0.161212794571,0.161212794571,0.161212794571,0.193936027144,0.161212794571
38,0.161052046121,0.161052046121,0.161052046121,0.161052046121,0.194739769396,0.161052046121
39,0.160890793086,0.160890793086,0.160890793086,0.160890793086,0.195546034572,0.160890793086
40,0.161771444353,0.161771444353,0.161771444353,0.161771444353,0.191142778234,0.161771444353
41,0.161638992236,0.161638992236,0.161638992236,0.161638992236,0.191805038821,0.161638992236
42,0.161506190405,0.161506190405,0.161506190405,0.161506190405,0.192469047976,0.161506190405
43,0.161373038694,0.161373038694,0.161373038694,0.161373038694,0.193134806532,0.161373038694
44,0.161239536941,0.161239536941,0.161239536941,0.161239536941,0.193802315297,0.161239536941
45,0.16110568499,0.16110568499,0.16110568499,0.16110568499,0.19447157505,0.16110568499
46,0.160971482692,0.160971482692,0.160971482692,0.160971482692,0.195142586541,0.160971482692
47,0.160836929901,0.160836929901,0.160836929901,0.160836929901,0.195815350493,0.160836929901
48,0.16070202648,0.16070202648,0.16070202648,0.16070202648,0.196489867601,0.16070202648
49,0.161487190157,0.161487190157,0.161487190157,0.161487190157,0.192564049215,0.161487190157
50,0.161373038694,0.161373038694,0.161373038694,0.161373038694,0.193134806532,0.161373038694
51,0.161258630057,0.161258630057,0.161258630057,0.161258630057,0.193706849717,0.161258630057
52,0.161143964148,0.161143964148,0.161143964148,0.161143964148,0.194280179261,0.161143964148
53,0.161029040872,0.161029040872,0.161029040872,0.161029040872,0.194854795642,0.161029040872
54,0.161672138044,0.161672138044,0.161672138044,0.161672138044,0.191639309779,0.161672138044
55,0.161572635045,0.161572635045,0.161572635045,0.161572635045,0.192136824775,0.161572635045
56,0.161472935285,0.161472935285,0.161472935285,0.161472935285,0.192635323576,0.161472935285
57,0.161373038694,0.161373038694,0.161373038694,0.161373038694,0.193134806532,0.161373038694
58,0.16190354693,0.16190354693,0.16190354693,0.16190354693,0.190482265352,0.16190354693
59,0.161815517375,0.161815517375,0.161815517375,0.161815517375,0.190922413127,0.161815517375
60,0.161727332494,0.161727332494,0.161727332494,0.161727332494,0.19136333753,0.161727332494
61,0.161638992236,0.161638992236,0.161638992236,0.161638992236,0.191805038821,0.161638992236
62,0.161716362099,0.161716362099,0.161716362099,0.161716362099,0.191418189507,0.161716362099
63,0.161630721857,0.161630721857,0.161630721857,0.161630721857,0.191846390713,0.161630721857
64,0.161544935595,0.161544935595,0.161544935595,0.161544935595,0.192275322025,0.161544935595
65,0.161459003267,0.161459003267,0.161459003267,0.161459003267,0.192704983667,0.161459003267
66,0.161372924828,0.161372924828,0.161372924828,0.161372924828,0.193135375861,0.161372924828
67,0.161286700235,0.161286700235,0.161286700235,0.161286700235,0.193566498825,0.161286700235
68,0.161724140336,0.161724140336,0.161724140336,0.161724140336,0.19137929832,0.161724140336
69,0.162085783602,0.162085783602,0.162085783602,0.162085783602,0.189571081988,0.162085783602
70,0.162014953703,0.162014953703,0.162014953703,0.162014953703,0.189925231487,0.162014953703
71,0.161944022549,0.161944022549,0.161944022549,0.161944022549,0.190279887255,0.161944022549
72,0.161872990112,0.161872990112,0.161872990112,0.161872990112,0.190635049438,0.161872990112
73,0.161801856365,0.161801856365,0.161801856365,0.161801856365,0.190990718175,0.161801856365
74,0.161730621279,0.161730621279,0.161730621279,0.161730621279,0.191346893605,0.161730621279
75,0.161659284827,0.161659284827,0.161659284827,0.161659284827,0.191703575866,0.161659284827
76,0.161587846982,0.161587846982,0.161587846982,0.161587846982,0.192060765091,0.161587846982
77,0.161516307717,0.161516307717,0.161516307717,0.161516307717,0.192418461413,0.161516307717
78,0.161444667008,0.161444667008,0.161444667008,0.161444667008,0.192776664961,0.161444667008
79,0.161372924828,0.161372924828,0.161372924828,0.161372924828,0.193135375861,0.161372924828
80,0.161301081152,0.161301081152,0.161301081152,0.161301081152,0.193494594241,0.161301081152
81,0.161229135956,0.161229135956,0.161229135956,0.161229135956,0.193854320221,0.161229135956
82,0.16233767098,0.160930277833,0.160930277833,0.160930277833,0.193941217689,0.160930277833
83,0.162279709667,0.160855526436,0.160855526436,0.160855526436,0.194298184589,0.160855526436
84,0.162120612197,0.160800066372,0.160800066372,0.160800066372,0.194679122316,0.160800066372
85,0.162061240005,0.160725339161,0.160725339161,0.160725339161,0.195037403352,0.160725339161
86,0.161914307527,0.160667279601,0.160667279601,0.160667279601,0.195416574068,0.160667279601
87,0.16185371076,0.160592541396,0.160592541396,0.160592541396,0.195776123655,0.160592541396
88,0.161793003471,0.160517705806,0.160517705806,0.160517705806,0.196136173306,0.160517705806
89,0.161732185615,0.160442772815,0.160442772815,0.160442772815,0.196496723124,0.160442772815
90,0.161592900833,0.160382731549,0.160382731549,0.160382731549,0.19687617297,0.160382731549
91,0.161531005634,0.160307759279,0.160307759279,0.160307759279,0.197237957249,0.160307759279
92,0.16146900033,0.160232689268,0.160232689268,0.160232689268,0.197600242597,0.160232689268
93,0.162609021867,0.159927933069,0.159927933069,0.159927933069,0.197679245856,0.159927933069
94,0.162559524808,0.159850362832,0.159850362832,0.159850362832,0.198039023863,0.159850362832
95,0.162509909499,0.159772699148,0.159772699148,0.159772699148,0.19839929391,0.159772699148
96,0.162460175875,0.159694942012,0.159694942012,0.159694942012,0.198760056079,0.159694942012
97,0.162957618126,0.160154972966,0.160154972966,0.160154972966,0.19642249001,0.160154972966
98,0.162914156623,0.160083327555,0.160083327555,0.160083327555,0.196752533157,0.160083327555
99,0.162870593621,0.160011603089,0.160011603089,0.160011603089,0.197082994021,0.160011603089
100,0.152757669067,0.150049080412,0.150049080412,0.150049080412,0.247046009284,0.150049080412
101,0.15259072488,0.149858012964,0.149858012964,0.149858012964,0.247977223265,0.149858012964
102,0.152423251971,0.149666490507,0.149666490507,0.149666490507,0.248910786002,0.149666490507
103,0.152255250697,0.149474513656,0.149474513656,0.149474513656,0.24984669468,0.149474513656
104,0.151936763969,0.14930848428,0.14930848428,0.14930848428,0.250829298909,0.14930848428
105,0.151766389976,0.149115792719,0.149115792719,0.149115792719,0.251770439147,0.149115792719
106,0.151460959685,0.148946262163,0.148946262163,0.148946262163,0.252753991664,0.148946262163
107,0.15128838346,0.148752830588,0.148752830588,0.148752830588,0.253700294189,0.148752830588
108,0.150970362592,0.148416472679,0.148416472679,0.148416472679,0.254404715125,0.149375504246
109,0.150804349861,0.14822963111,0.14822963111,0.14822963111,0.255367365739,0.149139391072
110,0.15084602597,0.148246955718,0.148246955718,0.148246955718,0.255247834137,0.149165272738
111,0.150672989503,0.14805329159,0.14805329159,0.14805329159,0.256188286605,0.148978849122
112,0.150373782491,0.147881065211,0.147881065211,0.147881065211,0.257169044982,0.148813976893
113,0.150198731161,0.147686673529,0.147686673529,0.147686673529,0.258114469147,0.148626779105
114,0.149909010015,0.147511658412,0.147511658412,0.147511658412,0.259096954108,0.148459060641
115,0.146322834273,0.143962292913,0.143962292913,0.143962292913,0.276895179043,0.144895107944
116,0.146114321975,0.143736636579,0.143736636579,0.143736636579,0.278051940363,0.144623827926
117,0.14589757121,0.14350293845,0.14350293845,0.14350293845,0.279197200017,0.144396413424
118,0.133984278663,0.131766380104,0.131766380104,0.131766380104,0.338122705276,0.13259387575
119,0.136012344774,0.133741792963,0.133741792963,0.133741792963,0.328173380764,0.134588895574
120,0.137802923539,0.135483150045,0.135483150045,0.135483150045,0.319399048663,0.136348577663
121,0.170817530603,0.129946061202,0.129946061202,0.129946061202,0.308561168613,0.130783117177
122,0.17075843072,0.129605398429,0.129605398429,0.129605398429,0.309978134264,0.130447239729
123,0.170697632495,0.129264327137,0.129264327137,0.129264327137,0.311398471327,0.130110914767
124,0.157680596722,0.119135091495,0.119135091495,0.119135091495,0.364992372271,0.119921756523
125,0.160540105676,0.121019470404,0.121019470404,0.121019470404,0.354576386484,0.121825096628
126,0.153522877748,0.115466250087,0.115466250087,0.115466250087,0.341251508319,0.158826863672
127,0.153432903666,0.115135889071,0.115135889071,0.115135889071,0.343237865763,0.157921563359
128,0.153210712112,0.114707443774,0.114707443774,0.114707443774,0.344937992787,0.15772896378
129,0.15298673711,0.114279020249,0.114279020249,0.114279020249,0.346641770839,0.157534431303
130,0.152016976414,0.113296129169,0.113296129169,0.113296129169,0.34665256225,0.16144207383
131,0.151619332821,0.112742541027,0.112742541027,0.112742541027,0.349058164977,0.161094879122
132,0.151967075704,0.112743885981,0.112743885981,0.112743885981,0.348261601674,0.161539664681
133,0.149902261627,0.112559766692,0.112559766692,0.112559766692,0.35069922407,0.161719214225
134,0.148436827294,0.112294513471,0.112294513471,0.112294513471,0.352897991034,0.16178164126
135,0.150692150031,0.113761773188,0.113761773188,0.113761773188,0.343676464388,0.164346066016
136,0.15087848026,0.11366372195,0.11366372195,0.11366372195,0.346225097933,0.161905255956
137,0.151654046933,0.114008550698,0.114008550698,0.114008550698,0.343497745517,0.162822555456
138,0.151436059251,0.113606078546,0.113606078546,0.113606078546,0.345072217378,0.162673487733
139,0.149607990735,0.11341821719,0.11341821719,0.11341821719,0.347306731688,0.162830626008
140,0.149760166833,0.113305973161,0.113305973161,0.113305973161,0.349788195712,0.160533717973
141,0.142791375453,0.107816922424,0.107816922424,0.107816922424,0.380617739802,0.153140117472
142,0.143226039484,0.107928315993,0.107928315993,0.107928315993,0.379305941016,0.15368307152
143,0.142932066491,0.10749086422,0.10749086422,0.10749086422,0.381151036861,0.153444303987
144,0.142636518989,0.107053550932,0.107053550932,0.107053550932,0.382999260041,0.153203568175
145,0.144740840701,0.108415131424,0.108415131424,0.108415131424,0.374472262581,0.155541502444
146,0.142973450797,0.108180305466,0.108180305466,0.108180305466,0.376891513585,0.155594119219
147,0.144730354525,0.109299256551,0.109299256551,0.109299256551,0.369773851407,0.157598024415
148,0.135207183814,0.101911249658,0.101911249658,0.101911249658,0.411744981668,0.147314085544
149,0.13737275301,0.103344588348,0.103344588348,0.103344588348,0.402832571065,0.149760910882
150,0.135689789214,0.103056883979,0.103056883979,0.103056883979,0.405420762745,0.149718796104
151,0.13410731154,0.102755795905,0.102755795905,0.102755795905,0.407969266453,0.149656034292
152,0.136128378035,0.104119378467,0.104119378467,0.104119378467,0.399490920727,0.152022565835
153,0.135800331744,0.103684241201,0.103684241201,0.103684241201,0.401379776357,0.151767168297
154,0.135470961827,0.103249311158,0.103249311158,0.103249311158,0.403271269338,0.151509835362
155,0.133961214471,0.102954766727,0.102954766727,0.102954766727,0.405717709204,0.151456776144
156,0.13589316148,0.104261163131,0.104261163131,0.104261163131,0.397559797757,0.15376355137
157,0.137589025291,0.105381975986,0.105381975986,0.105381975986,0.39045847954,0.155806567211
158,0.139305917669,0.106514734583,0.106514734583,0.106514734583,0.383273303265,0.157876575318
159,0.139019704872,0.106114337408,0.106114337408,0.106114337408,0.384959443558,0.157677839345
160,0.138732308305,0.105714095236,0.105714095236,0.105714095236,0.386648063658,0.157477342329
161,0.138443735858,0.105314016248,0.105314016248,0.105314016248,0.388339125919,0.157275089479
162,0.139662524055,0.106059684829,0.106059684829,0.106059684829,0.383372247637,0.15878617382
163,0.13820221249,0.105812859127,0.105812859127,0.105812859127,0.38554498969,0.15881422044
164,0.13978774597,0.106850522738,0.106850522738,0.106850522738,0.378886553312,0.160774132503
165,0.139517793046,0.106468526178,0.106468526178,0.106468526178,0.380475219091,0.16060140933
166,0.138348745645,0.106197358655,0.106197358655,0.106197358655,0.382464773311,0.160594405081
167,0.139864406956,0.107188839015,0.107188839015,0.107188839015,0.376068520898,0.162500555099
168,0.136808381682,0.104678847883,0.104678847883,0.104678847883,0.390061440715,0.159093633956
169,0.136522268898,0.104292624228,0.104292624228,0.104292624228,0.391695412137,0.15890444628
170,0.133125291503,0.10153471157,0.10153471157,0.10153471157,0.384352961514,0.177917612271
171,0.134537472788,0.102447438168,0.102447438168,0.102447438168,0.378006428448,0.180113784259
172,0.127123493828,0.0966468107613,0.0966468107613,0.0966468107613,0.412455530189,0.170480543699
173,0.126784078204,0.0962343891586,0.0962343891586,0.0962343891586,0.414195348098,0.170317406222
174,0.127979459781,0.096986149798,0.096986149798,0.096986149798,0.408843549854,0.172218540971
175,0.127649629245,0.0965812614882,0.0965812614882,0.0965812614882,0.410536844695,0.172069741595
176,0.129089984328,0.0975146201903,0.0975146201903,0.0975146201903,0.404055950508,0.174310204594
177,0.125283091836,0.0944873171325,0.0944873171325,0.0944873171325,0.39470545625,0.196549500516
178,0.124679584007,0.0938815539077,0.0938815539077,0.0938815539077,0.395373648296,0.198302105973
179,0.125965605166,0.0946979923536,0.0946979923536,0.0946979923536,0.38906695878,0.200873458993
180,0.126362117088,0.0948439335416,0.0948439335416,0.0948439335416,0.387071333055,0.202034749232
181,0.127546987011,0.0955799364783,0.0955799364783,0.0955799364783,0.381248671892,0.204464531662
182,0.12724112905,0.0951980203644,0.0951980203644,0.0951980203644,0.38265511957,0.204509690286
183,0.128380546814,0.0958966628121,0.0958966628121,0.0958966628121,0.377046754577,0.206882710173
184,0.12946838191,0.0965543540553,0.0965543540553,0.0965543540553,0.371685118784,0.20918343714
185,0.129657372129,0.0965404296565,0.0965404296565,0.0965404296565,0.370682606611,0.21003873229
186,0.129034759581,0.0959229659579,0.0959229659579,0.0959229659579,0.37361747517,0.209578867375
187,0.128746039593,0.0955550468701,0.0955550468701,0.0955550468701,0.374929945721,0.209658874076
188,0.126172928265,0.0934953051708,0.0934953051708,0.0934953051708,0.369554265412,0.223786890811
189,0.125874926275,0.0931250930909,0.0931250930909,0.0931250930909,0.370806255728,0.223943538725
190,0.125576441073,0.0927554701356,0.0927554701356,0.0927554701356,0.372058970585,0.224098177935
191,0.1236296435,0.0911712369106,0.0911712369106,0.0911712369106,0.368402028328,0.23445461744
192,0.123324269457,0.0908003768698,0.0908003768698,0.0908003768698,0.369610017649,0.234664582284
193,0.119885490699,0.0881271234193,0.0881271234193,0.0881271234193,0.36137457468,0.254358564363
194,0.120492722969,0.0884316356313,0.0884316356313,0.0884316356313,0.357561928563,0.256650441573
195,0.118767185756,0.0870256296666,0.0870256296666,0.0870256296666,0.354433315091,0.265722610153
196,0.117159374591,0.0857100252057,0.0857100252057,0.0857100252057,0.362494824833,0.263215724959
197,0.117990874406,0.0861800749301,0.0861800749301,0.0861800749301,0.357282448162,0.266186452642
198,0.116582554598,0.0859146333364,0.0859146333364,0.0859146333364,0.358775683253,0.266897862139
199,0.117280443224,0.0862951217921,0.0862951217921,0.0862951217921,0.354207381726,0.269626809673
200,0.116420327802,0.08552961935,0.08552961935,0.08552961935,0.358213729439,0.268777084709
201,0.116099426861,0.0851618076434,0.0851618076434,0.0851618076434,0.35924961921,0.269165530999
202,0.114116378448,0.0835775911705,0.0835775911705,0.0835775911705,0.355113393476,0.280037454564
203,0.106919670643,0.0781855608112,0.0781855608112,0.0781855608112,0.33460275723,0.323920889694
204,0.106566478179,0.0778066345483,0.0778066345483,0.0778066345483,0.335386322624,0.324627295552
205,0.1036316617,0.0998536565755,0.0755467095446,0.0755467095446,0.327997117803,0.317424144832
206,0.103285430409,0.099501932027,0.0751777336202,0.0751777336202,0.328752799934,0.318104370389
207,0.100275218098,0.0965844039276,0.0728737057187,0.0728737057187,0.320979165149,0.336413801388
208,0.0989931038063,0.0963235938723,0.0725776101755,0.0725776101755,0.321984087686,0.337543994285
209,0.099483185012,0.0967876763944,0.0728276312827,0.0728276312827,0.31684271965,0.341231156378
210,0.0982584687657,0.0965242182799,0.0725301456003,0.0725301456003,0.317786934098,0.342370087655
211,0.0972154926765,0.0954915140534,0.0716561005604,0.0716561005604,0.316184516381,0.347796275769
212,0.0969367753058,0.0944050893886,0.0713469462578,0.0713469462578,0.317053650218,0.348910592572
213,0.0978154234839,0.0952488429978,0.0718891406949,0.0718891406949,0.321729290066,0.341428162062
214,0.0974635320464,0.0948942822961,0.0715265422491,0.0715265422491,0.322377318937,0.342211782222
215,0.0979405728486,0.0953467884523,0.0717722987968,0.0717722987968,0.317247570415,0.34592047069
216,0.0929380640231,0.0904654152659,0.0680075250262,0.0680075250262,0.30270144899,0.377880021668
217,0.0941978489488,0.0916801837795,0.0688293179354,0.0688293179354,0.308494252601,0.3679690788
218,0.0935547052207,0.091042810161,0.0682601513513,0.0682601513513,0.308075342391,0.370806839525
219,0.0946977528663,0.0921436100396,0.0689938559429,0.0689938559429,0.313556777198,0.36161414801
220,0.0950392809791,0.0924643288571,0.0691421719591,0.0691421719591,0.309056270305,0.365155775941
221,0.0901204876752,0.0876678070215,0.0654685226667,0.0654685226667,0.342882913248,0.348391746722
222,0.0872347824603,0.0848499952269,0.0632801969256,0.0632801969256,0.333925681908,0.367429146554
223,0.0868665999451,0.0844812814771,0.0629216488257,0.0629216488257,0.33454210935,0.368266711577
224,0.0864990833391,0.0841133064186,0.0625644899577,0.0625644899577,0.33515623385,0.369102396477
225,0.0834578645429,0.081145791003,0.0602771629484,0.0602771629484,0.32534257022,0.389499448338
226,0.0838456048698,0.081512565486,0.0604693038909,0.0604693038909,0.31969374775,0.394009474113
227,0.0819244279912,0.0796348575996,0.0589979900943,0.0589979900943,0.314232144212,0.406212590009
228,0.0826402464606,0.080320596264,0.0594270995806,0.0594270995806,0.31886888655,0.399316071564
229,0.0815154019835,0.0800164445581,0.0591235445105,0.0591235445105,0.319596704077,0.400624360361
230,0.080652361701,0.0791628300835,0.0584152347296,0.0584152347296,0.318113554298,0.405240784458
231,0.0809924554569,0.0794901718261,0.058578986273,0.058578986273,0.312530879127,0.409828521044
232,0.0813049758509,0.079790400037,0.0587222463062,0.0587222463062,0.307139754591,0.414320376909
233,0.0789722030776,0.0774947743819,0.0569571221656,0.0812472485255,0.300048834786,0.405279817063
234,0.0792389997916,0.0777502504694,0.0570690992935,0.0815317115229,0.294884143471,0.409525795451
235,0.0794819449234,0.0779822829007,0.0571634942437,0.0817916982421,0.289893156109,0.413687423581
236,0.0787391307961,0.0772471957738,0.0565495492723,0.0810372176857,0.28877638271,0.417650523762
237,0.0772280168122,0.075758546908,0.0553862119085,0.0794917308422,0.28480493946,0.427330554069
238,0.0746464011822,0.073220092876,0.0534593783341,0.0768438491918,0.276810836795,0.445019441621
239,0.0702842130009,0.0689356435585,0.0502644650552,0.0723621043884,0.26207981821,0.476073755787
240,0.0637147959412,0.062487189525,0.0455021402017,0.0656064991884,0.238900835223,0.52378853992
241,0.0622551398008,0.061050686995,0.0443971395014,0.0641113535232,0.23472219793,0.53346348225
242,0.0619156636882,0.0601605238505,0.0440928893438,0.06376956159,0.234736736334,0.535324625194
243,0.0616487627356,0.0598940416558,0.0438410189917,0.0635024423864,0.235020893675,0.536092840555
244,0.0602502595993,0.0585283602065,0.0427861733596,0.0620694864692,0.23096310524,0.545402615126
245,0.0599100299155,0.0576846245695,0.0424846758999,0.0617265397081,0.230932364777,0.54726176513
246,0.0581260161998,0.0559581976274,0.0411615367635,0.0598957654582,0.225298035005,0.559560448947
247,0.0564011008777,0.0542891904031,0.0398838296049,0.0581254472194,0.21982445506,0.571475976835
248,0.0544264231872,0.0523803267891,0.0384332680113,0.0560972647726,0.213304391806,0.585358325434
249,0.0551942308985,0.0531110295958,0.0389205936092,0.0568956081132,0.217513025003,0.57836551278
250,0.0558612876987,0.053744571222,0.0393355259231,0.0575902767884,0.221362526979,0.572105811389
251,0.0555746469196,0.053460497631,0.0390785984761,0.0573017784072,0.221447841927,0.573136636639
252,0.0555380369896,0.0534169928417,0.0389978838959,0.0572710413147,0.216646040049,0.578130004909
253,0.0552185306075,0.0531014500718,0.0387189535592,0.0561959051063,0.216570996839,0.580194163816
254,0.05600028981,0.0538448826506,0.039211846084,0.0569954696639,0.220831460356,0.573116051435
255,0.0553824609443,0.0535070784818,0.0389170325199,0.0566506311974,0.220673581414,0.574869215443
256,0.0553443607538,0.0534630169886,0.0388362747831,0.0566167048527,0.215949332233,0.579790310388
257,0.0550276236217,0.0531498378448,0.0385604124112,0.0555920106913,0.215862890015,0.581807225416
258,0.0545611241167,0.052692110461,0.0381804412988,0.0551229237287,0.217229678938,0.582213721457
259,0.0504292522265,0.0486951727561,0.0352400799499,0.050950538041,0.201861338723,0.612823618303
260,0.0501090034587,0.0483793742389,0.0349676820615,0.0500281455066,0.201660647063,0.614855147671
261,0.0497600614569,0.0480359614182,0.0346759772467,0.0496794568043,0.201335829564,0.61651271351
262,0.0508673870939,0.049098260686,0.0353984261554,0.0507846720627,0.206925665224,0.606925588778
263,0.0500398439014,0.0482929485506,0.0347742035652,0.0499581630258,0.204656548877,0.61227829208
264,0.0495753973684,0.0478382273401,0.0344036223801,0.0494941660044,0.203849980337,0.61483860657
265,0.0492584827802,0.0475259715526,0.0341362430012,0.0491774640565,0.203116939848,0.616784898761
266,0.0493030186984,0.0475624899137,0.0341196779785,0.0492216198106,0.204394485477,0.615398708122
267,0.0499289320556,0.0481597746908,0.0345048713124,0.0498461889826,0.208103071474,0.609457161484
268,0.0477800322397,0.0460807677667,0.0329739743587,0.0477005529314,0.200218038062,0.625246634641
269,0.0475425019092,0.045845466783,0.0327645050939,0.0474631217707,0.200294648186,0.626089756257
270,0.0455031222793,0.0438729323325,0.0313155107705,0.045426863974,0.192734321763,0.64114724888
271,0.0451639740163,0.0435400287987,0.0310389608579,0.0450880029484,0.192327134406,0.642841898972
272,0.0448268408356,0.0432091571158,0.0307645013233,0.0447511578269,0.191918612311,0.644529730587
273,0.0447246627568,0.043104819847,0.0306517689676,0.0446488738592,0.187452550263,0.649417324307
274,0.0444523282649,0.0428365386548,0.0304228365471,0.0443767241529,0.186068158543,0.651843413837
275,0.0443129675003,0.0426964523481,0.0302853605232,0.0442373245776,0.182244700222,0.656223194828
276,0.0441763967943,0.0425590911637,0.0301501117447,0.0441007120176,0.178346092477,0.660667595803
277,0.0436323948968,0.0420293046185,0.0297374968786,0.0435573705315,0.177046058411,0.663997374663
278,0.0415797863927,0.0400466789099,0.0282992114675,0.0415080325992,0.169575602234,0.678990688396
279,0.0424986402997,0.0409261023111,0.0288844324382,0.0424250363159,0.174204774053,0.671061014582
280,0.0421291551365,0.0405647868542,0.028593562967,0.0420559288367,0.174793963539,0.671862602667
281,0.0402988250085,0.0387971595226,0.0273133286927,0.0402285292377,0.168054797937,0.685307359602
282,0.0394867821015,0.0380102204561,0.0392470232509,0.0394176570462,0.165510338731,0.678327978414
283,0.0393421556676,0.0378658662133,0.0391024274568,0.0392730389133,0.161698886761,0.682717624988
284,0.038301556548,0.0368593154959,0.0380673440636,0.0382340295285,0.158212965284,0.69032478908
285,0.0381462699084,0.0367048976827,0.0379121852792,0.0380787792313,0.15457077435,0.694587093548
286,0.0346194227118,0.0333067962594,0.0344062348568,0.0345579564649,0.140972638633,0.722136951074
287,0.0339503292243,0.0326586423904,0.033740530376,0.0338898396283,0.138930851953,0.726829806428
288,0.0338361726767,0.0325444149174,0.0336263504437,0.033775675872,0.139147575377,0.727069810714
289,0.0336615533414,0.0323720712026,0.0334520888969,0.0336011592302,0.135823155783,0.731089971546
290,0.0332792976806,0.0320001183698,0.0330714950853,0.0332193822623,0.134932766984,0.733496939618
291,0.0317017050569,0.0304790307325,0.0315030704618,0.0316444325932,0.129160436741,0.745511324414
292,0.0317248927029,0.0304971875835,0.0315254295315,0.0316673808919,0.129882504853,0.744702604437
293,0.0315396608558,0.030315012145,0.0313406830039,0.0314822885361,0.126895028917,0.748427326542
294,0.0299275517422,0.0287615982871,0.0297380998371,0.0298729256672,0.120984375131,0.760715449336
295,0.0294255066888,0.0282752773846,0.0292385991818,0.0293716138436,0.119523293216,0.764165709685
296,0.0285849670698,0.0274638689994,0.0284027829682,0.0285324357647,0.116663983817,0.770351961381
297,0.0271331004975,0.0260654090272,0.0269595854289,0.0270830684519,0.111267680593,0.781491156002
298,0.0265688595318,0.0255199096283,0.0263983805973,0.0265197025586,0.109474515021,0.785518632663
299,0.0267726177889,0.0257121359521,0.0266002549013,0.0267229172017,0.110841261679,0.783350812477
300,0.0264896261823,0.0254369036989,0.0263185147701,0.0264402860758,0.110193748718,0.785120920555
301,0.0260016221965,0.0249649073274,0.0258331031649,0.0259530292303,0.108680612473,0.788566725608
302,0.0252062117502,0.0241979287286,0.0250423050787,0.0251589484075,0.105859470973,0.794535135062
303,0.0245706623389,0.023584603263,0.0244103593351,0.0245244377763,0.103683466349,0.799226470938
304,0.0250773625298,0.0240677043559,0.0249132137574,0.0250300286464,0.106327354442,0.794584336268
305,0.0228140715136,0.0218925679647,0.022664246325,0.0227708676408,0.09719332818,0.812664918376
306,0.0221271210211,0.0212304851026,0.0219813307645,0.0220850803448,0.0947172481631,0.817858734604
307,0.021266376444,0.0204018524363,0.0211257995407,0.0212258387992,0.0914677852437,0.824512347536
308,0.0195694520037,0.0187713655718,0.0194396709227,0.019532027222,0.0845714615541,0.838116022726
309,0.0195913845785,0.0187898551212,0.0194610362422,0.0195537959285,0.0850708568236,0.837533071306
310,0.0195586598239,0.0187559252496,0.0194281081281,0.0195210122408,0.0853346233186,0.837401671239
311,0.0193923581553,0.0185939270118,0.0192624990037,0.0193549099945,0.082958470709,0.840437835126
312,0.0194551965135,0.0186516483403,0.0193244977276,0.0194175059325,0.0836184209472,0.839532730539
313,0.0186440313524,0.0178715623122,0.0185183805518,0.0186077962171,0.0805086215702,0.845849607996
314,0.0187038631114,0.0179264836293,0.0185774064263,0.0186673952944,0.0811465588988,0.84497829264
315,0.0170344339496,0.0163242259928,0.0169188975595,0.0170011150909,0.0742510715149,0.858470255892
316,0.0169865243717,0.0162761062718,0.016870947265,0.0169531935141,0.0743902077268,0.858523020851
317,0.0168581992367,0.0161509573706,0.0167431323662,0.0168250152685,0.0741751875734,0.859247508185
318,0.0166397774666,0.0159395369552,0.0165258432653,0.016606919894,0.0735582199532,0.860729702466
319,0.015505533172,0.0148510099773,0.0153990314918,0.0154748188331,0.0688662806048,0.869903325921
320,0.0154169177922,0.0147641327148,0.0153106929307,0.0153862830498,0.0687944980419,0.870327475471
321,0.0148873990788,0.0142551014562,0.0147845022379,0.0148577238929,0.0667438425653,0.874471430769
322,0.0146142953453,0.0140924198412,0.0146174446045,0.0146900656839,0.0663012313998,0.875684543125
323,0.0147377589516,0.0142098647747,0.014740944711,0.0148144080654,0.067177075648,0.874319947849
324,0.0147154671925,0.014186764309,0.014718658013,0.0147922386694,0.0673921994682,0.874194672348
325,0.014570986356,0.0140458832161,0.0145741556309,0.0146472400314,0.0655348239009,0.876626910865
326,0.014190773781,0.0136778230613,0.0141938698849,0.0142652675175,0.0641216430759,0.879550622679
327,0.0131673131877,0.0126899196633,0.0131701948361,0.0132366475599,0.0597738337224,0.887962091031
328,0.0131682353593,0.0126893708575,0.0131711260506,0.0132377878451,0.0600560695824,0.887677410305
329,0.0131673533169,0.0126870836066,0.013170252655,0.0132371143909,0.0603313710769,0.887406824954
330,0.013129794585,0.0126494617802,0.0131326944682,0.0131995693136,0.0604391040707,0.887449375782
331,0.0128245388399,0.0123539737876,0.0128273799137,0.0128928990714,0.0593085387042,0.889792669683
332,0.0130968351393,0.0122035428781,0.0126726284586,0.0127375538324,0.0588655297792,0.890423909912
333,0.0129073041701,0.0120243725977,0.0124879940969,0.0125521673251,0.061232265253,0.888795896557
334,0.0126388377731,0.0117717581213,0.0122270328268,0.0122900547694,0.0602404908193,0.89083182569
335,0.0122837589209,0.0114385976695,0.0118823412787,0.0119437709679,0.0588232786665,0.893628252497
336,0.0123113893497,0.0114618805034,0.0119078841861,0.0119696307214,0.0592327082141,0.893116507025
337,0.0114996264623,0.0107038460381,0.0111216204095,0.0111794624873,0.0555872050174,0.899908239585
338,0.0113795129268,0.0105897840389,0.0110043604334,0.0110617634351,0.0552651506736,0.900699428492
339,0.0113786140027,0.0105866877745,0.0110023966281,0.0110599601355,0.0555205335029,0.900451807956
340,0.0113141919085,0.0105245028632,0.0109390163458,0.0109964180221,0.055465685794,0.900760185066
341,0.0104730157805,0.00973995874888,0.0101247261862,0.010178012069,0.0515833074228,0.907900979793
342,0.00983677680705,0.0091463009438,0.00950869999049,0.00955889133632,0.0486773385589,0.913271992363
343,0.0096171929817,0.00894022214522,0.00929551502299,0.00934472534824,0.0478144229745,0.914987921527
344,0.00972541395654,0.00903889590931,0.00939918117038,0.00944908618286,0.0485797487999,0.913807673981
345,0.00964253692586,0.00895995667766,0.00931815722811,0.00936777666825,0.0483921658855,0.914319406615
346,0.00985809403064,0.00915829999295,0.0095255152891,0.00957638676199,0.0497065117279,0.912175192197
347,0.00975099490279,0.00905687029799,0.009421092115,0.00947155213786,0.0481155082008,0.914183982346
348,0.00955441272317,0.00887238801326,0.00923024262458,0.00927982371127,0.0473634924025,0.915699640525
349,0.00957386303366,0.00888855263946,0.00924811300813,0.00929793363374,0.0476793694393,0.915312168246
350,0.00943938927028,0.00876183448395,0.00911730771714,0.00916656519833,0.0472270438642,0.916287859466
351,0.00955422591914,0.00886653565478,0.00922730809198,0.00927730309302,0.0480226304468,0.915051996794
352,0.00915925668735,0.00849818142694,0.0088449736624,0.00889303441107,0.0462502667042,0.918354287108
353,0.00918489490581,0.00852015056717,0.00886884988108,0.00891717803369,0.0465941909692,0.917914735643
354,0.00860429680139,0.00797986916444,0.00830740328281,0.00835280095468,0.0438507008913,0.922904928905
355,0.00850762616436,0.00788853026666,0.00821325123877,0.00825826189116,0.0424300258393,0.9247023046
356,0.00849388898076,0.00787411200481,0.00819917372731,0.0082442345104,0.0425542409253,0.924634349851
357,0.00844511659507,0.00782722769406,0.008151282725,0.00819620684759,0.0425023836818,0.924877782457
358,0.00843001889771,0.00781156724682,0.00813590096916,0.008180866619,0.0426194219968,0.924822224271
359,0.00778667763424,0.00721388364074,0.00751425795093,0.00755590454465,0.0395460009571,0.930383275272
360,0.00741821193544,0.00687105593747,0.00715797108188,0.00719775413445,0.0378460870252,0.933508919886
361,0.00725633887966,0.00671968807623,0.00700108028448,0.00704010004771,0.0371886722716,0.93479412044
362,0.00708172914697,0.00655659230271,0.00683193321577,0.0068701163207,0.0364589199273,0.936200709087
363,0.00699797390345,0.00647766516998,0.0067504607612,0.00678829332472,0.0361916326216,0.936793974219
364,0.00715584820752,0.00662238776163,0.00690206455224,0.00694085392702,0.0371764867349,0.935202358817
365,0.00711498177526,0.00658316270213,0.00686196482958,0.00690063538099,0.0371323459271,0.935406909385
366,0.0070038401477,0.00647894557924,0.00675410362932,0.00679227119251,0.036718606488,0.936252232963
367,0.00702137664137,0.00649378172548,0.00677034131047,0.00680870574958,0.0369780159449,0.935927778628
368,0.0070157141237,0.00648716001427,0.00676420834265,0.00680264305191,0.0371162925454,0.935813981922
369,0.00689217023241,0.00637156373917,0.00664443237965,0.00668228967825,0.036628578992,0.936780964978
370,0.00685110729544,0.00633225091254,0.00660418845933,0.00664191900583,0.0365760004144,0.936994533913
371,0.00676547372611,0.00617389312394,0.00652099247835,0.00655834896724,0.0362831534989,0.937698138205
372,0.00672490917091,0.00613535808951,0.00648124903498,0.00651847848337,0.0362296890882,0.937910316133
373,0.00674551978053,0.00615264006968,0.00650046620594,0.00653790697693,0.0365060609046,0.937557406062
374,0.00661287688505,0.00603016400127,0.00637200812125,0.00640880795414,0.0359510319441,0.938625111094
375,0.00642332694785,0.00585586844641,0.00618874673388,0.00622458428804,0.035079413331,0.940228060253
376,0.00642306634661,0.00585418292268,0.00618788008066,0.00622380870276,0.0352375797049,0.940073482242
377,0.00632209478274,0.00576072946077,0.00608999984803,0.00612545471727,0.0348414351406,0.940860286051
378,0.00635063006442,0.00578530006732,0.00611687904463,0.0061525853866,0.0351579235752,0.940436681862
379,0.00647099426996,0.0058934918425,0.00623219296342,0.00626866921179,0.0359872605104,0.939147391202
380,0.00649274898023,0.00591184285233,0.0062525228524,0.00628921518538,0.0362725221803,0.938781147949
381,0.00643232795234,0.00585537945182,0.00619372120035,0.00623016464611,0.0360984613307,0.939189945419
382,0.00609649933097,0.00554830073326,0.00586976619477,0.00590439466596,0.0343694365387,0.942211602536
383,0.00583981690998,0.00531338506697,0.00562207069261,0.00565532520321,0.0330721540988,0.944497248028
384,0.00539177742007,0.00490452115541,0.00519022069607,0.00522100142147,0.0306737290459,0.948618750261
385,0.00537879552598,0.00489150259805,0.00517720906648,0.00520799302992,0.0307390913838,0.948605408396
386,0.0052525027354,0.0047754701837,0.00505514659115,0.00508528327391,0.0301539109611,0.949677686255
387,0.00523331461805,0.00475684819658,0.00503617844493,0.00506628026347,0.030180440566,0.949726937911
388,0.00503119084531,0.00457199594034,0.00484118696663,0.00487019848741,0.029146800735,0.951538627025
389,0.00497852417842,0.00452301743947,0.00479003275487,0.00481881212199,0.0289729082291,0.951916705276
390,0.00493376017116,0.004481240717,0.00474649137329,0.00477508285637,0.0288430295334,0.952220395349
391,0.00487416217303,0.00442601427785,0.00468868908307,0.00471700520565,0.028624254503,0.952669874757
392,0.00492184136995,0.00446820453516,0.0047340830311,0.00476274682853,0.0290357595866,0.952077364649
393,0.0045281573246,0.00410978911057,0.00435498400646,0.00438142008814,0.0268348057964,0.955790843674
394,0.00451668044858,0.00409835894493,0.00434351395625,0.00436994787685,0.0268885686802,0.955782930093
395,0.00445504966719,0.00404143663401,0.00428381990399,0.00430995707573,0.0266423321845,0.956267404535
396,0.00440841053916,0.00399813866775,0.00423855169977,0.00426447851077,0.0264833603904,0.956607060192
397,0.00436217481187,0.00395522763479,0.00419368027769,0.00421939775588,0.0263248250742,0.956944694446
398,0.00430548185835,0.00390285825164,0.0040732078192,0.00416421044354,0.0261009047446,0.957453336883
399,0.00424660354525,0.0038485340182,0.00401694472021,0.0041069189005,0.0258610935814,0.957919905234
400,0.00394924726476,0.0035781664129,0.0037351478315,0.00381902268852,0.024159662531,0.960758753271
401,0.00385860911206,0.00349518036011,0.00364891365541,0.00373105972912,0.0237125736576,0.961553663486
402,0.00381866892736,0.00345814667917,0.00361063959613,0.00369212951329,0.023573891726,0.961846523558
403,0.00381281033746,0.00345198740374,0.00360459659129,0.00368615527625,0.0236448111352,0.961799639256
404,0.00379826312348,0.00343796652653,0.00359034220455,0.00367178272028,0.0236617610202,0.961839884405
405,0.00366600521557,0.00331743385463,0.00346484018513,0.00354363113363,0.0229417458835,0.963066343728
406,0.00358229843212,0.00324088450086,0.00338525372142,0.00346242756569,0.0225199031899,0.96380923259
407,0.00351494665137,0.00317916541841,0.00332114265908,0.00339704402348,0.0221970297356,0.964390671512
408,0.00344211151369,0.00311251835282,0.00325186914441,0.00332637246335,0.0218359671242,0.965031161402
409,0.00342883876236,0.00309974983286,0.00323887748511,0.00331326755464,0.021850728903,0.965068537462
410,0.00346025491764,0.00312737725633,0.00326809658947,0.00334334383454,0.0221512546538,0.964649672748
411,0.00337415786224,0.00304880868859,0.00318633562106,0.00325988176707,0.0216983646067,0.965432451454
412,0.00327494635134,0.00295843180605,0.00309221471976,0.00316376447312,0.0211561756842,0.966354466966
413,0.00303711629027,0.00274290894773,0.00286725425869,0.00293376200483,0.0197090533846,0.968709905114
414,0.00304334929408,0.00274785851474,0.00287273732859,0.0029395358592,0.0198393534558,0.968557165548
